22
16.302947998046875
H 5.254238758365605 5.669279416388518 3.8094407789075957 47.35194702148438 -75.6163330078125 29.03028259277344
C 4.70540242646368 5.999788930506375 2.9595661013257226 10.107425689697266 -74.04177856445312 -115.01300048828125
H 5.200015002779546 6.921349399063322 2.676266596757317 -44.52484130859375 28.242010498046877 -33.984762573242186
H 3.6973212528307657 6.0391894856011685 3.291208252712315 -67.53815307617188 80.23736572265625 28.378283691406253
C 4.660532929258226 4.976915548570064 1.8004936785163421 95.70455322265626 101.35804443359376 282.20847167968753
O 5.295031180696811 3.960938847931095 1.9316040179661704 44.003552246093754 -70.64385986328125 -45.46114807128907
N 3.8791687797519003 5.250398139020477 0.8091295216409189 -177.70778808593752 83.89437866210938 -189.35404052734376
H 3.3098749358969264 6.135062180773082 0.8419592457977954 97.96368408203125 -137.30423583984376 -6.0179992675781255
C 3.582709060346656 4.272547053180393 -0.2899611934913537 -350.27885742187505 85.99020385742188 160.98466796875002
H 3.2815753186804737 3.325430312144557 0.2587626704554773 130.724560546875 39.78212585449219 -118.48355712890626
C 2.181311841952353 4.741951400316328 -0.862563772717996 67.85692749023438 -158.95671386718752 125.10493164062501
H 2.1291653643338897 5.80941992227178 -0.9729189264023326 -6.649056243896485 46.011450195312506 0.6647113800048828
H 1.993871987064351 4.274816993856725 -1.816806531826272 -0.7774152755737305 -10.762176513671875 -33.785055541992186
H 1.4091390740890783 4.320971730630667 -0.16026701760909684 45.27854614257813 79.81615600585938 -60.82467041015625
C 4.632643691248494 4.171842434718092 -1.387679760010854 -25.62598571777344 8.127000427246093 -64.82255249023437
O 4.405206683678871 3.7802675992605197 -2.5376186997641934 -38.296441650390626 -45.97474670410156 54.42533569335938
N 5.7581524384581595 4.780540154228337 -1.1345824407951621 351.39291992187503 17.968298339843752 -29.702127075195314
H 5.990676050525197 5.223829728416181 -0.249065913544229 -102.36550292968751 -51.597119140625004 10.887670135498048
C 6.910060601763073 4.836802914554694 -2.069006455328214 21.91248016357422 -82.57368164062501 -20.71321716308594
H 6.751243045395423 5.769398372053213 -2.6015370018444 49.51932067871094 -3.3588809967041016 -52.0576171875
H 7.876792563216468 4.810798846873119 -1.5545703648493425 -32.78981323242188 57.41865844726563 37.024462890625
H 7.0946029627395255 3.9429667824556693 -2.7354587105997368 -115.262060546875 81.98382568359375 41.51090698242188
22
14.791656494140625
H 5.258884399274524 5.666565565159013 3.8098548286457468 43.485903930664065 -72.65556030273437 22.99155731201172
C 4.704568427618004 5.999888556347287 2.961312201244305 -10.61562728881836 -89.60165405273438 -101.25606689453126
H 5.204200297330895 6.919008126441732 2.6812229474284397 -47.283486938476564 31.916259765625 -34.92457580566406
H 3.6887708363658978 6.0322202185756435 3.3057043963633075 -38.67600708007813 81.11858520507813 16.178318786621094
C 4.661464656009565 4.9741590232177995 1.800296191060292 80.41643676757813 127.4329833984375 280.5347412109375
O 5.292578038077371 3.9610149003597197 1.9316552997744556 54.738745117187506 -86.95914916992189 -42.76339111328125
N 3.8821202372152803 5.249761845406579 0.806196913755619 -149.6054443359375 39.75171813964844 -183.57269287109375
H 3.3136521015711735 6.116994221464371 0.8428722076510985 71.27256469726562 -90.11270751953126 -4.552951812744141
C 3.584013299779087 4.272976512457747 -0.2917653882371203 -362.3714599609375 81.79959106445312 171.84389648437502
H 3.280808122737729 3.3308972532764978 0.2636607911197211 132.88671875 34.75833740234375 -121.88603515625
C 2.1823588873971085 4.738418826355594 -0.861464245633754 97.98108520507813 -70.58770751953125 58.87522583007813
H 2.121252238054483 5.821592510496881 -0.9678145642253395 1.4817122459411622 1.9169282913208008 4.575659561157226
H 1.9835446796233054 4.283017113047073 -1.822302086156402 6.802359008789063 -12.44639358520508 -25.51368560791016
H 1.4195688178823556 4.338761680626728 -0.180911741178163 -2.6433135986328127 43.47020263671875 -8.969757080078125
C 4.6282535780012735 4.172685866659136 -1.3879442977331011 -7.192038726806641 11.513943481445313 -58.82257080078125
O 4.407266537600845 3.7832638361094895 -2.537354396525473 -46.74282531738282 -50.72510375976563 45.22362976074219
N 5.752918819607703 4.781637330015458 -1.133276756661576 398.2171875 43.58955688476563 -1.7329370498657228
H 5.999554479830725 5.237391198281846 -0.24062460466898525 -124.44881591796876 -77.56597900390625 -31.24683837890625
C 6.914830668826184 4.8328685127024364 -2.0683524017731267 -21.30279541015625 -42.69876403808594 -4.348070907592773
H 6.751070534614047 5.760846387984623 -2.605111864352713 48.331591796875 0.24110202789306642 -51.960546875000006
H 7.877423161832446 4.82353316461911 -1.560651295143075 -16.811570739746095 51.52586059570313 48.13811950683594
H 7.094294239117156 3.9574092095340063 -2.7356441937494242 -107.92092285156251 44.31797485351563 23.18897399902344
22
16.933807373046875
H 5.2648409148164035 5.661992657995819 3.810727479150838 36.88521728515625 -67.23992309570313 13.61072235107422
C 4.703781478682425 5.999845408480413 2.962948196165907 -29.736798095703126 -102.81705322265626 -82.27525024414064
H 5.207512032873679 6.9177775866777 2.685212086564175 -50.09342956542969 32.87490234375 -34.85416259765625
H 3.679725732792218 6.027499396346316 3.3204478520283907 -7.6586853027343755 80.82567749023438 2.7378822326660157
C 4.662724631168931 4.971546440548859 1.8006470056087798 61.97322387695313 152.561279296875 273.34990234375
O 5.290161168777229 3.9609655370059023 1.9316764991254103 65.62252807617188 -102.96614990234376 -39.444042968750004
N 3.884902675964459 5.249250019421848 0.8030257865630432 -113.8429443359375 -11.625344848632814 -173.82730712890626
H 3.3188405225880486 6.096878519132107 0.8440077889280044 38.57244567871094 -35.664312744140624 -2.7015682220458985
C 3.584646887801121 4.273556705082907 -0.29322325683271866 -366.30937500000005 82.44239501953126 174.59432373046877
H 3.283229252223056 3.337509338256226 0.2656882615446201 130.85438232421876 23.285267639160157 -119.63380126953126
C 2.1835816817445224 4.734695407220594 -0.8603014253043927 126.28564453125 18.34431610107422 -10.07480239868164
H 2.113492415648557 5.83387367673752 -0.9625836388017862 10.514283752441408 -43.14349975585938 8.108761596679688
H 1.9737461509459029 4.291346082586599 -1.828636461357328 14.989672851562501 -13.530023193359376 -15.085101318359376
H 1.430011803405609 4.357528320103652 -0.20211824388519206 -52.230377197265625 7.281848907470703 43.58958129882813
C 4.623844514005367 4.173406475776178 -1.3884425234849915 12.581228637695313 17.69468994140625 -49.86497192382813
O 4.4092846187550405 3.7863175973069048 -2.537010311026408 -55.25531616210938 -55.9551025390625 34.55338134765625
N 5.7483434992750855 4.782870024542952 -1.1319319301889368 437.05302734375005 64.98551025390626 21.048313903808594
H 6.006104661512728 5.24955267165729 -0.2328414413399309 -143.31707763671875 -100.446142578125 -68.19876098632812
C 6.919638216770185 4.82884463147588 -2.0676196784632497 -64.11185913085937 1.3476679801940918 14.693534851074219
H 6.7519785748204555 5.752153017535068 -2.6097927873032334 46.43091430664063 2.844952201843262 -50.65731506347657
H 7.877553571588081 4.837635065701642 -1.5660293677968784 -0.5080380439758301 45.20461120605469 58.255609130859376
H 7.091496750684404 3.972822485957959 -2.735053941659899 -98.69866333007813 3.694427490234375 2.0750673294067385
22
22.67437744140625
H 5.271689422963956 5.6557203908075095 3.8115316072925394 28.3462158203125 -59.934722900390625 2.2584739685058595
C 4.7029617013287766 5.999673025152998 2.9644302596209537 -47.65405883789063 -113.16146240234376 -59.340612792968756
H 5.209765429141918 6.9176074437544965 2.6884083791096187 -52.74509887695313 31.487045288085938 -34.06589050292969
H 3.670363055360744 6.025097453227336 3.335147206516229 24.58458709716797 79.28323364257812 -11.574974060058594
C 4.663959668730574 4.9692145171459146 1.8015378672428142 41.94304504394532 174.971435546875 260.661572265625
O 5.287736336505292 3.9607645239376725 1.9316302285036575 75.84841308593751 -117.52496337890625 -35.594171142578126
N 3.887433854092617 5.248795575999513 0.7994679685862567 -73.02313232421875 -65.99271850585937 -160.08072509765626
H 3.324676711698922 6.075585800171047 0.8452011208502925 2.023405075073242 22.392893981933597 -0.4739379405975342
C 3.58455668539354 4.27429293887983 -0.2944344602497431 -362.02263183593755 87.8652099609375 169.34233398437502
H 3.288548390263828 3.3453537419934936 0.26482653046855126 124.808349609375 5.334438705444336 -111.76751708984375
C 2.185138052675198 4.730942502690192 -0.8592252160882736 147.16948242187502 101.42222290039064 -76.58656005859375
H 2.105920840706122 5.8451628141931735 -0.9572687202491681 20.346420288085938 -85.596044921875 10.927278900146485
H 1.9642390461668646 4.299796114576243 -1.8357417829625589 23.952381896972657 -14.103578186035158 -2.6489625930786134
H 1.4390001320166288 4.376461481853012 -0.22222818373260922 -98.32299194335938 -25.855010986328125 92.17507934570312
C 4.619347976872621 4.174020292844167 -1.3891685826023736 33.81542053222656 26.507586669921878 -38.294271850585936
O 4.411145392056224 3.789324116193626 -2.536588574069741 -63.718316650390626 -61.555944824218756 22.6278076171875
N 5.744372321226393 4.7843004846697 -1.1305574580346862 465.68798828125 79.60056762695314 34.19777221679688
H 6.0097060998808605 5.25971242091685 -0.22685706961494825 -157.30506591796876 -117.72679443359375 -95.59528808593751
C 6.924202294068617 4.824840949364573 -2.066900907146723 -103.40133056640626 46.716226196289064 35.402093505859376
H 6.753873532279782 5.743513141097338 -2.615757995787031 43.92060852050781 4.335174942016602 -47.85699462890625
H 7.877491807615153 4.852672496811508 -1.5700844077030138 14.010301208496095 38.507058715820314 65.96015625
H 7.086095201092687 3.9884299875242757 -2.734676441262912 -88.26397705078125 -36.971856689453126 -19.672666931152346
22
30.72430419921875
H 5.279183966248414 5.647840239190447 3.8125228964157376 18.102816772460937 -50.90629272460938 -10.914097595214844
C 4.702120090584091 5.99916512882781 2.9658661579159835 -62.114819335937504 -119.95616455078125 -33.534671020507815
H 5.2106521166744 6.918490489140932 2.690863890800341 -55.2197509765625 27.621878051757815 -32.5683837890625
H 3.6615827796965936 6.0247361350182675 3.3495077580584365 55.36224975585938 76.43049926757813 -25.848794555664064
C 4.665142498018523 4.9671602034853555 1.8029823154912485 21.79914245605469 192.96550292968752 243.27666015625002
O 5.285453720471586 3.960249681097543 1.9315839731261177 84.8116455078125 -129.7292236328125 -31.348196411132815
N 3.889909020074746 5.248200786485374 0.7956224311797006 -30.802859497070315 -118.14024658203125 -142.73892822265626
H 3.3308151183564534 6.054323915034563 0.8463977993030058 -35.515298461914064 79.55104980468751 2.044664001464844
C 3.5838697803515194 4.275214535494056 -0.2953618498336058 -350.116357421875 96.22651367187501 156.63992919921876
H 3.2971889615026155 3.353628840133487 0.2610590840154471 114.98989257812501 -17.403672790527345 -98.93046264648439
C 2.1870791844059956 4.7273463606208255 -0.8583040731758707 158.435888671875 173.58004150390627 -136.03363037109375
H 2.0990482249596383 5.854514739075433 -0.9520948306426041 30.367227172851564 -122.2125 12.866976928710939
H 1.9551694473387629 4.308145504561918 -1.8429574726157572 33.44961853027344 -14.55247039794922 10.399018859863283
H 1.445731419967262 4.394585126620995 -0.24030767178775309 -137.625146484375 -53.9965087890625 134.0056396484375
C 4.614841832135891 4.174475203195685 -1.3899289011778413 56.452789306640625 37.92205810546875 -25.174087524414062
O 4.41290022853178 3.7922872343941054 -2.536091386371109 -71.9830078125 -67.30792846679688 10.207269287109376
N 5.74102926768737 4.78594217544793 -1.1290387492726097 483.43852539062505 85.50206909179688 33.93329772949219
H 6.010441997025685 5.267393749627506 -0.22372761884400422 -165.51088867187502 -127.2956298828125 -109.4709228515625
C 6.928569736366653 4.821015039401708 -2.0659878896438784 -137.00554199218752 89.659228515625 55.988128662109375
H 6.756843864470961 5.734683327099837 -2.6231006325179775 40.81045227050782 5.274994659423829 -43.644692993164064
H 7.877860930165385 4.868447469282416 -1.5724751900153886 25.24088592529297 31.46426696777344 70.56734008789063
H 7.078601469688559 4.003340088529457 -2.7350146157707735 -77.36745605468751 -74.69746704101563 -39.72203369140625
22
38.90374755859375
H 5.287258346739611 5.638746387788825 3.8134569511193517 6.6337219238281255 -40.53591613769532 -24.972283935546876
C 4.701245378381689 5.99839508425357 2.9673535118184096 -71.94180908203126 -123.8734619140625 -6.9455207824707035
H 5.20996479274379 6.920123369389434 2.6925043836711176 -57.1567626953125 22.26706237792969 -30.559356689453125
H 3.6539658707653837 6.026227906247469 3.3629666175821966 82.59081420898438 72.35565185546875 -39.05955505371094
C 4.6663651129524535 4.965541535762508 1.8048732408409895 2.1872894287109377 205.8246826171875 222.10991210937502
O 5.283470677123305 3.959512353992552 1.931541049342208 92.27988891601564 -139.1741455078125 -26.857986450195312
N 3.892363702236079 5.2474428557322845 0.7915614063676635 8.998383331298829 -162.61793212890626 -121.87873535156251
H 3.336625258427384 6.034732072903903 0.8478047814746547 -70.49722900390626 130.55172119140624 4.396217346191406
C 3.5826273140514346 4.276322446070093 -0.29600059401825224 -332.11166992187503 105.46395263671876 137.8874755859375
H 3.308648718907754 3.361526866012638 0.25494927123439204 102.48291015625 -42.39833984375 -82.76173706054688
C 2.1893090561833852 4.724117099440839 -0.8576469659466707 157.43228759765626 228.61259765625002 -183.8967041015625
H 2.0930064143579097 5.860595006800809 -0.9469696659250073 40.00604858398438 -148.55 13.563841247558594
H 1.9465637931611282 4.316186170865853 -1.849954263025052 43.20683898925782 -14.980569458007814 23.295071411132813
H 1.449008566893246 4.411395038445322 -0.25514376837552427 -166.1767333984375 -75.58182373046876 165.91658935546877
C 4.610396019175048 4.174842437958029 -1.3907595553408476 80.29912109375 51.721368408203126 -10.534571075439453
O 4.4146413619457885 3.7952158790515274 -2.5355814704225947 -80.06611938476563 -73.14334716796876 -2.5408056259155276
N 5.738384679740662 4.787795071535379 -1.127380439376316 489.69599609375 82.66426391601563 20.73961639404297
H 6.008230454156576 5.272849058910469 -0.22351338062066606 -167.72125244140625 -129.0903564453125 -109.96822509765626
C 6.932572071153709 4.817364691257082 -2.064834134293092 -162.59053955078127 127.4930419921875 75.35595703125
H 6.76073300828525 5.725352781942888 -2.631628067041307 37.03700256347656 6.4413085937500005 -38.498721313476565
H 7.87904063655549 4.884961888687783 -1.5731264088261834 31.87137145996094 23.852394104003906 71.4757568359375
H 7.069079971301731 4.016788806444084 -2.7365776726917557 -66.45953979492188 -107.30216064453126 -56.26622314453125
22
44.404144287109375
H 5.295211063500204 5.628538173931527 3.8135828536558054 -4.8224029541015625 -29.498632812500002 -38.08662414550781
C 4.700182880481774 5.997393115309615 2.968797302056662 -75.84859008789063 -124.72650146484375 18.06610565185547
H 5.207875515182435 6.922247726818562 2.6933814864157197 -58.433404541015626 15.769824218750001 -28.181210327148438
H 3.6483177672611165 6.029762813584119 3.3753658483937548 103.79969482421876 67.07417602539063 -50.33890075683594
C 4.667508074085038 4.964240425282382 1.8072731310174133 -17.30531921386719 214.430029296875 197.053662109375
O 5.281593762800307 3.9585798336632494 1.9314337564894601 98.70720825195313 -146.57097167968752 -21.896405029296876
N 3.8948170056909337 5.246469403654981 0.7873677157961849 40.92872619628906 -192.98024902343752 -97.55793457031251
H 3.3407375099596903 6.018584571414446 0.8492409567565358 -97.82572631835939 168.92178955078126 6.25238380432129
C 3.580775432755281 4.27765046365316 -0.2963415155638154 -308.2837158203125 114.13946533203125 113.6239990234375
H 3.3225389090546464 3.368546836914375 0.2464889026966014 87.92573852539063 -68.2937744140625 -64.02706298828126
C 2.191816865207855 4.721356601174669 -0.8574784505910202 142.20823974609377 264.579248046875 -216.31364746093752
H 2.0878920342557032 5.863060591428686 -0.9414377126118628 48.783633422851565 -163.22050781250002 12.678614044189453
H 1.9386850686125379 4.3236299288189555 -1.8563766654461786 52.81732788085938 -15.508555603027345 34.71389465332032
H 1.4479522066630803 4.426350226293634 -0.2662925421370087 -181.06583251953126 -89.95805053710939 185.86013183593752
C 4.606098095853571 4.175063248034026 -1.3916639238666442 104.53510742187501 67.80946655273438 5.638975143432617
O 4.416305381058015 3.79810207870491 -2.5350531633705478 -87.80659790039063 -79.06414794921875 -15.655101013183595
N 5.736390656231761 4.789836142810861 -1.1256293302223384 484.300927734375 70.70631713867188 -5.406746673583985
H 6.002737124105277 5.275696121486443 -0.2261803125721636 -163.57731933593752 -122.61199951171875 -96.7718994140625
C 6.936088269238249 4.814081916431695 -2.06345139689963 -179.57567138671877 158.03284912109376 90.81483154296876
H 6.7652595107410205 5.716139578429348 -2.6411933725667995 32.9564208984375 6.981016540527344 -32.16099548339844
H 7.880966954920496 4.90202915896398 -1.5718740769458628 33.59294128417969 15.624298095703125 68.58406982421876
H 7.0579584592710045 4.027575209994963 -2.7397513199941748 -56.0113525390625 -131.6350830078125 -66.89014892578125
22
45.378814697265625
H 5.3031672390560605 5.617810083386601 3.8126742205974713 -15.654257202148438 -18.358811950683595 -49.20497131347656
C 4.6990208876122725 5.9962588474183685 2.9704073995051665 -72.34527587890625 -122.72679443359375 38.67275085449219
H 5.204170843790115 6.924805117827009 2.69342970923932 -58.85831909179688 8.658838653564453 -25.513714599609376
H 3.645504479220978 6.035166677781616 3.38612947014444 116.4451904296875 60.78739624023438 -58.2458984375
C 4.6685353300966845 4.963417790479749 1.8101612292197722 -35.346893310546875 217.43132324218752 168.97471923828127
O 5.279977825805941 3.9574737489260654 1.931225243765187 103.57086181640625 -151.02995605468752 -16.557945251464844
N 3.89739695889062 5.245215497367872 0.7830590537622424 62.004589843750004 -205.8017578125 -69.67364501953125
H 3.342578991919372 6.006572095895852 0.8510918154476805 -115.0679931640625 191.82294921875 6.966819000244141
C 3.5783911278582976 4.2792674667997925 -0.29650863906758873 -279.6214599609375 120.6386474609375 85.91704711914063
H 3.3386923483876836 3.374335027430772 0.2362302650770581 72.10844116210937 -93.3871826171875 -44.19102172851563
C 2.19459677257983 4.719189465965227 -0.8577108274119083 112.69241943359376 281.11154785156253 -231.6366943359375
H 2.084061175149658 5.861695941394418 -0.9356943838631548 56.18363647460938 -165.25374755859377 10.486408996582032
H 1.9318759931769218 4.330827905542797 -1.8617885243505459 61.678741455078125 -16.672505187988282 43.39690246582032
H 1.4424461126229167 4.439290450676754 -0.273205020269913 -181.10841064453126 -97.27741088867188 193.11119384765627
C 4.601967165173535 4.175230395563787 -1.3926212819701553 129.02446289062502 85.78042602539062 22.639939880371095
O 4.417918503674768 3.800947804803262 -2.534528844142039 -95.17503051757814 -84.9296142578125 -28.846011352539065
N 5.735043339816586 4.792030889749598 -1.123819002023645 468.636669921875 50.20803527832032 -43.55325012207032
H 5.994492379494183 5.275863635518821 -0.23151797355123835 -153.8401611328125 -108.30239257812501 -70.79283447265625
C 6.939192852957635 4.8112393285088215 -2.0619182321847167 -188.6649169921875 179.15288085937502 101.29031372070312
H 6.770371246908774 5.707029167695876 -2.65133077201756 28.641790771484377 7.574459838867188 -25.33529510498047
H 7.883557610902755 4.919542127872857 -1.5688238515011654 30.809283447265628 6.680747222900391 62.19881591796875
H 7.045633241467949 4.035089214083603 -2.744910603483874 -46.11338500976563 -146.107080078125 -70.10364379882813
22
41.289703369140625
H 5.310863650196729 5.606340115259193 3.8105785206962137 -25.53504333496094 -7.2411338806152346 -58.041455078125004
C 4.697796118092229 5.994927554899214 2.9721131997651016 -62.10996704101563 -118.678759765625 54.82643432617188
H 5.199031957542408 6.927393471342924 2.6929451903723853 -58.09275512695313 1.709718132019043 -22.819338989257815
H 3.6456269418749083 6.042199164777679 3.3953815929243882 120.5751708984375 53.65678100585938 -62.749688720703126
C 4.669478192116489 4.963052949603926 1.8134331497720724 -51.87018432617188 214.5763916015625 137.956494140625
O 5.278610979895705 3.956106006587226 1.9308489134600635 106.7989990234375 -152.38322753906252 -10.84988784790039
N 3.9000971295021003 5.243583274809634 0.7785703971326663 70.18199462890625 -198.75987548828127 -37.60554504394531
H 3.3416840378758215 5.999338654245885 0.8533009252739672 -120.04677734375001 197.01466064453126 5.95537223815918
C 3.5755222245634077 4.281018814534011 -0.2964691684818208 -247.7954833984375 122.61431884765625 56.26871948242188
H 3.3565014134343323 3.3779440001668415 0.22479758653568174 56.09591064453125 -114.97725830078126 -25.042674255371097
C 2.1975367911080683 4.717582134030181 -0.858336181181712 70.81372680664063 277.826416015625 -229.32133789062502
H 2.0818371723293607 5.85615983743417 -0.9299756548103444 61.55707397460938 -153.7425537109375 7.227163696289063
H 1.9266607109543699 4.3376143366966255 -1.8659670201849432 69.07531127929688 -18.622782897949218 48.55424194335938
H 1.4328787471387519 4.449770686579397 -0.2756701853283913 -166.53326416015625 -98.14511108398438 187.82545166015626
C 4.5979661371212375 4.175311276455957 -1.3936690453756937 154.06383056640627 105.51649169921876 40.63926696777344
O 4.41958239357323 3.8037601319182053 -2.5340128870688723 -102.39909057617189 -90.87504272460939 -42.38905639648438
N 5.734324147455543 4.7942752960266475 -1.1220115665745292 443.638330078125 22.64169158935547 -91.03263549804689
H 5.9834916804616505 5.273894905118395 -0.23906437761841626 -139.32266845703126 -87.47391967773439 -34.38444519042969
C 6.941927560922573 4.8087807251711965 -2.060208154720776 -190.88859863281252 191.0064697265625 105.940966796875
H 6.776011599698984 5.697975153215853 -2.6619747585811346 24.218794250488283 8.1016845703125 -18.128057861328127
H 7.886823922436587 4.937250712774235 -1.564339276636785 24.035003662109375 -3.0318193435668945 52.865228271484376
H 7.032027277641557 4.038982051752286 -2.7517378569074986 -36.46031494140625 -150.733154296875 -65.6952392578125
