22
28.38134765625
H 4.680956124893415 4.843926946462524 3.9369849609890823 61.452630615234376 -114.90498046875001 113.1920166015625
C 4.4020101753689715 5.3587122510371366 3.089460688030109 -160.94945068359377 -71.82337646484375 -205.51784667968752
H 5.039354945255237 6.144138186426242 2.8958644688827464 88.30639038085938 152.82426757812502 17.481834411621094
H 3.362311904425959 5.6644613010044855 3.174096820907926 7.490878295898438 32.357156372070314 38.73543090820313
C 4.4595608472428445 4.553528647488325 1.7960999668099618 89.9437255859375 -78.693408203125 -2.1642953872680666
O 5.218221142571955 3.578686056835254 1.6427960186430557 -62.972528076171876 77.26102905273439 64.6014404296875
N 3.709278600427136 5.033510790367812 0.8116880233073075 119.750341796875 -250.4910888671875 -117.225390625
H 3.048005605307471 5.634897318943323 1.0381225975501032 -175.13507080078125 232.75563964843752 105.69698486328126
C 3.4875140200413135 4.4836356504325705 -0.5395491360440905 -122.10360107421876 175.47691650390627 83.86665649414063
H 3.1334294238712945 3.4790338489494395 -0.4775306081160318 20.14110565185547 -78.80718994140625 13.53663787841797
C 2.279547433973583 5.318218314994311 -1.0788976804908121 419.680078125 -146.07198486328124 -238.68239746093752
H 2.747624300339095 6.24645891693656 -1.4079638805126407 -64.01593627929688 34.706851196289065 -5.781278991699219
H 1.953224409516946 4.724571865458087 -1.9252979741453742 -47.64596862792969 32.059576416015624 -30.76339111328125
H 1.556622393077516 5.433599737175717 -0.4341977799380156 -237.2952392578125 40.98416442871094 222.97902832031252
C 4.707574457649379 4.577653691063901 -1.4566448745709113 231.25371093750002 -192.91319580078127 200.10264892578127
O 4.585060951674793 4.692971671672454 -2.650811256586177 -23.185261535644532 62.781347656250006 -107.08095703125001
N 5.957253266124702 4.371931589887591 -0.889230690750145 -40.72117309570313 37.49150695800781 46.39070434570313
H 6.1690261796269645 4.032604488239129 0.0882868185131758 -167.91456298828126 40.07135620117188 -113.51760253906251
C 7.164440026020582 4.820025068434568 -1.5068157187815923 84.97697143554689 43.38153991699219 -49.227307128906254
H 6.979437139221956 5.761068459378348 -2.0250661358093653 -5.972337341308594 -4.243177032470704 -16.961244201660158
H 7.927898217737441 5.046102834781582 -0.7387035856730416 -22.87698669433594 -34.35447387695313 -30.939804077148438
H 7.50812452927955 4.067965093035411 -2.225647050090183 7.792290496826173 10.151509094238282 11.278094482421876
22
32.72119140625
H 4.671340927544879 4.845489655783039 3.9381313205667325 68.53875732421875 -118.45648193359375 118.0074951171875
C 4.401408913331838 5.357429109467534 3.0891127063601083 -149.89554443359376 -88.83052368164063 -207.06679687500002
H 5.036965131046434 6.137088516545681 2.889225602826888 96.52666015625 163.12236328125002 18.30804443359375
H 3.3709541791734647 5.6602291547973405 3.1820406576215943 -16.59288330078125 41.482861328125004 34.141326904296875
C 4.457003888553002 4.549185754839472 1.7973423327334237 80.79970092773438 -63.5756103515625 -12.817947387695312
O 5.217810932458943 3.5783530552606746 1.6416047965899538 -60.36076049804688 69.63104858398438 65.34320068359375
N 3.7102771848989446 5.035758951448113 0.8094734037875474 140.70577392578124 -277.444873046875 -104.22252197265625
H 3.052490010623254 5.629533240433408 1.0385173224293225 -193.48946533203127 248.8021240234375 110.3146728515625
C 3.48602865461976 4.4831225373788195 -0.5384639587114942 -97.36390380859376 163.17010498046875 60.32725219726563
H 3.1525388059831023 3.465829299780494 -0.490746865680453 12.230915069580078 -61.00963134765625 22.426853942871094
C 2.2786073137900935 5.31945829161247 -1.0800705031796298 435.51787109375005 -147.9742431640625 -243.285009765625
H 2.737297203040454 6.246975773230874 -1.4132787122340393 -52.939080810546876 40.02662048339844 -4.578741455078125
H 1.9633618498711214 4.736501182175164 -1.933792420581987 -59.476147460937504 22.48241424560547 -31.646725463867188
H 1.5686775184636728 5.445636382287012 -0.4322570469732076 -254.776611328125 39.02278442382813 230.3069580078125
C 4.712041340917706 4.576951240530156 -1.4555417927048122 195.08209228515625 -180.36405029296876 197.76579589843752
O 4.584598196378296 4.695844588849916 -2.648256327593969 -18.406251525878908 62.13880004882813 -110.50056152343751
N 5.957706275960265 4.375254261749356 -0.890223322556355 -30.062902832031252 5.140533828735352 105.30673828125
H 6.165056655819489 4.026857500652022 0.09774809789665322 -168.85704345703127 56.39075317382813 -154.69354248046875
C 7.162331853397057 4.817896789679963 -1.5055877798573258 111.54426269531251 51.37471923828125 -52.93097534179688
H 6.962125096268172 5.760177789892721 -2.0218310527456254 6.307119369506836 -8.412777709960938 -12.741842651367188
H 7.944002357311842 5.0258115306975455 -0.7435454498245604 -41.22359313964844 -26.276486206054688 -35.64291076660157
H 7.516783654277374 4.069564680876009 -2.223589270158816 -3.8089397430419925 9.559547424316406 7.879232025146485
22
31.498291015625
H 4.663354271110997 4.844389720972334 3.942139959809347 71.761279296875 -115.5184326171875 112.28082275390625
C 4.400459439405927 5.355982148397317 3.088317557974441 -128.17813720703126 -101.20136108398438 -198.12894287109376
H 5.0368513945196565 6.133802233192252 2.883164427823608 96.98565673828125 163.30534667968752 20.595281982421877
H 3.3791917023172124 5.656849411350725 3.1905807420340353 -39.487002563476565 49.597930908203125 29.358322143554688
C 4.4544711039235745 4.544729986864402 1.7986264657574356 71.23485107421875 -48.58896179199219 -25.720080566406253
O 5.217325006045586 3.578074670222783 1.6404145315595164 -57.190563964843754 61.34967651367188 66.3797119140625
N 3.71149041500396 5.037582952546042 0.8070240022167052 143.41160888671877 -285.7376708984375 -81.84010620117188
H 3.053207605185806 5.629003466777615 1.041787290483126 -193.91822509765626 247.816162109375 107.38288574218751
C 3.484358466650069 4.482933052273837 -0.5373125745490069 -70.63746948242188 142.9826171875 36.245111083984376
H 3.171961740640801 3.4512278361041604 -0.5037253398697925 5.154988861083985 -37.731396484375004 30.989443969726565
C 2.2784257718923158 5.320389571356924 -1.0814809325487609 430.62138671875005 -145.661962890625 -235.7029541015625
H 2.725477536297502 6.248510701602893 -1.4186752637388087 -41.05528869628907 44.18861999511719 -3.271441650390625
H 1.9722979551077602 4.749097067059552 -1.9433888138087076 -69.32411499023438 13.841815185546876 -30.609594726562502
H 1.5757151850397133 5.458432116814621 -0.42604067462515327 -256.3731201171875 34.338442993164065 223.487744140625
C 4.7168817171094 4.57611156017864 -1.4540506085676466 155.5070556640625 -166.75445556640625 190.98369140625002
O 4.584171264937562 4.698761220009468 -2.645901690815883 -12.778729248046876 61.053466796875 -110.89990234375
N 5.958073881639931 4.378508381320555 -0.8910014166452218 -21.665045166015627 -22.75116882324219 151.00035400390627
H 6.158172203219862 4.022423220596155 0.10400484621832873 -165.18165283203126 68.39248657226562 -182.47393798828125
C 7.1604240740468095 4.815898625683819 -1.5043915329225375 134.997900390625 58.440850830078126 -58.01279907226563
H 6.945008199075953 5.759309350914789 -2.0190380523228963 19.137713623046874 -12.959344482421876 -8.19974365234375
H 7.959449128854091 5.004831028607278 -0.7494165285157792 -57.75609130859375 -17.102352905273438 -38.11437072753906
H 7.525386037333217 4.071384019199747 -2.2215353808140472 -15.266976928710939 8.699715423583985 4.270469284057618
22
24.47296142578125
H 4.657284262507818 4.840524437605229 3.9492277339122728 71.02998046875 -105.76878662109375 95.35709228515626
C 4.3992519585944265 5.354380735060901 3.0871010622308908 -98.57624511718751 -108.423583984375 -178.38011474609377
H 5.039173674446397 6.1342489353597385 2.8774837939341906 89.59327392578126 153.35977783203126 24.528668212890626
H 3.3860715835347266 5.654724727533697 3.199629939274349 -58.164276123046875 55.74078369140625 24.219148254394533
C 4.452138320894744 4.5401636981655 1.7998279846060405 60.24931640625 -32.56920471191406 -40.17088623046875
O 5.216785380023107 3.577941725671221 1.6392276545971445 -52.915435791015625 51.78765869140625 67.4205322265625
N 3.712861174436161 5.03907310462235 0.8043371035781982 128.52275390625002 -276.15859375 -50.492504882812504
H 3.0500314265049666 5.633261429350394 1.0476554746307243 -176.54241943359375 230.25417480468752 96.90474853515626
C 3.4826073674276374 4.483013590370354 -0.5361598589742435 -42.80204467773438 115.720947265625 11.999895477294922
H 3.191431964957663 3.435543245764523 -0.5159070533782137 -1.2290267944335938 -9.527027130126953 38.981579589843754
C 2.278987283109503 5.321048848957071 -1.0832750601620718 405.793212890625 -137.9690185546875 -215.82792968750002
H 2.71261906949209 6.251445901984445 -1.4241540005032487 -29.096112060546876 46.06697998046875 -1.562583065032959
H 1.979526978208494 4.762137377796472 -1.9540330096138319 -76.80228881835939 6.396637725830079 -27.482952880859376
H 1.5778928478398366 5.471981217374963 -0.41538547601442644 -242.20158691406252 26.521694946289063 202.18631591796876
C 4.721931461494365 4.5750854078728285 -1.452308503238451 113.98089599609375 -152.5160888671875 181.30975341796875
O 4.583803293721164 4.701644428801187 -2.643668982570859 -6.569346618652344 59.60752563476563 -109.3686279296875
N 5.9583176447142705 4.381624080328665 -0.8915023428492652 -15.916247558593751 -44.854312133789065 180.51652832031252
H 6.14852582003941 4.019388783174204 0.10639935047346909 -156.96109619140626 75.0868896484375 -194.54312744140626
C 7.158763681236811 4.813982170152002 -1.5032202086237667 153.5779541015625 63.27601928710938 -64.51368408203125
H 6.928208669917004 5.758003205515092 -2.016514068751321 32.2323486328125 -16.807879638671874 -4.009303283691406
H 7.9734650801346785 4.983516506656233 -0.7563534583393056 -71.0087158203125 -6.9382171630859375 -37.60251159667969
H 7.533474620246596 4.073112822216934 -2.2194806781658176 -26.194879150390626 7.713624572753907 0.5299751281738282
22
34.160797119140625
H 4.806254124609757 4.5613055504857165 3.8428971768009057 -107.37694091796875 105.69659423828125 -78.33943481445313
C 4.370827325337978 5.274248876915136 3.058612261614368 135.051416015625 2.7055713653564455 162.6138427734375
H 5.094464474125353 6.152462667747041 3.055845802861639 -91.08568725585938 -107.97232666015626 -46.59126281738281
H 3.35026854666248 5.66127788565794 3.263055295818034 52.62837524414063 -46.78843994140625 16.920652770996096
C 4.381228769865717 4.481963656229104 1.7809391991625076 205.6256103515625 -21.8388916015625 51.25525512695313
O 5.180033488695416 3.536223433282446 1.6257161980344232 -124.654296875 38.514031982421876 47.55257568359375
N 3.6973417845043857 5.027338679419576 0.8219216019851414 -39.18553466796875 19.855702209472657 -170.60626220703125
H 3.317736951253352 5.935787931906168 0.9684574523757938 -25.492832946777344 24.672171020507815 37.677389526367186
C 3.527917253398746 4.514328213883268 -0.5480616211921938 -341.3311279296875 51.17291870117188 94.42127685546876
H 3.101023891777237 3.5254872722993094 -0.3949497084214051 65.18726806640625 -44.51691589355469 -50.813226318359376
C 2.3350929397279314 5.337427069112816 -1.1654927251168963 -234.84343261718752 -113.47004394531251 284.72451171875
H 2.721861264693657 6.358353025309516 -1.321796731034627 -64.75783691406251 -16.325398254394532 -36.28463439941407
H 1.8307869443690632 4.823173407292643 -2.0185312420353125 105.22105712890625 54.675592041015626 0.37756004333496096
H 1.4113407643175613 5.290996009341101 -0.38937938913758907 272.53696289062503 58.18056030273438 -188.83695068359376
C 4.71833162624352 4.549827813446518 -1.4382142640466276 226.6652587890625 -51.481048583984375 209.35185546875002
O 4.606496995081677 4.814828824635805 -2.597801934562462 2.2067995071411133 27.576461791992188 -170.5269287109375
N 5.929712723824557 4.435904912337368 -0.8232003214760304 190.32852783203126 44.719119262695315 -130.3808837890625
H 6.070918643149579 4.005996325163857 0.12295714305723521 -106.021337890625 64.76959228515625 -94.26456909179689
C 7.223856003006964 4.779114968115007 -1.531656561557583 -195.3510498046875 43.039178466796876 47.92516174316407
H 7.310753483125119 5.800010296745473 -1.941413219838683 -80.4013427734375 -27.530010986328126 8.531707763671875
H 7.993914828546956 4.817414609765286 -0.781309059104341 67.25525512695313 -83.92265625 -4.562419891357422
H 7.255405645473703 4.097350866507592 -2.3800411974625297 87.79487304687501 -21.73175048828125 9.854766082763673
22
36.587188720703125
H 4.798506919761315 4.561437945008984 3.8424223707347194 -96.57387084960938 93.98947143554688 -69.35925903320313
C 4.371936052824193 5.270583532757531 3.0589859765513348 99.52505493164062 12.07181167602539 159.96619873046876
H 5.094709894640818 6.144244766367643 3.0522784539607732 -86.16893310546875 -97.25011596679688 -42.8642822265625
H 3.3415124247241645 5.650993342978955 3.266449361424577 73.72667846679688 -48.449649047851565 11.158558654785157
C 4.382800442501245 4.483001406694093 1.7817557564661932 193.87738037109375 -25.392921447753906 37.55286560058594
O 5.177356630690072 3.5341308654534687 1.6254171986862174 -122.35701904296876 39.42110290527344 47.98255310058594
N 3.6940688640132446 5.028794040695476 0.8224376276463345 10.366748046875001 -75.40000610351562 -177.10853271484376
H 3.3399316748860675 5.919001059962323 0.9593954646490233 -64.25089111328126 116.23304443359376 53.86131591796875
C 3.52591963339719 4.515232622090747 -0.5470615278410182 -324.937451171875 91.76598510742188 84.61596069335938
H 3.0970087466462726 3.5438228644755885 -0.39801303264548255 52.20029907226563 -87.47100830078125 -44.53294677734375
C 2.335477448541038 5.336972039181043 -1.1662549965201165 -208.06459960937502 -111.08883056640626 267.2624755859375
H 2.7249596224226598 6.360809545551557 -1.3181638049463191 -69.09039916992188 -23.825546264648438 -37.32325744628906
H 1.843000774921426 4.814741296876355 -2.0217677430203103 101.16029663085938 60.625396728515625 1.0323562622070312
H 1.4189312171737143 5.285643534371152 -0.39644892886140787 250.10490722656252 60.050085449218756 -173.394287109375
C 4.7166401148608985 4.54908338344096 -1.4395389558442304 232.6435546875 -51.65494995117188 223.560791015625
O 4.608370661579009 4.818948286989128 -2.597640116687501 -0.8259385108947754 27.214282226562503 -173.768017578125
N 5.9292622208964865 4.437960190220987 -0.8227294748269862 210.4707763671875 27.093060302734376 -91.49323730468751
H 6.08774641499987 4.005159848404402 0.13463597190202659 -126.37034912109375 82.48528442382813 -137.123974609375
C 7.224937279444137 4.778089578083678 -1.5322631668252071 -198.45828857421876 34.02646484375 49.39427490234375
H 7.325673689662104 5.794589052215863 -1.9361895039179935 -84.66810302734376 -12.628589630126953 3.3052154541015626
H 7.995985248970125 4.810774830542339 -0.7865153939786707 71.00076904296876 -85.81232910156251 1.6687873840332033
H 7.254192427076336 4.101687036673876 -2.382475953010729 86.68937377929689 -26.002056884765626 5.606412506103516
22
37.177978515625
H 4.788969765438363 4.5642781099399095 3.8405079626371363 -81.43767700195313 75.7685302734375 -53.42572631835938
C 4.3733618931327864 5.266946960336502 3.0597615087914454 59.68292846679688 18.081884765625002 148.0090576171875
H 5.093016330732043 6.133693289225778 3.0475627634329028 -75.45438232421876 -79.42672729492188 -38.452142333984376
H 3.33491564079494 5.6391695866838205 3.2702761538542124 89.33869628906251 -47.341738891601565 6.110858154296875
C 4.384811518569784 4.483992405991799 1.7826588286775624 179.45958251953127 -27.505175781250003 23.228648376464847
O 5.174570399286257 3.5320937356745326 1.6252564907543174 -118.651123046875 39.04082946777344 48.084082031250006
N 3.6908096176160656 5.030143644631715 0.8227024427963592 53.059790039062506 -159.45728759765626 -176.57731933593752
H 3.3607409331938145 5.905051757734783 0.9518513796639752 -95.39634399414064 196.55098876953127 66.26419067382812
C 3.5234869397735573 4.516329906238178 -0.54584715271403 -305.36123046875 127.30976562500001 73.11193237304688
H 3.0944061708923187 3.5600917783701203 -0.40210444935613926 38.97352905273438 -126.3207275390625 -37.82056579589844
C 2.3354443071727955 5.33638890680626 -1.1665130224090552 -163.06557617187502 -107.0426025390625 236.0303466796875
H 2.726275832892717 6.362316088591278 -1.3150604435815891 -71.46952514648437 -28.79827880859375 -38.044812011718754
H 1.8575853081671867 4.80760039223338 -2.025036077432192 94.51372680664063 64.24872436523438 -0.07676010131835938
H 1.4327461463752842 5.2817251780921035 -0.4079258657852725 209.2111328125 59.96314086914063 -143.39144287109374
C 4.715347864581729 4.548188337935674 -1.4405497085452303 235.6531982421875 -49.77350463867188 234.7307861328125
O 4.6102958751185765 4.82317305902025 -2.5975755714707915 -3.268829727172852 26.200363159179688 -174.64595947265627
N 5.929077442111209 4.440084140155402 -0.8221938340406171 226.682080078125 13.194293212890626 -61.510534667968756
H 6.102737139393297 4.0061979970597426 0.1437051025442222 -144.30772705078127 95.19283447265626 -169.26210937500002
C 7.225492482019131 4.77709665440041 -1.5326310258201232 -195.23704833984377 23.224925231933597 50.976477050781256
H 7.338672916152149 5.789066349260318 -1.9306992434146621 -87.95429077148438 2.601189994812012 -1.5700188636779786
H 7.999856979762421 4.802317727621263 -0.7920511890681413 71.19959716796875 -86.59442138671875 5.934809494018555
H 7.254721599008502 4.105800909428993 -2.3849482869542484 83.82947998046876 -29.1170166015625 2.2962066650390627
22
35.506103515625
H 4.777836341006617 4.5691463201643705 3.8374398106437058 -63.172399902343756 52.830535888671875 -32.201296997070315
C 4.3749461078740435 5.263419008028806 3.060736841469305 17.065754699707032 19.60243072509766 128.48687744140625
H 5.089244051320195 6.121239848136215 3.0419481815030283 -59.34295654296875 -55.224786376953126 -33.67742614746094
H 3.3303101530502555 5.62593870772401 3.273906692209583 99.33289184570313 -43.5869140625 2.0172187805175783
C 4.387105366306441 4.4848791462127515 1.7834737673528014 162.70726318359377 -28.02138671875 8.488425445556642
O 5.171601945781632 3.5301981854663724 1.6251043239172756 -113.4147216796875 37.084249877929686 47.82542114257813
N 3.6875654592479568 5.031290122871167 0.8225265385738145 86.57664184570314 -224.59084472656252 -168.24630126953127
H 3.3794316468245174 5.8957512251369835 0.9463047014105798 -116.90889892578126 258.151806640625 73.8936767578125
C 3.5205399701378672 4.517604290144811 -0.5446466202773335 -284.9752685546875 154.68516845703127 60.881689453125006
H 3.0920505835198275 3.5733339372558097 -0.4070480758183492 27.42397155761719 -157.86672363281252 -31.319607543945313
C 2.3348397426099705 5.3356812481484175 -1.1664476963140706 -102.53970947265626 -101.06740112304688 194.16972656250002
H 2.7256246541527163 6.362781600094487 -1.3123385156562393 -71.76405639648438 -30.84012145996094 -38.56508483886719
H 1.8746156146975337 4.802088746878361 -2.0284098468409044 85.03872680664062 65.12722778320312 -3.5409595489501955
H 1.4514222064652007 5.279354626105503 -0.42327672527965365 152.901806640625 57.764312744140625 -101.2977294921875
C 4.714294162091478 4.547143296098449 -1.4413747436104754 236.74992675781252 -46.02730712890625 243.0250244140625
O 4.612130754380131 4.827481206961988 -2.597735308108138 -5.127746200561524 24.534237670898438 -173.204345703125
N 5.929196884308544 4.4422317598614605 -0.8216606499001566 236.940625 4.4979248046875 -44.16841430664063
H 6.115563293653614 4.009152224076494 0.14912242336678083 -158.744580078125 101.59614257812501 -187.36263427734377
C 7.225493599469952 4.776155894703423 -1.5328668591547456 -185.56975097656252 9.9920166015625 51.57830810546875
H 7.349634624695112 5.7835527944224605 -1.9254611213781516 -90.28057861328125 17.657876586914064 -5.848231506347656
H 8.00523763584264 4.7920131718472465 -0.797700001293931 67.79535522460938 -86.14208984375 7.980171966552735
H 7.256756913731852 4.10901057638654 -2.3876920240100343 79.30769042968751 -30.156350708007814 1.085508441925049
22
31.551300048828125
H 4.765603689302294 4.575599733146112 3.8339762733189895 -43.08864135742188 26.686508178710938 -7.3304077148437505
C 4.376533421244778 5.259921077196301 3.0620649483864684 -23.139895629882815 17.156721496582033 102.55471191406251
H 5.084186372791695 6.107318743790192 3.0355243056988055 -39.770092773437504 -26.795632934570314 -28.577883911132815
H 3.3283057218036 5.611739576063117 3.277113153782096 101.98842163085938 -37.01626281738282 -0.6751667022705079
C 4.389788277719633 4.485672292039672 1.7842800096499654 143.5724853515625 -27.381100463867188 -6.502430725097657
O 5.168517123825399 3.528302756008605 1.6250232053977176 -106.86353759765626 33.941409301757815 47.36462097167969
N 3.684381465586317 5.032195872574821 0.822037328628149 110.32720947265625 -265.70493164062503 -152.125732421875
H 3.3955063317293233 5.8922978169367335 0.9426741299602414 -128.19908447265627 296.16103515625 76.73967895507813
C 3.517182039364744 4.519098827719209 -0.5432726630021671 -264.0394287109375 171.87666015625 47.95893249511719
H 3.0902008736075666 3.5829311437660283 -0.41244917775582546 18.145298767089844 -180.62148437500002 -25.23902282714844
C 2.3340148364906774 5.334789118580917 -1.1659384065380025 -32.32371826171875 -93.07925415039062 144.71977539062502
H 2.7233214764300846 6.36234424094453 -1.3101392782720533 -70.16885375976562 -30.481857299804688 -38.69491882324219
H 1.893539715275148 4.798112327733105 -2.031678182230406 73.548876953125 63.601593017578125 -8.612414550781251
H 1.4737838464604898 5.278369399649319 -0.4408515603808115 85.81952514648438 53.79285278320313 -51.087683105468756
C 4.713511858825107 4.545950247439241 -1.4417984050386856 236.0474853515625 -40.23907165527344 247.82756347656252
O 4.614060428642431 4.831895848355018 -2.598038504198939 -6.46536865234375 22.069567871093753 -168.880322265625
N 5.929607652490373 4.444347157945513 -0.8209530256845198 241.7406005859375 1.985793685913086 -42.222320556640625
H 6.126400942760792 4.014057100518443 0.15026185278313994 -169.24222412109376 100.74011840820313 -188.81785888671877
C 7.225170162391907 4.77516136299584 -1.5328755821714068 -170.36611328125002 -3.825307083129883 51.31587524414063
H 7.358609172489551 5.778692447954392 -1.9202390888718177 -91.67592773437501 30.842718505859377 -9.16685028076172
H 8.012204551915307 4.779644735514827 -0.803415634834474 60.931372070312506 -84.37673950195312 8.013254547119141
H 7.260434680910168 4.11103131100893 -2.3902365967937502 73.22158813476562 -29.33333740234375 1.4385952949523926
22
25.540313720703125
H 4.752131733698529 4.582511850411566 3.830404791110904 -22.01249237060547 -0.604502296447754 19.250839233398438
C 4.378108725222109 5.256478336486964 3.0635496596159495 -59.30499267578125 10.329808807373048 72.95433349609375
H 5.078146093852407 6.092502178629387 3.0284669487929894 -17.735264587402344 4.373172760009766 -23.286242675781253
H 3.328871243326847 5.596585302306946 3.2803396169515553 97.54067993164062 -27.904425048828127 -2.432671546936035
C 4.392796437198288 4.486343817317881 1.784971928645086 122.77823486328126 -26.07497253417969 -21.31643524169922
O 5.165321565458062 3.5264003929612113 1.6248584828372907 -99.15286865234376 29.704071044921875 46.83162841796875
N 3.6814460982801473 5.032691044398304 0.8212351878391977 123.9293701171875 -279.0933837890625 -129.52471923828125
H 3.408806248438001 5.895227437158919 0.9409553271049298 -129.7210693359375 307.468408203125 74.8842041015625
C 3.5135679072952097 4.520806580450823 -0.541939351381201 -244.11296386718752 175.95086669921875 35.67329711914063
H 3.0885768169204564 3.5878863483928534 -0.41820434360006126 12.503181457519531 -191.7448486328125 -19.998602294921877
C 2.3331229372976763 5.333662612279555 -1.1651907839821818 43.00838623046875 -82.21810302734376 91.97891235351562
H 2.7194459868695455 6.361274849316818 -1.3087728534000778 -66.93328247070313 -28.506643676757815 -38.364749145507815
H 1.9143280370202218 4.795590193228536 -2.0345193244850974 60.028802490234376 59.370166015625 -16.089102172851565
H 1.4979862645267004 5.27880130574946 -0.4599156576993779 12.830612182617188 48.289431762695315 3.607233810424805
C 4.7130372837221195 4.544626654970646 -1.441911725175031 233.922705078125 -32.279388427734375 248.67385253906252
O 4.616020547541284 4.836404024139819 -2.5985471766687285 -7.222385406494141 18.764944458007815 -161.84014892578125
N 5.930397993245523 4.446510710897791 -0.8202971879028266 239.83098144531252 5.2647243499755865 -55.20076904296875
H 6.1347144559369635 4.0211294151191606 0.1471051062776364 -174.86605224609377 92.77794799804688 -173.84984130859377
C 7.224600420810807 4.774163067418308 -1.5327122106843596 -150.36715087890624 -18.07911529541016 49.91053771972656
H 7.365175432848643 5.774383062945264 -1.9154407999863614 -91.94579467773438 42.44760437011719 -11.465725708007813
H 8.020253871717411 4.76527682952531 -0.809108770218806 51.33449096679688 -81.09041748046876 6.392848968505859
H 7.265829995922734 4.112267538993581 -2.392731203987886 65.66686401367188 -27.14532470703125 3.211308288574219
22
18.408935546875
H 4.73762889325877 4.589578990127134 3.827245687387797 -0.8138090133666993 -27.81134948730469 46.08879699707032
C 4.379517896890523 5.25315664972294 3.0652025485255523 -88.241552734375 0.49532470703125003 41.375482177734376
H 5.0718130042405205 6.077596804024844 3.020993217265062 4.711116027832031 35.86820068359375 -17.881997680664064
H 3.332016740097382 5.58075489498888 3.283770290417305 85.75400390625 -16.433808898925783 -3.312023162841797
C 4.395999449965553 4.486954056892767 1.7856080170087385 100.54725341796876 -24.092556762695313 -35.609814453125004
O 5.16196896837374 3.5246075541952764 1.624698152767252 -90.41033325195313 24.326461791992188 46.230322265625006
N 3.678710729720675 5.032910990480293 0.8202871195296346 128.76488037109377 -265.10263671875003 -101.58722534179688
H 3.419419181665873 5.904511228611994 0.9412840958548017 -123.11964111328126 292.3821533203125 68.73870849609375
C 3.509635019589905 4.522892670999275 -0.5406157252791108 -224.80705566406252 165.89199218750002 24.308335876464845
H 3.0871828255855895 3.587975792215936 -0.424120770324545 10.799732971191407 -190.2485107421875 -15.634019470214845
C 2.3322527136849374 5.332464612983763 -1.1642362885062438 116.558935546875 -71.73928833007812 37.72928466796875
H 2.713676124720083 6.359293430760143 -1.3085745045358852 -61.499932861328126 -23.575601196289064 -37.49793395996094
H 1.9367368108053429 4.794386304110915 -2.0379287896550147 45.64961242675781 53.76361083984375 -23.371739196777344
H 1.5224981145826966 5.280419448538641 -0.4788555427308253 -61.1927978515625 41.78362121582032 58.367590332031256
C 4.712987751251797 4.543143171619558 -1.4416450839787536 228.95070800781252 -21.711334228515625 245.06962890625002
O 4.617970050092849 4.841051955881123 -2.5992444883994823 -7.1226852416992195 14.414274597167969 -151.7659912109375
N 5.93145684649388 4.448806738376801 -0.8196176237923337 232.49089355468752 13.262896728515626 -81.16671142578126
H 6.14044673857925 4.03004979487267 0.14019929223250546 -175.67698974609377 78.74259033203126 -144.34866943359376
C 7.223772574352506 4.773101436412884 -1.5324489483399462 -125.88013916015626 -29.582958984375 47.406243896484376
H 7.369720177155736 5.771417633595086 -1.9112657962773116 -91.5157958984375 50.224377441406254 -11.98126220703125
H 8.029426885199436 4.748906525466418 -0.8152308780632972 39.22840270996094 -76.37242431640625 3.5025814056396487
H 7.272518756635275 4.113179976180573 -2.3950591807103367 56.82521362304688 -24.485034179687503 5.340416717529298
22
11.28179931640625
H 4.723147006641851 4.5958893788995985 3.8249638347397186 19.064376831054688 -52.623022460937506 70.8052734375
C 4.380684901123208 5.249846899002419 3.066950822564512 -107.15882568359376 -11.827981567382814 10.058158111572267
H 5.065496089473039 6.063362038276354 3.012716484495075 25.912747192382813 65.591357421875 -12.233002471923829
H 3.337567941360526 5.564613449464172 3.2872456829249623 67.08160400390625 -3.2487918853759767 -3.219778442382813
C 4.399381505351043 4.487516203409844 1.7860911078695483 76.82413330078126 -21.479776000976564 -48.848181152343756
O 5.158355255853265 3.5228895346344387 1.6244960735356102 -80.60059814453126 17.708743286132812 45.55030212402344
N 3.6761179487648397 5.032806108124598 0.8192561032133112 125.86890869140626 -223.629150390625 -69.13457641601563
H 3.427724125630322 5.920230209581642 0.9432282081141473 -109.61341552734376 250.90432128906252 58.62459106445313
C 3.5053858232476216 4.525245819560856 -0.539195052937897 -205.8739013671875 142.23320312500002 13.233868408203126
H 3.0861378638167074 3.5833213015760617 -0.4304235662281021 12.62528762817383 -176.75604248046875 -11.82492904663086
C 2.3316304026264496 5.331167275125982 -1.1631528836987246 181.7437255859375 -63.473114013671875 -14.854595947265626
H 2.706322317018774 6.356374032286983 -1.3088602098196953 -53.991674804687506 -15.471905517578126 -36.45772705078125
H 1.9602173593377543 4.794180322355187 -2.0424629028785106 31.569338989257815 48.089996337890625 -28.704571533203126
H 1.5454383218953758 5.282869210545686 -0.4964473308204554 -130.805419921875 34.71016235351563 108.79285888671876
C 4.713223474302613 4.541479416132408 -1.4410073399463617 221.88154296875 -8.727485656738281 237.35429687500002
O 4.619915677355989 4.845749414064176 -2.6001122017695284 -6.379384994506836 9.072013854980469 -138.92392578125
N 5.9327199297537225 4.451124571715207 -0.8189711294086588 219.79348144531252 24.702430725097656 -116.8708251953125
H 6.143565836173783 4.040549344374023 0.13043156032102493 -172.03409423828126 59.990167236328126 -103.35500488281251
C 7.2226626000201755 4.771927882137204 -1.5319133867514076 -97.29539794921875 -39.1358642578125 42.34201354980469
H 7.372077789195699 5.7697237886666075 -1.9076576021857736 -90.44398193359376 54.18504028320313 -10.86308059692383
H 8.039468672124976 4.730898363128265 -0.8216300787624882 24.898440551757815 -70.2885498046875 -0.40027751922607424
H 7.280101898680518 4.113412783843816 -2.3974404772507767 46.93311157226563 -20.52576141357422 8.929116821289062
22
5.113250732421875
H 4.709157158074427 4.600509896265233 3.8242363609356858 36.42046203613281 -72.99623413085938 90.97554931640626
C 4.381652807125615 5.246490486451827 3.0687590163228795 -115.6656494140625 -26.231988525390626 -18.046571350097658
H 5.0597529209885925 6.050354323350988 3.00434031350111 44.49224853515625 91.80613403320314 -6.52435531616211
H 3.3448437251432144 5.548502326904846 3.2905408943983 43.49075622558594 10.803675842285157 -2.3561777114868163
C 4.403013663375031 4.487993675228097 1.78639977468436 52.07430419921875 -18.046847534179687 -60.929559326171876
O 5.154683633689803 3.5212327045060676 1.624320591755125 -69.98312377929688 10.000601959228517 44.68621826171875
N 3.6737851842803555 5.032470069292229 0.8181672454019839 117.07159423828125 -157.48941650390626 -32.93675537109375
H 3.4335427097169746 5.941552348231304 0.9470284107916421 -91.13715209960938 185.49249267578125 44.92491149902344
C 3.500904160764767 4.527867205277681 -0.5377133835312281 -186.61719970703126 106.376025390625 2.2345966339111327
H 3.085253734376503 3.574570401379103 -0.4372805364132428 17.552078247070312 -152.52818603515627 -8.29495620727539
C 2.3314274712596763 5.329713750655845 -1.162123166915967 234.33522949218752 -55.799353027343756 -61.20888671875
H 2.6977080756228777 6.353003219386282 -1.3100152694118306 -45.03640441894532 -5.776579666137696 -35.062713623046875
H 1.9843495496944397 4.794994812771747 -2.047804462776257 17.776103210449218 42.080541992187506 -32.64736328125
H 1.5653432479297613 5.286058480118751 -0.5113804963965989 -191.14907226562502 27.497430419921876 150.87510986328127
C 4.713905715446654 4.539745293568297 -1.440044697951781 212.655029296875 6.309667587280273 226.25236816406252
O 4.621877994974032 4.850516752577947 -2.601109848289796 -4.855453872680664 2.829305648803711 -123.791015625
N 5.934384641716185 4.453479959062855 -0.8183103204535238 201.43142089843752 38.443737792968754 -160.4442138671875
H 6.144045636782781 4.052154309126017 0.1184848057476412 -164.0645263671875 37.75633850097656 -53.230340576171876
C 7.221335378325443 4.770635021831505 -1.5312654415584381 -65.21834716796876 -46.79917602539063 36.12574157714844
H 7.372097895033008 5.769213754045879 -1.9044966553942437 -88.57225952148438 54.78739624023438 -8.57983169555664
H 8.050016408973253 4.711356693774036 -0.8283214594835091 8.821809387207031 -62.75023193359375 -5.099256134033204
H 7.288534587140305 4.112822655005891 -2.399475105596819 36.178140258789064 -15.765348815917969 13.077493286132814
22
0.758941650390625
H 4.695674470970354 4.603257296976162 3.8255923368927256 50.98271789550782 -87.94953613281251 105.196875
C 4.382312062038314 5.243076861712991 3.070538080760537 -114.07911376953126 -41.16203002929688 -41.00599060058594
H 5.054755810189339 6.039342509516175 2.9957053462646615 59.08580322265625 112.75117187500001 -0.6009717941284181
H 3.3530992878811143 5.532678699056709 3.2940381112436965 16.92684783935547 24.97152252197266 -1.3095643997192383
C 4.406711312366159 4.488300013623471 1.7865482196697342 26.665225219726565 -13.717642211914063 -71.67034301757813
O 5.150837344496498 3.5195588795133084 1.6241699964532716 -58.71171875 1.303962802886963 43.664727783203126
N 3.6716866257261223 5.031890579098058 0.817054333084395 103.80446777343751 -70.88702392578125 5.2502380371093755
H 3.436762024220985 5.9672696619120655 0.9520941506105868 -69.339306640625 100.39863891601563 28.532153320312503
C 3.496163898040845 4.530664687359555 -0.5362538304456538 -166.71943359375 59.750335693359375 -7.852226257324219
H 3.084515895335158 3.5622578235086335 -0.4439964834902743 25.00116729736328 -118.83931884765626 -5.238462066650391
C 2.331714504996042 5.328103002046966 -1.1612683024776498 269.9795654296875 -49.362664794921876 -98.19367065429688
H 2.6880666644949343 6.349201220790625 -1.3120968057832183 -34.8322021484375 5.312557220458984 -33.46153564453125
H 2.0089828444048847 4.796442432976347 -2.0539956866926463 4.508323287963868 36.22438049316406 -34.86573181152344
H 1.5805288025927156 5.290025210547871 -0.5228624317219954 -237.87932128906252 20.431391906738284 181.2342041015625
C 4.714893926284148 4.5379725519923975 -1.4388783756404009 201.59425048828126 22.76803894042969 212.6425537109375
O 4.623781832032598 4.855343227877061 -2.602176235051996 -2.668060874938965 -4.079710006713867 -107.2691650390625
N 5.936294190179799 4.455757893730164 -0.8177556393931086 178.9045166015625 52.813549804687504 -207.98061523437502
H 6.142073701937422 4.064416660979434 0.10541125089027985 -152.84227294921877 13.837092590332032 1.9797384262084963
C 7.219792527511024 4.769160253541211 -1.530623429269348 -30.337225341796877 -51.946685791015625 30.024014282226563
H 7.369629133683999 5.769957230609478 -1.9017065986028934 -85.7922119140625 51.885656738281256 -5.246727371215821
H 8.060999466152918 4.690162682058603 -0.8353937415350807 -9.046006774902343 -53.651116943359376 -10.634091186523438
H 7.297571043299112 4.11162494905286 -2.4009847986187838 24.794004821777346 -10.852574920654298 16.804595947265625
22
-1.154541015625
H 4.683398996743692 4.603908633614164 3.829102692976006 62.380975341796876 -96.88828125 112.7244140625
C 4.382791088939343 5.239575479757573 3.0722633885787944 -102.38540039062501 -54.82160034179688 -57.62998657226563
H 5.050663005102686 6.030981135190991 2.9869526292707533 68.86818847656251 127.11770019531251 5.566699600219727
H 3.3622068704349632 5.517896109320936 3.297599825609808 -11.564247131347656 38.46436462402344 -0.06934304237365722
C 4.410493424098969 4.488645895475133 1.786615536818001 1.2231948852539063 -9.241139221191407 -81.57404785156251
O 5.147016152380054 3.517968764347672 1.6241700158155703 -47.378997802734375 -7.669473266601563 42.35731811523438
N 3.6697757859291373 5.031321167477274 0.8160055328129835 88.68473510742189 26.9140869140625 44.09450378417969
H 3.437871371773069 5.9952298310879195 0.9581053008587398 -46.6107666015625 4.53692741394043 10.623459625244141
C 3.4912179546835143 4.533731083345916 -0.5347723914727722 -145.1866455078125 4.413297653198242 -16.987893676757814
H 3.084408779856738 3.5471916212929466 -0.4506342823028995 33.795309448242186 -77.66624145507814 -2.31692008972168
C 2.3326097566352555 5.326537121858137 -1.160586080127063 286.5106689453125 -44.240945434570314 -124.06525878906251
H 2.6775522401348173 6.34530614211262 -1.3150545600042063 -23.6051025390625 17.415219116210938 -31.618157958984376
H 2.0339406917332745 4.798729169351959 -2.061008867567664 -8.12213363647461 30.674853515625003 -35.239688110351565
H 1.5903642872115131 5.29468097285362 -0.5301919555475108 -268.69479980468753 13.70438232421875 198.03369140625
C 4.716215118603399 4.536009517761573 -1.4373832049629356 188.15936279296875 41.48954467773438 194.52568359375002
O 4.625698368353208 4.8602757434217505 -2.603358060174628 0.17951695919036867 -12.05356674194336 -88.40406494140626
N 5.938379057399766 4.45813163465247 -0.8174693097480125 154.60885009765627 65.23034057617188 -252.9442138671875
H 6.137929559634539 4.0769032613325855 0.09264532835667078 -139.66801757812502 -9.287337493896485 56.569982910156256
C 7.218302191531716 4.767700747411016 -1.5299184373297245 4.319266128540039 -54.33356323242188 23.89455718994141
H 7.36531553781092 5.771823764162467 -1.8991532884384388 -82.13422241210938 46.25733337402344 -1.1590373992919922
H 8.071609006600033 4.667910319552067 -0.8428432710057536 -26.68917236328125 -43.38869934082032 -15.661297607421876
H 7.306942014659558 4.110571774225664 -2.4018388398389874 13.309423828125 -6.627204895019531 19.279603576660158
22
-1.061798095703125
H 4.672515776459663 4.6019924015302305 3.835553622517521 69.89051513671875 -98.2511474609375 111.23206787109376
C 4.3829598419421325 5.235873709021729 3.0737628007112705 -81.18204345703126 -66.17496948242187 -65.08673095703125
H 5.048177617543034 6.025834864820494 2.978292649974614 71.77847900390626 132.846044921875 12.153036499023438
H 3.3707037147995185 5.503635370498914 3.301011005758329 -38.84883728027344 50.76239624023438 0.9199687004089356
C 4.4141921696176265 4.4888812575660655 1.7865549882577763 -23.390066528320315 -4.788891220092774 -90.34948120117188
O 5.143222816798879 3.516300514071614 1.6242103223550823 -36.41429443359375 -16.531300354003907 40.781411743164064
N 3.668014962958401 5.03085074497344 0.8151553213323998 73.50259399414062 125.78321533203126 80.53827514648438
H 3.4378076970655957 6.0231358285197825 0.9643115598595147 -24.932281494140625 -92.5787841796875 -7.201363372802735
C 3.486076737510349 4.53686406675442 -0.5333944502520872 -121.76834716796876 -56.854888916015625 -24.527265930175783
H 3.085131705878692 3.529936946371936 -0.45737202307144065 43.03535461425781 -30.972686767578125 0.6528779983520508
C 2.333997919213094 5.324991834812847 -1.1601620631501908 283.482958984375 -39.227294921875 -137.446484375
H 2.6660761646478175 6.341801958263638 -1.3187085447133706 -11.863704681396484 29.284234619140626 -29.416162109375
H 2.0587812521873268 4.802013950681246 -2.0686702705744633 -20.078100585937502 25.249874877929688 -34.4210205078125
H 1.5941740759077683 5.299605939123825 -0.5333717325517953 -282.297998046875 7.280731964111329 200.6022705078125
C 4.717744594231397 4.5339217891015915 -1.435665284575569 173.35902099609376 61.934216308593754 172.77552490234376
O 4.627595390278895 4.865223431419695 -2.60462714425715 3.5185787200927736 -20.821917724609378 -67.96831665039063
N 5.940610858218529 4.460598126666636 -0.8174467722190143 128.880712890625 73.82546997070312 -291.51591796875
H 6.131707136517159 4.088787107379675 0.08116218510472098 -125.4884033203125 -29.869424438476564 106.542333984375
C 7.2169240164916015 4.765999259574965 -1.5290271201649261 37.04013366699219 -53.10579833984375 17.246372985839844
H 7.358977587957045 5.774729323270984 -1.896430510190386 -77.38292846679688 37.660037231445315 3.5058959960937504
H 8.08119526277454 4.644766611708549 -0.8505503837634182 -42.731997680664065 -32.25067138671875 -19.330549621582033
H 7.316691365312977 4.10949664278858 -2.4018771767215457 1.8906524658203125 -3.198441886901856 20.313267517089844
22
13.38433837890625
H 4.778172003863187 4.188630363104605 3.720381445918588 52.171051025390625 -24.806027221679688 71.78603515625001
C 4.358475727624663 4.983603739743981 3.152707582028346 -90.50309448242189 -60.30487670898438 34.17794494628907
H 4.942296618663966 5.868820342428234 3.2492889246650236 47.244073486328126 52.58353881835938 -36.960272216796874
H 3.3736450861486955 5.134716370056433 3.5740412237966375 -23.287608337402347 18.093772888183594 -11.97333984375
C 4.250728344508204 4.401685175171262 1.77925880558066 41.48689270019531 13.086883544921875 -23.242442321777347
O 4.80078913770855 3.321887418361742 1.558257619452843 -35.42250366210938 22.602009582519532 -19.280157470703127
N 3.6369336357680346 5.129286069912621 0.845126217840404 132.46904296875002 -306.69873046875 -24.09880828857422
H 3.5469778671877994 6.036474643658307 1.0197770821490675 -76.0014404296875 274.41867675781253 45.44440307617188
C 3.5517807301449107 4.65192495016765 -0.5324561655439087 77.352880859375 84.35145263671876 -241.69658203125002
H 3.4400519325638323 3.5825791515516854 -0.520514308291657 -35.91388854980469 -43.82939758300782 12.741129302978516
C 2.307069260464696 5.2683777364363324 -1.207176073434576 291.13437500000003 163.63585205078127 -5.118388748168946
H 2.399176390515728 6.357719970501695 -1.1575594015345338 11.450120544433595 -10.92467269897461 -12.274459838867188
H 2.2532592165030128 5.036857512196278 -2.258368524104629 -49.20960388183594 -59.212414550781254 -23.174975585937503
H 1.5464491095530886 5.078505071884138 -0.597915977186525 -265.71176757812503 -95.86113891601563 92.56151733398438
C 4.853771701941499 4.847394265115134 -1.4472827523699432 54.929150390625004 -85.56959228515626 202.880224609375
O 4.796864591612672 5.165925493606515 -2.6365037382888357 -6.0394130706787115 20.457870483398438 24.76746368408203
N 6.039386243120895 4.5523633779502495 -0.8132804764081911 -127.70039062500001 -83.8875 36.39652709960938
H 5.9116760325834825 4.078719830509657 0.15260425245829268 65.80365600585938 114.6654052734375 -213.940380859375
C 7.367657556911286 4.532264425636259 -1.5008194794014913 -257.52421875 -96.8611328125 55.51694946289063
H 7.748179233688315 5.517295229270754 -1.3124795882980016 111.41405029296875 12.781056213378907 2.1901168823242188
H 7.820603676293693 3.621721020913692 -1.1229490186994269 96.63074340820313 44.648294067382814 40.000360107421876
H 7.260920895011045 4.311017801599158 -2.5656230633916213 -14.772093200683594 46.6306640625 -6.70286865234375
22
15.8050537109375
H 4.788627608756339 4.191221364276612 3.7123126951848695 44.768472290039064 -28.554849243164064 77.67901000976563
C 4.354956895720368 4.982101576205772 3.1514146829462053 -46.69855651855469 -61.89893188476563 12.66587142944336
H 4.935444674622767 5.866435781473073 3.2587139465337396 51.62739868164063 56.36053466796875 -43.783389282226565
H 3.384088364054417 5.14472694486922 3.5607666563836537 -64.02272949218751 14.974676513671875 8.155629730224609
C 4.250277058599488 4.400016551838129 1.7758670685515487 43.67305297851563 16.890748596191408 -3.7517673492431642
O 4.797972872354053 3.3203702924807694 1.5583082500607925 -31.748867797851563 15.79230194091797 -25.030799865722656
N 3.639216004569219 5.1289662149478845 0.8462926881852266 131.33648681640625 -325.34440917968755 -40.66748046875
H 3.5472616627001803 6.027202543328785 1.0333959379453934 -80.89489135742188 296.7754150390625 44.61452941894532
C 3.5540587688100644 4.654243294107177 -0.5348544834744094 45.213415527343756 42.20750122070313 -222.4686279296875
H 3.428426285881878 3.570131390470178 -0.5183463935433354 -22.633467102050783 1.5918944358825684 7.877249908447266
C 2.305461463175905 5.270023896693243 -1.2074270792409547 308.040283203125 131.91090087890626 8.319429779052735
H 2.4168271635126817 6.346545254632585 -1.1524083851285472 3.0745513916015628 20.77023620605469 -16.22652282714844
H 2.2466308356712688 5.02796465076779 -2.25066203093792 -47.24323425292969 -56.83478393554688 -38.14624938964844
H 1.5465754463851051 5.072661384484788 -0.6018956920069988 -268.19614257812503 -92.80943603515625 99.4955322265625
C 4.852060441960527 4.854008162920134 -1.4451309146029254 71.2197998046875 -100.00624389648438 199.36334228515625
O 4.796930998708218 5.166887881272249 -2.633749038227567 -8.585462188720703 26.260498046875 16.050563049316406
N 6.038136442533717 4.551221292050494 -0.8146652137586969 -111.13878173828125 -82.97581176757814 45.85062866210938
H 5.91370883000836 4.075416876572748 0.1536160842112565 62.487701416015625 119.67279052734375 -223.2302978515625
C 7.37322035550422 4.531593371284289 -1.5005586282250096 -290.215478515625 -117.775 52.376214599609376
H 7.754230821509381 5.507088546875725 -1.3094312770062477 119.65970458984376 33.354809570312504 6.714817047119141
H 7.81735835817714 3.617833684671781 -1.1221324748900767 100.17722778320314 42.52900085449219 39.222381591796875
H 7.259481124715346 4.313573187088318 -2.565989297721329 -9.900475311279298 47.108154296875 -5.08008041381836
