22
34.351409912109375
H 5.1121008345578005 4.921511081441577 3.8335100775413378 35.89596252441407 2.5389976501464844 33.26085510253906
C 4.576944519797527 5.497701976422097 3.099395142252979 -54.83760375976563 13.398664855957032 -72.48082885742188
H 4.90015440309408 6.507375129091901 2.961540467822872 73.9815185546875 33.054754638671874 -5.326122283935547
H 3.5610651968087046 5.626727591260653 3.403307112220263 -54.094659423828126 -25.07408905029297 35.061779785156254
C 4.563718423179419 4.746776752217137 1.790344336054095 34.58141174316406 -157.651953125 88.58807983398438
O 5.178395578641606 3.6747728890436244 1.6890872158437285 -18.170556640625 85.65885620117189 17.1005126953125
N 3.774155853946284 5.1727682052668325 0.8352834800203207 17.254568481445315 -167.98326416015627 -170.6896728515625
H 3.4118964748201357 6.038492143378549 0.8440795664486858 -91.11259155273439 227.4081787109375 74.56371459960938
C 3.480645338863224 4.453394581408501 -0.42385532385956115 332.54777832031255 -200.21207275390626 -114.65554199218751
H 3.4573522945623187 3.3594032601302337 -0.24866173267725375 -110.58547363281251 56.4810791015625 41.89180908203125
C 2.242845208422452 5.030675555140151 -1.0960523740941814 89.22571411132813 51.65843505859375 -0.96299467086792
H 2.3654816916329184 6.071625314321976 -1.1688147283889119 20.30350036621094 112.90947265625 9.704903411865235
H 2.1292748279055127 4.775623589567015 -2.1235440786280106 -34.93643493652344 -86.6972412109375 -49.79047241210938
H 1.4113843612542505 4.889543001286275 -0.5070332687873417 -152.74647216796876 -56.534887695312506 76.63004150390626
C 4.721980651284311 4.349004196013502 -1.4437415494353554 -287.10400390625 212.279736328125 127.49819335937501
O 4.446358817572075 4.419023018038395 -2.6349640965547367 113.6361572265625 -56.891937255859375 -53.359893798828125
N 5.920357517403988 4.555541973929413 -0.91518535663503 -57.2871337890625 -68.56775512695313 168.00661621093752
H 5.924359301926431 4.531362163831879 0.14745025472249662 49.383731079101565 -5.147236633300782 -187.86307373046876
C 7.104622431839422 4.84875332755397 -1.6600400717505093 -103.155029296875 -16.230397033691407 -73.96486206054688
H 6.85595229749023 5.323762474268995 -2.580298556849306 -47.70799865722657 41.44563598632813 -56.219818115234375
H 7.56833874320408 5.642816606348297 -1.1239260418975787 153.03380126953127 -13.220915222167969 34.86053161621094
H 7.531852469974992 3.9205776921885627 -2.0502638921916185 91.89381103515626 17.37794342041016 78.14625244140626
22
30.328521728515625
H 5.196146984852085 4.854997978800551 3.7916107094222706 -116.227392578125 87.96356201171875 -61.68436889648438
C 4.536967650422983 5.489780214839483 3.105669882439568 216.23649902343752 -51.36522216796875 163.498388671875
H 5.161048691881364 6.428950090687496 3.006332112579295 -113.01887207031251 -77.10134277343751 -19.784959411621095
H 3.540757251973074 5.605641457851459 3.5735822636852124 40.66365356445313 11.346578979492188 -40.54256591796875
C 4.510160552317784 4.67884854390042 1.8405671599473574 -105.76107177734376 95.86165771484376 -241.06640625
O 5.205617501368685 3.6815308564887816 1.6967013005602494 -8.39967269897461 -8.000138092041016 51.88092651367188
N 3.7603797926652565 5.174021458167884 0.7970958942637864 213.0588134765625 -325.64384765625005 77.5086669921875
H 3.325787070594699 6.012259062133905 0.9638113902341533 -102.44770507812501 145.74287109375 -13.407827758789063
C 3.5387575722911113 4.410912562468177 -0.5008997938678759 -468.19389648437505 156.19737548828127 292.0705810546875
H 3.2021609878331074 3.3942601638240526 -0.22387947735077052 61.54744873046875 18.38141326904297 -35.60237121582031
C 2.251995008360275 5.117905993241617 -1.1008123639774847 -144.6520751953125 -274.27333984375 144.55645751953125
H 2.388921472144471 6.164623252202883 -1.112802172256833 -5.29694938659668 101.50082397460938 -30.04805603027344
H 2.016682124505268 4.688713937200808 -2.059800747449354 35.768383789062504 24.817466735839844 -66.37349243164063
H 1.257492880783955 4.80222540214544 -0.5682302988005296 223.273876953125 88.42274169921876 -39.509228515625004
C 4.637009561333047 4.377776147618387 -1.4349877389022356 411.673828125 66.03446044921876 -114.63089599609376
O 4.477204907900188 4.460461674731296 -2.66157945961152 -17.232965087890626 -27.219152832031252 46.152661132812504
N 5.8996299431406065 4.494184025488778 -0.8988126386379202 183.18331298828127 30.836892700195314 122.33443603515626
H 6.1286976802271855 4.370215240284204 0.14678187992485792 -163.50411376953127 2.191364288330078 -206.33413085937502
C 7.147495058297087 4.886974922750875 -1.6392310075339123 -72.16616821289062 -94.09398193359375 -27.902694702148438
H 6.845413890775939 5.4191737154337805 -2.5238589669495877 -4.534114074707031 16.053306579589844 -45.79263000488282
H 7.864042627772301 5.539103995683194 -1.119707431988771 -48.242654418945314 -20.526866149902347 39.263702392578125
H 7.674449817801639 3.9669754749035624 -1.9464708194319738 -15.728132629394532 32.87336120605469 5.413814926147461
22
29.22509765625
H 5.187581720909916 4.862599393409417 3.789909446036046 -95.88656616210938 67.6515869140625 -43.44969787597657
C 4.5368817147888 5.489294597176904 3.1082990856734205 192.15657958984377 -68.89317016601562 126.60440673828126
H 5.163669184962906 6.41415413802362 3.002906705667918 -102.01748046875001 -50.27147521972657 -18.790260314941406
H 3.546277388333647 5.6019197858104395 3.5784267277450867 29.270993041992188 17.412879943847656 -36.17184753417969
C 4.505426585921313 4.674746305970297 1.8394775900211329 -94.06478881835938 108.0280517578125 -220.0664794921875
O 5.207058353407296 3.6824901000456483 1.6977418542468037 -10.072750854492188 -13.468145751953125 47.13836669921875
N 3.7607707233961185 5.173574264592994 0.7956809261376865 224.92531738281252 -355.2501220703125 74.3791259765625
H 3.32266144515555 5.998733422561683 0.9682054339057877 -118.41054687500001 173.34288330078127 -9.815863037109375
C 3.5391259278501064 4.4104630569982755 -0.5011205413830107 -495.78330078125003 160.16884765625002 286.9336669921875
H 3.184272637452379 3.3951855736304726 -0.22233679523531527 75.06536865234375 26.524209594726564 -40.65489807128907
C 2.248454395850753 5.122240145203615 -1.1016542091459165 -56.481823730468754 -277.84006347656253 139.4263427734375
H 2.3908743206834373 6.1655101438839175 -1.1104454128262062 -7.868475341796875 109.88393554687501 -32.61860656738281
H 2.0245910179530524 4.685620741115686 -2.0544422513422003 25.22096405029297 24.999810791015626 -79.84502563476563
H 1.283654335078959 4.805685990309358 -0.5679404901835923 159.38717041015627 76.28610229492188 -14.679109191894533
C 4.636506352132795 4.3797468433188325 -1.436950943807894 415.9044921875 57.23577880859375 -103.68419189453125
O 4.479395868950155 4.462379807545921 -2.6624024967669477 -21.202062988281252 -25.08162536621094 39.80010681152344
N 5.898755549875405 4.491604402309931 -0.8989721843129781 195.9811767578125 27.075222778320313 144.78851318359375
H 6.1288045651629215 4.35815131356323 0.1527662509816241 -167.87744140625 8.438435363769532 -231.900146484375
C 7.148319217975314 4.889482720375471 -1.6393338798914754 -74.54893188476562 -116.27460937500001 -13.227786254882814
H 6.841735644475103 5.420443520530977 -2.517662416655436 -1.2427815437316896 24.049969482421876 -57.798492431640625
H 7.877789911300263 5.51526028540212 -1.1181749371552114 -47.234490966796876 1.1865063667297364 48.25143127441407
H 7.690010013383609 3.975687435316697 -1.933160843740399 -25.220631408691407 24.794993591308597 -4.619599151611328
22
26.327362060546875
H 5.176602304859709 4.871868334542412 3.787469622027379 -69.84837036132812 42.430056762695315 -19.92739410400391
C 4.5372273390293225 5.48870842281859 3.1112517774133934 158.68516845703127 -85.81278686523439 82.72828979492188
H 5.163908872603914 6.398294898885095 2.999211093622804 -86.52252807617188 -19.006994628906252 -18.41466064453125
H 3.5525514710164288 5.598802335261692 3.5824713391121543 16.1814453125 23.43726348876953 -30.88381042480469
C 4.500466019587801 4.670859198906071 1.8380226566291855 -77.73464355468751 116.7774658203125 -194.32470703125
O 5.208602283687451 3.6834460169235452 1.698785357208138 -13.039395141601563 -17.652056884765624 42.11466979980469
N 3.7615620437618813 5.172570202584533 0.7944774159817454 222.53237304687502 -362.24240722656253 71.42923583984376
H 3.3166432924134837 5.98964418255494 0.9725170694167566 -124.052978515625 181.98625488281252 -8.47455062866211
C 3.5386281113059495 4.410337418099385 -0.5007697958816607 -513.1234375 163.3399169921875 276.1272705078125
H 3.1684865119795624 3.3965489685495296 -0.22163632794930593 86.18989257812501 32.189794921875 -44.056896972656254
C 2.2448086379886707 5.126084416589562 -1.1023127270112134 37.90950317382813 -268.08957519531253 123.58681640625001
H 2.392553809541069 6.168970429463707 -1.108544947801159 -10.77561492919922 109.53066406250001 -34.272100830078124
H 2.033205142199373 4.683247849232729 -2.051182687400316 15.09771728515625 25.545013427734375 -88.72203979492188
H 1.3136117147917146 4.810772919024642 -0.567928707331709 86.80457763671876 59.95143432617188 15.597190856933594
C 4.63674487199232 4.381597173877677 -1.4393265684531906 414.12363281250003 49.330056762695314 -87.77714233398439
O 4.48155618254595 4.464176049225598 -2.6632135923344995 -24.072940063476565 -22.937908935546876 31.82093505859375
N 5.898138605112136 4.489044306163041 -0.8988549817645585 202.96839599609376 24.602056884765627 146.96561279296876
H 6.126011229683562 4.346609479101736 0.15414104340950988 -166.78060302734377 12.864414978027344 -238.80576171875
C 7.1489927448286466 4.891706540862112 -1.6394838238293097 -78.21290893554688 -133.3288330078125 0.5102956295013428
H 6.837945230071326 5.422275450713703 -2.5129617666453368 3.3899593353271484 30.013677978515627 -65.9285888671875
H 7.890321491090879 5.491282937399669 -1.11534175699533 -46.05518493652344 21.429615783691407 55.61964721679688
H 7.704960946966519 3.9847576983952626 -1.9200873347835037 -33.66400146484375 15.642875671386719 -14.912316894531251
22
22.6639404296875
H 5.163789833559579 4.8819533639289885 3.7844978321729865 -39.78211364746094 13.986436462402345 7.329306030273438
C 4.538012095311153 5.487928715972484 3.114341614106051 116.61018066406251 -101.54670410156251 35.14711303710938
H 5.161983375650127 6.381884640159717 2.9951824946859547 -67.32645263671876 15.173335266113282 -18.709811401367187
H 3.5590986530437254 5.596552049025389 3.5862285583908027 3.2373924255371094 28.994287109375 -25.819900512695312
C 4.495285346056443 4.667265283173308 1.8361803438788338 -57.02732543945313 121.68212890625 -164.39798583984376
O 5.210126968695369 3.6843522616877027 1.6998289021124455 -17.344305419921877 -20.45523376464844 36.822976684570314
N 3.762698281248853 5.171045481387121 0.7934634727601496 205.537841796875 -347.39584960937503 68.8523681640625
H 3.307717555068826 5.984930469106149 0.9764628533043651 -118.995166015625 172.53116455078126 -9.515074157714844
C 3.5371691115398556 4.410615164001451 -0.4998523975978525 -518.911767578125 166.25775146484375 259.3387939453125
H 3.154891222917283 3.398769546312553 -0.22204306008344307 94.30535278320313 34.1671630859375 -45.31881408691407
C 2.24127489924001 5.129377496861402 -1.1027375068763503 132.0296875 -246.1895751953125 98.76486206054688
H 2.394158630103594 6.1748321502674886 -1.1071831032961235 -13.940704345703125 100.75786743164063 -35.058966064453124
H 2.0422175916978653 4.681651685398944 -2.050106811916878 5.579996871948243 26.495526123046876 -92.52429809570313
H 1.3454565224097328 4.817474809585497 -0.5673979755688351 11.09961624145508 40.81705932617188 48.942324829101565
C 4.6376297932220725 4.383374140407979 -1.442071014495188 406.9570556640625 42.363198852539064 -67.0351318359375
O 4.483716442884205 4.466009056751325 -2.664044415205395 -25.9404541015625 -20.80622100830078 22.509767150878908
N 5.897817495281278 4.486473343821854 -0.8984082791662406 203.93033447265626 23.735108947753908 128.86492919921875
H 6.120808129234248 4.3354086259852656 0.15086116510780256 -160.6697509765625 15.081129455566407 -227.0614013671875
C 7.149441325187844 4.893640237501483 -1.639617569921705 -82.77587280273438 -142.98221435546876 11.825341796875001
H 6.833762073359084 5.424770668058374 -2.5104251332067005 9.789176940917969 32.93113708496094 -68.48880004882812
H 7.901656848266143 5.468046031259766 -1.1112530465307775 -45.667761230468756 39.3958740234375 60.80167846679688
H 7.719236830376469 3.994489297432268 -1.9075335005081384 -40.6949462890625 5.006618499755859 -25.269282531738284
22
19.4520263671875
H 5.149868332242558 4.8925048594834895 3.7817229051045715 -7.964064025878907 -15.71954803466797 36.073638916015625
C 4.539006120129779 5.48700764105031 3.1174144475822785 70.884814453125 -116.380224609375 -14.209848022460939
H 5.1580013066416175 6.365598787730766 2.9907010428067764 -45.58185729980469 50.6636962890625 -19.652699279785157
H 3.566218536330526 5.595310283475702 3.5895530365078154 -10.851917266845703 34.09288024902344 -20.600451660156253
C 4.490011885365884 4.663986300573644 1.8338678037680523 -32.22451171875 122.44876708984376 -130.352685546875
O 5.211753505341901 3.685144756479434 1.7009439854441266 -23.086056518554688 -21.628953552246095 31.2540283203125
N 3.764226331738041 5.168970381810377 0.7925686316868258 173.91519775390626 -311.5021484375 67.04072265625
H 3.295802716873517 5.984258771864539 0.9802298645461103 -103.01800537109375 145.833349609375 -13.198260498046876
C 3.5347871291824315 4.411299623512215 -0.4983887199263368 -512.865478515625 169.86549072265626 236.42685546875
H 3.1436224046236063 3.402197515945589 -0.22338073127366775 98.97531127929688 31.525286865234378 -44.35914001464844
C 2.2379949895512814 5.132236105281706 -1.10296871599695 220.2430419921875 -215.6297607421875 66.61421508789063
H 2.395841095757058 6.182990478060878 -1.1062645633338042 -17.417987060546874 84.223388671875 -35.1210693359375
H 2.051154122857903 4.680466989590671 -2.0515957769076754 -3.054409217834473 28.654873657226563 -89.76533203125001
H 1.377721859874699 4.8251127062601356 -0.5651664550634534 -62.47691040039063 20.926882934570315 82.52323608398439
C 4.639107683650028 4.385122830025568 -1.445105297059891 394.74724121093755 36.30126037597656 -42.13459777832031
O 4.4858120997988475 4.467896804862111 -2.6648559370252984 -26.799417114257814 -18.70368194580078 12.050131225585938
N 5.8977759498024565 4.484009646596116 -0.8976781804569928 199.04606933593752 24.74028778076172 92.59739379882814
H 6.113187645024686 4.32471125260427 0.14337105763932861 -149.9359375 14.895941162109375 -198.46206054687502
C 7.1497043472719675 4.8952992412988054 -1.6396544677199711 -87.98949584960938 -146.23018798828124 20.88500213623047
H 6.829555564305015 5.428256282551315 -2.5096457791891202 17.646168518066407 32.878866577148436 -66.054052734375
H 7.911670613067416 5.445677883970915 -1.1058725164826892 -45.897192382812506 55.229528808593756 64.04722900390625
H 7.732575331638238 4.004454156840967 -1.8953532957804446 -46.29460144042969 -6.486003112792969 -35.60227661132813
22
17.7381591796875
H 5.135536155859551 4.902895621433054 3.7798251400051104 23.552598571777345 -44.80155944824219 64.2388671875
C 4.54010489958887 5.485860588082767 3.1204197939688023 24.210821533203127 -129.15491943359376 -62.466894531250006
H 5.152578531098246 6.3504277382992385 2.985842452081902 -23.472041320800784 84.60090332031251 -20.972320556640625
H 3.573183195523224 5.594674908737264 3.592577800694228 -24.515608215332033 38.66234436035157 -15.931910705566407
C 4.484694390841853 4.660958889167903 1.8311877389488838 -4.228208923339844 119.78616943359376 -92.95551147460938
O 5.2133570325270915 3.685845625937871 1.7021799368556096 -29.772994995117188 -21.77493591308594 25.414932250976562
N 3.76610859184755 5.166354416687058 0.7918209060550628 129.84354248046876 -259.300244140625 65.26412353515626
H 3.2814786162036724 5.986589996648169 0.983580872075194 -77.82026367187501 106.0899658203125 -18.871273803710938
C 3.5316234642104805 4.412315470564259 -0.49653602243107375 -495.27495117187505 173.63360595703125 208.6490478515625
H 3.13501192599138 3.4063989563280495 -0.22568651220028146 100.1771728515625 25.02375946044922 -41.40363159179688
C 2.235218564645525 5.134662251697816 -1.1030376866037106 296.998046875 -179.25146484375 30.781298828125003
H 2.3972043165303276 6.192890182104485 -1.1059499379020226 -20.751170349121097 61.717401123046876 -34.44889526367188
H 2.060153982166937 4.680022008523794 -2.055308920551794 -11.012719726562501 31.463128662109376 -81.611572265625
H 1.4084339115839783 4.833268734624056 -0.5610192759503241 -128.81126708984377 1.9168724060058595 113.61518554687501
C 4.641202793676576 4.386757895365556 -1.4484073551787622 378.064111328125 31.256314086914063 -13.574490356445313
O 4.487820451001308 4.469707775477476 -2.6656315581848684 -26.59151611328125 -16.628451538085937 0.46864156723022465
N 5.898099996162757 4.481596620824864 -0.8967070814748396 187.76351318359377 27.912457275390626 37.995767211914064
H 6.1031469986034415 4.314302930843266 0.1314723355732052 -134.64854736328127 11.924117279052735 -152.623876953125
C 7.149744126900561 4.896531500425491 -1.639623604549731 -91.93806152343751 -143.18580322265626 28.107916259765627
H 6.825515632386882 5.432775471270065 -2.510456904244517 26.64141845703125 29.948522949218752 -58.90448608398438
H 7.920620476415937 5.424387071192159 -1.0990584047294334 -47.65604858398438 68.31348266601563 64.80327758789063
H 7.744943070745791 4.014256720884551 -1.8839600388503817 -50.75781860351563 -18.151673889160158 -45.57417907714844
22
17.828155517578125
H 5.1220116919951355 4.912339202541716 3.7798515441104836 51.5351806640625 -70.351123046875 88.52792358398438
C 4.541171990191751 5.484488727115583 3.1232607272412483 -18.783734130859376 -140.15146484375 -106.18353271484375
H 5.146426840750563 6.337192082956804 2.9805162495027555 -3.0313453674316406 114.4404296875 -22.37469482421875
H 3.579550865119523 5.594803774320542 3.5951604057631705 -37.02762451171875 42.55812683105469 -12.068379211425782
C 4.479279019720915 4.658058572342831 1.8281827637295265 25.78774108886719 114.97239990234375 -53.02813720703125
O 5.2148397264096955 3.6864932564051154 1.7035232732100383 -36.98579711914063 -21.472521972656253 19.291369628906253
N 3.7681457363493265 5.163363749071673 0.7911599846595638 75.07558593750001 -193.86451416015626 64.1277587890625
H 3.265071782838457 5.9916235365796835 0.9863943914429019 -44.274627685546875 55.62264404296875 -26.2156494140625
C 3.5275733324412917 4.413648997142989 -0.49418830274566367 -465.54951171875 178.0677490234375 175.60097656250002
H 3.129221779305371 3.411510732380023 -0.22870017077530164 97.54270629882814 14.140318298339844 -36.42110595703125
C 2.233056129411397 5.136710855207943 -1.1029401769350384 357.248681640625 -140.16641845703126 -5.457574844360352
H 2.3984337412832337 6.2039634705282065 -1.1064741471952777 -23.75674743652344 34.97193908691406 -33.047445678710936
H 2.068715115804247 4.680626290905823 -2.0611650605142997 -18.08271942138672 34.658670043945314 -68.26636352539063
H 1.4357471328489966 4.84171942698155 -0.5543126992941969 -183.407666015625 -14.385853576660157 139.13070068359374
C 4.6439237884013735 4.388283741657388 -1.4518780470413715 356.05754394531255 27.193411254882815 18.06342926025391
O 4.489728666312021 4.47140436849924 -2.666306744008419 -25.33986968994141 -14.607188415527345 -12.069454956054688
N 5.8986867798224685 4.479268288020396 -0.8956269280016287 172.21037597656252 33.303601074218754 -29.694580078125
H 6.0911246293174575 4.30457657917593 0.11628059577621669 -116.27937011718751 6.2397705078125005 -94.10059814453126
C 7.14958765565224 4.897389948484986 -1.639433275166444 -93.44674682617188 -133.93641357421876 34.0965576171875
H 6.822002597330355 5.438331532047339 -2.512642490802144 36.322845458984375 24.37885284423828 -47.500036621093756
H 7.928465025746609 5.404946259119664 -1.0903936303536739 -51.78580932617188 77.98518676757813 62.44432373046875
H 7.7562243288537 4.023773996425618 -1.8735963463944665 -54.029089355468756 -29.597610473632812 -54.8554931640625
22
19.555999755859375
H 5.1095456637518355 4.920079930993482 3.7822940047220914 74.74595947265625 -90.81318969726563 107.24866943359376
C 4.542269872386338 5.482854682699241 3.1258013185500855 -56.22019653320313 -147.76536865234377 -142.96832275390625
H 5.139851310735328 6.326923607383399 2.97443620425999 14.218746948242188 137.68739013671876 -23.335833740234378
H 3.585072595817971 5.595966799736093 3.5974482076266834 -47.36067199707031 45.448486328125 -9.702902221679688
C 4.473869857281276 4.655452887602057 1.8248688907964503 57.35371704101563 107.382177734375 -12.038976287841798
O 5.216297549154506 3.687172151566745 1.7047674940242414 -44.87929382324219 -20.35824890136719 13.119711303710938
N 3.7701850372552292 5.160075157649269 0.790479744483341 12.760302734375001 -119.9013427734375 63.23543090820313
H 3.247281690259876 5.998260192257967 0.988386373421617 -4.902942657470703 -0.9555272102355957 -34.31097412109375
C 3.52265938176783 4.415430175094764 -0.4915759325111302 -424.825146484375 181.64188232421876 138.71843261718752
H 3.125866309176328 3.4172017651438367 -0.23211767917863804 91.83314819335938 0.4973309993743897 -30.164013671875
C 2.2315809443747803 5.138522023286142 -1.1029205957402306 397.8743896484375 -101.62453613281251 -38.12008361816407
H 2.399258076611987 6.215761999565403 -1.1080410982656064 -26.17147216796875 5.7861373901367195 -31.084512329101564
H 2.076999572586165 4.681960312220774 -2.068862472919392 -24.53419342041016 38.114813232421874 -50.69988098144532
H 1.4587134298611502 4.84988398621338 -0.5443161512144634 -223.21596679687502 -26.478558349609376 156.11245117187502
C 4.647259634028559 4.389733469010157 -1.4555266547058774 329.002880859375 24.34686737060547 51.34412231445313
O 4.491539578403688 4.4731180558036225 -2.66703968926355 -22.96785125732422 -12.735970306396485 -24.855531311035158
N 5.89953932195748 4.477213019768595 -0.8945526512807969 153.05322265625 40.28365783691407 -105.70644531250001
H 6.077087877419291 4.29504077231294 0.0987766288269005 -95.59462890625001 -1.588063430786133 -27.227642822265626
C 7.149271994277586 4.89794646601938 -1.6391663651379575 -91.35406494140625 -120.163916015625 39.28973388671875
H 6.819025331618109 5.444489630975945 -2.515988999468501 46.15395202636719 16.852798461914062 -32.91328430175781
H 7.935356030352257 5.387896940038834 -1.080328004738005 -58.46482543945313 84.18577880859375 56.98917846679688
H 7.7662013792308695 4.032524164120829 -1.864824495163141 -56.50509033203125 -39.84259948730469 -62.9293212890625
