22
5.2208251953125
H 5.540268143963285 7.786976696295014 2.105570335710616 -34.622955322265625 63.039215087890625 46.31363220214844
C 4.523362886333516 7.411611190955199 1.9767397118729542 85.58591918945314 -236.84709472656252 -202.370361328125
H 3.874494613871296 7.987738990945865 1.3062793644646047 36.512289428710936 17.254486083984375 18.510696411132812
H 3.98978467358378 7.089522682148961 2.827400265289659 -24.537925720214844 45.08412475585938 122.77364501953126
C 4.8101757849531595 6.030598257515962 1.3185021291550512 -67.67910156250001 3.5174560546875 -93.39231567382814
O 5.9301473961634645 5.497336870184125 1.3461073031601374 -76.3251953125 42.809564208984376 37.32149963378907
N 3.7668206178875496 5.488091908188316 0.6320331045755203 18.001856994628906 171.3403076171875 32.93866882324219
H 2.980482015601116 6.157902958084806 0.46983668556714764 75.41319580078125 -130.10502929687502 19.345372009277344
C 3.656986452309755 4.100662598017021 0.12552879192504762 -94.98129272460938 -46.882257080078126 138.538232421875
H 3.9893769392775424 3.4007310707069207 0.9220170834189176 -5.624477767944336 65.95953979492188 -18.230674743652344
C 2.1830571322700445 3.7585257815887694 -0.07837901615366613 -52.9511962890625 201.69007568359376 -151.391552734375
H 1.8505572257195249 4.142158794142647 -1.109267180273164 48.41600036621094 -85.9733642578125 136.63646240234377
H 2.0323430964833338 2.7002581704553412 0.04864397324078344 -22.69290008544922 -40.40364074707031 -5.670907211303711
H 1.6067655903268272 4.355324210766039 0.6304967858879582 -20.111256408691407 -46.37172546386719 20.691281127929688
C 4.476231374440947 3.6743692191338906 -1.0485741442253038 172.71657714843752 -103.06495361328126 -5.254780197143555
O 4.2940672469342935 2.5885070996593647 -1.5732335212025954 -61.12103271484375 -3.2369667053222657 -80.96026000976563
N 5.627845513046661 4.301724427190669 -1.2271346555213232 131.39506835937502 154.46047363281252 162.93905029296877
H 5.94131640123708 4.818759734321475 -0.3557004680338039 -57.157482910156254 -43.14175109863282 -157.92747802734377
C 6.684101604718906 4.043531453885376 -2.2125175157925243 -110.08800048828125 -111.762548828125 -141.28804931640624
H 7.560742244460422 3.6102696995820227 -1.803848989232636 58.69246826171875 -23.048696899414065 79.94036865234375
H 6.324995396583702 3.276136187000749 -2.9475368485129483 14.432752990722657 71.43551025390626 46.24928588867188
H 6.981166485153567 4.9340752368169305 -2.7484028958420565 -13.273318481445314 34.247283935546875 -5.711819458007813
22
5.73687744140625
H 5.533771933978246 7.772717060854087 2.1023933071351957 -5.251176834106445 76.86484985351564 50.15858764648438
C 4.524079463046423 7.409980163180473 1.9748454635694757 50.53758850097657 -242.55131835937502 -197.52222900390626
H 3.876622507645055 7.996245867281093 1.3092757282181866 38.185638427734375 11.949935150146485 20.024208068847656
H 3.9942852534950224 7.084262623554967 2.8293710007135093 -22.985456848144533 47.899148559570314 116.70206298828126
C 4.805682499145333 6.030966228664542 1.3165552542067196 -17.916964721679687 -7.568235015869141 -82.55328369140625
O 5.93158852458526 5.495183176655546 1.345496148313793 -104.77828369140626 54.680187988281254 35.71628112792969
N 3.7668873299634305 5.488022620291261 0.6349454112565551 20.15217437744141 149.48629150390624 27.11853942871094
H 2.9880223605522778 6.153251082207241 0.46700485047633583 54.424963378906256 -111.776171875 17.384730529785156
C 3.656807564066077 4.1028169457717585 0.12672314691874145 -86.08823852539064 -71.02318115234375 133.4629638671875
H 3.9799687544410878 3.383942267094191 0.9179141369547896 -3.4185943603515625 84.19985351562501 -23.882675170898438
C 2.1829127258874506 3.759806402885327 -0.07395019455441161 -54.80733642578125 206.28764648437502 -191.75823974609375
H 1.8429127680760322 4.15329568705501 -1.1087076279788686 58.55109252929688 -96.23257446289062 157.87491455078126
H 2.0353814426576093 2.6992720173580946 0.04287363784603698 -24.12149353027344 -38.249166870117186 -3.9785545349121096
H 1.6080623685851327 4.352822765858874 0.6310270875362322 -27.244488525390626 -40.841860961914065 33.671026611328124
C 4.479985610154738 3.677879324305171 -1.0518985174593662 139.940087890625 -134.48804931640626 -0.7247341632843018
O 4.29152157980305 2.585049198269026 -1.574872735588332 -49.99266052246094 25.549124145507815 -72.43618774414062
N 5.628952183589609 4.3048993097156485 -1.22773700753474 131.21019287109377 165.958447265625 172.93309326171877
H 5.933426145570454 4.820136221617311 -0.34748192156711977 -51.5382568359375 -48.096813964843754 -173.84852294921876
C 6.6850642441244865 4.043413278887691 -2.211011314773892 -92.4914306640625 -105.5524169921875 -130.39583740234374
H 7.56469508777845 3.6175054991481783 -1.7859338341057953 45.1330810546875 -20.44539794921875 66.44669799804687
H 6.3184863444854145 3.281972620579512 -2.9447483868453457 18.852601623535158 60.854870605468754 44.39832458496094
H 6.985491906069927 4.927578194446967 -2.7593700174789078 -16.353030395507812 33.09484558105469 1.2088506698608399
22
4.678314208984375
H 5.526965262576592 7.7605178049868275 2.100148367019969 22.672015380859378 88.53635864257814 53.09553833007813
C 4.524892366117807 7.407869903076505 1.972560959455239 15.595286560058595 -246.67338867187502 -183.9747314453125
H 3.8801719586774324 8.005181148745354 1.312798065414199 38.089990234375 7.037994384765625 20.17270202636719
H 3.998334555884667 7.080384892857805 2.8341515377148796 -18.6656494140625 51.97518310546875 104.3355712890625
C 4.801153268367768 6.031281303870687 1.3143833889545538 32.9833251953125 -18.4401123046875 -70.93267822265625
O 5.932966905218384 5.493043256959429 1.3450141178330441 -133.15792236328124 66.27802734375 33.6656494140625
N 3.7670764434734156 5.488180455459516 0.6378919512011054 27.337945556640626 118.85836181640626 21.377740478515626
H 2.9969357503413145 6.1460739182973505 0.4642989008356719 26.859698486328128 -86.47682495117188 14.023171997070314
C 3.6566016007063222 4.104811243838181 0.1282109703396091 -77.48123168945312 -90.25682983398438 123.9986572265625
H 3.970390156380343 3.3695112333511945 0.9134946008123851 0.059367835521698 98.57246093750001 -26.15573425292969
C 2.1827499445753604 3.7613727855214796 -0.06994134182461759 -53.946569824218756 199.99929199218752 -217.04909667968752
H 1.836611422677217 4.161928804424524 -1.1041922877936732 64.57300415039063 -101.00526123046876 165.996044921875
H 2.038087776981933 2.6971180340255634 0.0370526540276364 -24.64558258056641 -31.65108642578125 -2.9287668228149415
H 1.6086783500301005 4.349178932988236 0.6320345428118082 -33.815737915039065 -34.82895202636719 45.85038757324219
C 4.483911730812143 3.6812939764535506 -1.0553446112116383 106.93983154296876 -164.41583251953125 6.300052642822266
O 4.288983882559471 2.5816303427206138 -1.5765583336088769 -38.41585388183594 54.01925048828125 -64.48382568359375
N 5.630283320357949 4.30843526134624 -1.2280504606101212 125.57698974609376 166.20093994140626 164.63153076171875
H 5.925060579034841 4.819468056400609 -0.34402672157669517 -41.05494995117188 -43.25458679199219 -172.82974853515626
C 6.685927582476154 4.043150228415412 -2.2097654125717217 -67.98289794921875 -94.65021972656251 -111.42613525390625
H 7.569794512369668 3.624141587257475 -1.7659759409029674 26.487097167968752 -15.7529296875 48.90914306640625
H 6.311997765196646 3.2897108396306676 -2.941001445743789 21.43291473388672 45.84861755371094 38.509194946289064
H 6.989664279912997 4.921934464664627 -2.77009288153574 -19.441070556640625 30.079531860351565 8.915338897705078
22
2.588348388671875
H 5.520677215574937 7.750434555250527 2.099185386877322 46.59532470703125 97.48348999023438 54.699822998046876
C 4.525655565513232 7.405320534057146 1.9699088392775024 -16.56097412109375 -248.605712890625 -162.56352539062502
H 3.8844922613425927 8.014092092654352 1.3166894518606824 36.735147094726564 2.6048322677612306 19.30544128417969
H 4.002126834455338 7.077542259401003 2.841353752989109 -12.200434112548828 57.03001098632813 86.5489501953125
C 4.796569524824323 6.031543342107071 1.3119854314242745 84.21235351562501 -28.337216186523438 -58.371673583984375
O 5.934107421038183 5.491063817789639 1.3446535468927423 -160.58950195312502 77.14055786132813 31.087823486328126
N 3.7673496719233466 5.488584545123054 0.6409725265918103 36.99628601074219 81.10646972656251 15.128802490234376
H 3.006492852676912 6.136875307915506 0.4616754939230725 -4.879539871215821 -56.157019042968756 9.669309997558594
C 3.656195390484891 4.106663752627925 0.1299847961029294 -68.54523315429688 -104.68203125000001 109.91970214843751
H 3.960417165049237 3.357219743566974 0.9085999431738462 4.763744735717774 109.02977294921875 -24.99850769042969
C 2.182502620435674 3.763237248769415 -0.06635022547637902 -50.72903747558594 185.38150634765626 -225.40922851562502
H 1.8316807615756716 4.168161708394315 -1.0952804814123536 65.96847534179688 -99.78038940429688 160.08364257812502
H 2.040420789598757 2.6945067683124475 0.03113338083449794 -24.550128173828128 -22.57624053955078 -2.300799751281738
H 1.6085085641665815 4.344725901238528 0.6341445159093364 -38.985015869140625 -29.34075927734375 56.061553955078125
C 4.487882447405468 3.684522417853897 -1.0590026090662419 73.54942626953125 -192.2559814453125 16.377661132812502
O 4.286359075254044 2.5782399685462574 -1.5783168903527356 -26.49422302246094 81.73389282226563 -57.320587158203125
N 5.631742396246122 4.312159087645622 -1.2280383016508063 115.3995361328125 155.59068603515627 137.98690185546874
H 5.916371657942437 4.816744272705393 -0.3453376646045977 -26.312008666992188 -28.953070068359377 -154.80030517578126
C 6.6866172555662216 4.042683565547557 -2.2088184811473623 -38.935028076171875 -79.82328491210939 -85.51834716796876
H 7.575423029376419 3.63042468300426 -1.7448329996087062 4.726619720458984 -10.053025054931641 28.443545532226565
H 6.30552321758871 3.2986624487947447 -2.936278149475497 22.29816131591797 27.399282836914065 29.139501953125002
H 6.993715782319205 4.916794573845673 -2.780367541263912 -22.463948059082032 26.064224243164062 16.830316162109376
22
0.279327392578125
H 5.515637081921177 7.742974002154185 2.0992498582059387 64.23236694335938 102.73402099609376 54.956311035156254
C 4.526341775744673 7.402227531492207 1.9669050105477703 -42.60646362304688 -246.27248535156252 -135.17875976562502
H 3.889789006691966 8.02309240355714 1.3207694129594931 34.16481018066406 -1.7209508895874024 17.666932678222658
H 4.005830889980006 7.075764968508025 2.850233104806632 -4.567344284057618 62.423486328125 65.11221313476562
C 4.79210102761484 6.03173349839374 1.3094048583007853 134.42596435546875 -37.979071044921874 -45.739724731445314
O 5.935017441736688 5.489140162179459 1.3442525366974432 -186.46304931640626 87.36348266601563 28.257742309570315
N 3.7677498770756124 5.489031779003283 0.644085636761943 47.473452758789065 39.69508666992188 8.662207794189454
H 3.0161129199946 6.126315063087837 0.4591062379693206 -38.230810546875 -23.453941345214844 4.667145919799805
C 3.6557373773149973 4.108239519702932 0.13200348307726767 -60.343395996093754 -112.98760986328125 90.00887451171876
H 3.950050218154968 3.3475466884029492 0.9028595781060046 11.124726867675783 114.00435791015626 -19.159280395507814
C 2.1822021541000014 3.7655059026092665 -0.06317944073595573 -45.07763671875 162.44864501953126 -217.63420410156252
H 1.8281436099119492 4.171932570473253 -1.0823020317261918 62.71165771484375 -92.32465209960938 140.97462158203126
H 2.041904437696976 2.6917296409833753 0.02496817684488777 -23.623741149902344 -11.41363754272461 -1.9509717941284181
H 1.607938219421809 4.339342590373701 0.6377686508207536 -42.87491149902344 -24.246076965332033 64.15786132812501
C 4.491846316345548 3.6874246291381274 -1.0629256604785307 41.272012329101564 -216.8901123046875 29.36038513183594
O 4.283775145807302 2.5748848562046267 -1.5802361490901227 -14.54230194091797 108.03873291015626 -51.11491088867188
N 5.63351675612423 4.316028826562779 -1.2278137790041475 100.07711181640626 134.8155517578125 95.08350830078126
H 5.907691677266634 4.812632113893736 -0.35125073587732253 -8.15030288696289 -6.49150619506836 -121.39366455078125
C 6.687145464852198 4.042030671409901 -2.2081808858875593 -7.012364959716797 -61.89329833984375 -55.26925048828125
H 7.580922548740143 3.636210191458906 -1.723051667191184 -18.414260864257812 -3.8991119384765627 5.894463729858399
H 6.299471479611024 3.3082961505088466 -2.9312524186151974 21.56954498291016 6.934140014648438 17.694137573242188
H 6.997210690670154 4.91230962352724 -2.790185965150158 -25.145074462890626 21.114968872070314 24.944346618652347
22
-1.228851318359375
H 5.5120999094209004 7.738108307298315 2.100786376631455 75.02653198242187 104.28006591796876 53.67273559570313
C 4.527002623587107 7.398656289513461 1.963698580353538 -60.76613159179688 -239.8993896484375 -102.20742187500001
H 3.896181695889 8.031768489610137 1.3254024679854202 29.95246276855469 -5.102104568481446 14.498548889160157
H 4.009542456656366 7.075664344604455 2.8604671958480354 3.560363006591797 67.37512817382813 41.20616149902344
C 4.787881261500571 6.031820477081309 1.3067898674048886 182.2961181640625 -46.55553894042969 -33.03861694335938
O 5.9357057516727165 5.487380447437468 1.3439096910776391 -210.054296875 96.56370239257814 25.33464813232422
N 3.768262842455652 5.489619827761518 0.6473194374961919 55.2900634765625 -2.8293682098388673 0.9097357749938966
H 3.02470620779875 6.115166415958498 0.4561338406354945 -69.40982055664062 8.702779388427734 0.02706565856933594
C 3.6551629966493064 4.109534493928594 0.13436153457920114 -52.464941406250006 -114.1097412109375 64.95872802734375
H 3.939355415477368 3.3409208354862807 0.896812070556492 18.92627410888672 113.10784912109375 -9.018748474121095
C 2.181824621670346 3.768263799264431 -0.0604239518571246 -38.14114685058594 132.13057861328124 -194.02452392578127
H 1.8262274384733526 4.1734168415215445 -1.0660265566994294 54.972692871093756 -79.1092529296875 110.46038818359375
H 2.043217077636557 2.6886048884526166 0.018473140492409564 -22.12941589355469 2.323375701904297 -1.8616968154907227
H 1.6064880578757972 4.3333478660355285 0.6435180711728632 -44.291436767578126 -20.743832397460938 68.59163818359376
C 4.49581425507527 3.690073905036742 -1.0669446077801898 9.852288055419923 -238.55727539062502 45.26583251953125
O 4.28122081960891 2.5716809659578166 -1.5821389109029198 -2.5564331054687504 132.7553955078125 -45.965631103515626
N 5.63554859362251 4.320069788350925 -1.227215823740853 81.58303222656251 106.260595703125 39.7681884765625
H 5.8993615931525065 4.807800644090544 -0.36053463732143026 11.973339080810547 21.76478424072266 -76.57753295898438
C 6.6876267920975705 4.041224559288721 -2.2075969435929212 25.149983215332032 -40.45782470703125 -22.9973876953125
H 7.585858178730329 3.6422219091521093 -1.701038283102476 -40.73387451171875 1.6306198120117188 -17.31905517578125
H 6.294142177886108 3.3179858233529154 -2.9258355841188095 19.585408020019532 -14.49800262451172 5.033739471435547
H 7.000114715447844 4.908715051685295 -2.799287849293642 -27.62105407714844 14.967449951171876 33.28321838378906
22
-1.15478515625
H 5.510301977838019 7.735769178936264 2.10381988667577 77.9324951171875 101.77947998046875 50.659680175781254
C 4.527440192593202 7.394591548819138 1.9603172509182198 -67.9449951171875 -228.6677001953125 -64.9383544921875
H 3.9037638700382775 8.040226311351617 1.3309317554050315 23.666043090820313 -7.231616973876953 9.31162338256836
H 4.0137031376578625 7.077404017231088 2.871377700806563 10.898785400390626 70.99491577148437 16.886270141601564
C 4.78400593917778 6.031811607342639 1.3041312761422295 225.66220703125 -54.094775390625 -20.932962036132814
O 5.935985936361864 5.485753315974792 1.343610400537358 -230.215185546875 104.50936279296876 22.53183288574219
N 3.768847974394852 5.490245898644646 0.650513186424265 57.696301269531254 -42.686257934570314 -8.58245620727539
H 3.031191580407226 6.10418662615107 0.45268365727724497 -94.90067749023439 37.153280639648436 -3.3963191986083987
C 3.6545287312497576 4.110511609172459 0.1368600667963927 -45.05656433105469 -108.65504150390626 35.798089599609376
H 3.9289044413958396 3.33746898663391 0.8906601025840012 27.693896484375003 106.53420410156251 4.715591812133789
C 2.1813341602350085 3.771258337636681 -0.0581456456057125 -29.96363525390625 97.88220825195313 -156.05885009765626
H 1.8259359446548464 4.172885949424925 -1.047076966420705 43.021337890625006 -61.02315063476563 70.20701293945312
H 2.0439698008696463 2.68580251372696 0.012123904034987077 -20.166497802734376 16.26620330810547 -2.0483758926391604
H 1.6041452809496852 4.326681423968895 0.6512273531542232 -43.08109741210938 -18.81591033935547 69.19191284179688
C 4.499654200626701 3.692394065687734 -1.0712093401181022 -19.923062133789063 -256.5828857421875 63.936376953125006
O 4.278683431241224 2.568655170686436 -1.584129862778407 9.205318450927734 155.28212890625002 -42.047827148437506
N 5.637765796844566 4.324226693064355 -1.2264874240395662 61.28117065429688 72.80653076171875 -23.122970581054688
H 5.89184502210017 4.802984243027942 -0.37227166562425307 32.414739990234374 53.178338623046876 -24.902976989746094
C 6.688079334180781 4.040462783497498 -2.207136942345765 55.319451904296876 -19.265077209472658 9.912136840820313
H 7.589711163965846 3.6482595962695 -1.679337501668153 -61.094879150390625 6.307122421264649 -40.27751159667969
H 6.289437463928108 3.3269291696133614 -2.920201995478617 17.011576843261718 -35.2199462890625 -7.566281127929688
H 7.0025631100723285 4.905279518820809 -2.807629846253713 -29.456741333007812 9.54859848022461 40.72435607910157
22
0.87371826171875
H 5.51014737033349 7.736007129385922 2.108086843608349 73.7771484375 95.44342651367188 45.88247985839844
C 4.527884308338144 7.389997995422504 1.9567583539654017 -65.91401977539063 -212.23894042968752 -24.595286560058597
H 3.9121004314022727 8.04811024968646 1.3371276085945747 16.085574340820312 -8.453993225097657 2.7132841110229493
H 4.018638674395259 7.080858819383899 2.882712569884524 17.371958923339843 73.00347290039063 -7.364443969726563
C 4.780606662382184 6.031628006281143 1.3013661250906954 264.5423583984375 -60.57781982421875 -9.219532012939453
O 5.935985352813101 5.484291660730411 1.3433599026666942 -246.7551025390625 111.06269531250001 19.845802307128906
N 3.769603053760509 5.490681619374894 0.6536988065128245 51.90488891601563 -76.28535766601563 -20.249038696289062
H 3.0349433575096025 6.094146214732547 0.44889959676689006 -111.74052734375 59.029571533203125 -4.784319686889648
C 3.6538968681699395 4.111130016002929 0.1395806175464937 -38.368875122070314 -97.85100708007813 3.0515113830566407
H 3.9186203224404026 3.336645705506671 0.8845823719414214 37.248608398437504 95.00198974609376 21.46799774169922
C 2.1807541222295725 3.7744662532958726 -0.056208372739236984 -22.255781555175783 62.56024780273438 -107.09218750000001
H 1.8265395508683238 4.1707811945946816 -1.0264604586589163 28.243627929687502 -39.35927124023438 23.728929138183595
H 2.0439223526412342 2.683706088150275 0.00570195426348116 -17.732041931152345 29.27437438964844 -2.271562194824219
H 1.600781921868892 4.319497070657057 0.6610240261574338 -38.86183166503906 -18.7475830078125 65.571337890625
C 4.5032613967577015 3.694344938680042 -1.0755950640156684 -47.1119384765625 -270.30556640625 85.17127685546876
O 4.276164905938553 2.5658712808196142 -1.5859942449974527 20.457579040527346 174.94963378906252 -39.591302490234376
N 5.640205176593387 4.328406861675991 -1.225640788020402 40.57619323730469 37.449530029296874 -87.61473999023438
H 5.885466339345954 4.79922133060012 -0.38501203022738045 51.58229370117188 84.55709838867188 27.851318359375
C 6.688670819558842 4.039694932203628 -2.206734008612785 80.01613769531251 2.141770362854004 40.88271179199219
H 7.5918552029986985 3.654471935548867 -1.658698922383729 -77.0128662109375 9.203296661376953 -61.26414184570313
H 6.285045214108398 3.3347234557212646 -2.9143915485776626 14.516754150390625 -54.296435546875 -19.371165466308597
H 7.0043156353366935 4.902339819703341 -2.8150053597103253 -30.570166015625002 4.4388587951660154 47.25106506347657
22
4.625030517578125
H 5.511589488302643 7.7387732513016285 2.113299785166169 62.61421508789063 85.12626342773439 39.50167236328125
C 4.528193688768475 7.384987144467665 1.9531493074680344 -55.553863525390625 -189.34315185546876 16.365144348144533
H 3.921018963125611 8.05576319611342 1.3431613095480686 8.289601898193359 -9.930671691894531 -4.01402702331543
H 4.023898619513171 7.085807081158338 2.893896928037691 22.760264587402347 73.27749633789062 -30.629583740234377
C 4.77766408164132 6.031342508901507 1.2985486170848444 298.7259765625 -66.12500610351563 2.089671516418457
O 5.935652334737344 5.483051357211261 1.3431927259713272 -259.538037109375 116.23741455078125 17.307461547851563
N 3.7704981827010675 5.490929170693745 0.6569189882171576 36.316967773437504 -101.77424926757813 -34.68924560546875
H 3.0355895524430276 6.085651532020546 0.44502798365189 -118.4140625 72.91576538085938 -3.5590671539306644
C 3.6530280746744204 4.111526254744828 0.14233702782397864 -31.4931884765625 -82.66616821289062 -31.457321166992188
H 3.9085537367742065 3.3384404710470266 0.8789632824326904 47.133203125 79.40205688476563 40.07429504394531
C 2.1800376593055453 3.777771184238058 -0.05448849360625705 -16.050209045410156 28.96436767578125 -51.288732910156256
H 1.8275656534332918 4.167713066611201 -1.0052369583712397 11.84834442138672 -15.793232727050782 -25.459194946289063
H 2.0437125931385025 2.682517871351589 -0.0009582343096128092 -15.31398162841797 40.18673095703125 -2.3490015029907227
H 1.5962949705975777 4.31195620944435 0.6725939147122361 -31.753005981445312 -20.576806640625 57.99680786132813
C 4.506495422540258 3.695908705145854 -1.0800107280597095 -71.14251098632813 -279.9392333984375 107.9122802734375
O 4.273653755122123 2.563299304393608 -1.587802849880056 31.00489501953125 191.9064697265625 -38.25090637207031
N 5.642756479829266 4.332605874288772 -1.2248494083949844 20.97129364013672 4.097179031372071 -146.17215576171876
H 5.880597518382624 4.79740590180783 -0.39699493878229253 67.59145507812501 112.22469482421876 74.8806884765625
C 6.689402072555009 4.0390858897318225 -2.2062836400896475 97.806689453125 20.604580688476563 68.806884765625
H 7.592176658680584 3.6609047772088465 -1.639245829309417 -88.21478881835938 10.292424774169923 -79.72532348632814
H 6.280811701884684 3.3412606171473835 -2.909029318360758 12.855921936035157 -70.42379760742188 -29.023171997070314
H 7.00536449357056 4.899561639714449 -2.8206979788649056 -30.44519958496094 1.3368595123291016 51.68281860351563
22
9.13153076171875
H 5.514307284828486 7.743790841860982 2.119415126398147 45.74822692871094 71.34458618164062 31.517361450195313
C 4.528459899547822 7.379571066615189 1.9496114228849204 -37.71336364746094 -160.39908447265626 56.128674316406254
H 3.930189989787596 8.062609182892807 1.3488522195148596 0.5318429470062256 -11.48539505004883 -10.719490051269531
H 4.029879825028533 7.092101553031176 2.90441056211502 26.34791259765625 71.43276367187501 -51.363476562500004
C 4.775334356713936 6.030916283658197 1.295760658588566 327.09580078125003 -71.00801391601563 12.561885833740234
O 5.935010272906589 5.481986793510746 1.3430974417179535 -267.97751464843753 119.88037109375 15.016012573242188
N 3.771573837487037 5.490832445038402 0.6601040428378945 11.23838577270508 -117.32891845703125 -51.4867431640625
H 3.0331622370969735 6.079157989112639 0.4412345718379156 -114.2326416015625 77.84072875976562 0.5255725860595704
C 3.6521928546688587 4.111627226268755 0.14515262492247905 -25.021482849121096 -64.98350830078125 -66.29969482421875
H 3.89928625345211 3.3422785783573716 0.8743475883227371 56.76552124023438 61.23529663085938 59.121942138671876
C 2.1792676376421967 3.7811203528845807 -0.052885024862659016 -11.035061645507813 -0.7732849597930909 7.402228546142578
H 1.8288300654575906 4.16394482175102 -0.9846445068815852 -5.045520401000977 8.185715484619141 -73.92171020507813
H 2.043567199776626 2.6826872608441428 -0.007328295487022203 -13.1680419921875 47.60420837402344 -2.348960113525391
H 1.5912006261053355 4.303953972927037 0.6857403829297916 -22.50582275390625 -23.575926208496096 47.11073608398438
C 4.509421978336022 3.69694320250205 -1.0843810674733632 -91.38084106445314 -284.21481933593753 132.226513671875
O 4.27130608195054 2.5610963544440897 -1.5895933316818662 40.44008483886719 205.050634765625 -38.27626953125
N 5.645398919911173 4.336806019312998 -1.2241651048937017 4.3590545654296875 -24.540945434570315 -194.07813720703126
H 5.877880880751051 4.79840246530605 -0.4071444683404485 78.87090454101563 133.49627685546875 111.50325927734376
C 6.690424081090867 4.03847102070719 -2.20565051974609 106.46163330078126 35.175634765625 91.43086547851563
H 7.5904138968140895 3.667375233869113 -1.6213195390051551 -93.49233398437501 9.228186798095704 -94.518115234375
H 6.276504285288426 3.3461371928145396 -2.904335775131497 12.704802703857423 -82.70519409179688 -35.499279785156254
H 7.005824888627416 4.896456952085873 -2.824901393463113 -28.99154968261719 0.5406828880310058 53.96680297851563
22
13.249420166015625
H 5.518032430073683 7.750751214046706 2.126081513623463 24.570901489257814 54.653173828125006 22.176345825195312
C 4.528765924748797 7.373946201881938 1.946119691686943 -13.513262939453126 -125.706884765625 93.4964599609375
H 3.939488482705549 8.068909490151636 1.3544797632442673 -7.039255523681641 -13.113485717773438 -17.699111938476562
H 4.036522372989089 7.100108434584271 2.913664149927446 27.929141235351565 67.09481811523438 -68.35835571289063
C 4.773709929948187 6.0304829419198125 1.2929415125040995 348.1836181640625 -75.02332763671875 22.02506561279297
O 5.933959278319715 5.481216464376675 1.3430511916851549 -271.354541015625 121.63442382812501 12.930397033691406
N 3.772730674681728 5.490524073634907 0.6632035851545586 -21.605203247070314 -123.72366943359376 -70.35540771484375
H 3.0280577604036294 6.074699100174436 0.4373490349709766 -100.33467407226563 74.87390747070313 7.331001281738281
C 3.6512699338824595 4.111624757070001 0.1478268148097754 -18.166943359375 -46.955545043945314 -99.23828125
H 3.8907699147255186 3.347655188585489 0.8711911280410036 65.64183349609375 42.39743347167969 76.83119506835938
C 2.178478819671263 3.7845431111942025 -0.05129018744508723 -8.94113998413086 -25.508039855957033 63.5411865234375
H 1.8299716210039663 4.160385505235061 -0.9660694400772812 -20.853451538085938 30.62726745605469 -117.36654052734376
H 2.043115069283429 2.684109091997841 -0.013614581481250282 -11.035393524169923 51.977935791015625 -2.2146974563598634
H 1.585578291785605 4.295591144493936 0.6999665958084837 -11.634551239013673 -27.216702270507813 33.687628173828124
C 4.511914751143125 3.6974868510217966 -1.088817201334388 -107.43826904296876 -282.87890625 157.9242919921875
O 4.2691172840291935 2.559293832989946 -1.5913777948491228 48.567169189453125 214.11979980468752 -39.723916625976564
N 5.648085902095543 4.340966619656687 -1.2236807799595513 -8.779590606689453 -46.160009765625006 -227.01713867187502
H 5.877121781353085 4.802812043605477 -0.41434488531134045 84.66641845703126 146.11381835937502 133.65582275390625
C 6.69172626733959 4.0379671503265 -2.2048536526149727 103.85360107421876 46.4521484375 105.82374267578126
H 7.585915791856056 3.6743190140887627 -1.60557998452663 -90.77199096679688 5.385452651977539 -103.91856689453125
H 6.272299711096174 3.3489773036728026 -2.9005540146059365 14.462039184570314 -90.3571533203125 -38.0707275390625
H 7.005487903831615 4.893479141029003 -2.8278276743310347 -26.40645446777344 1.3135239601135256 54.539605712890626
22
15.970428466796875
H 5.522109602227076 7.758909178657665 2.1331854368769756 1.2613930702209473 36.0504638671875 11.8842529296875
C 4.529069170116657 7.368115299807868 1.942777750001744 14.849311828613281 -86.60853881835938 126.6271728515625
H 3.9486862123194193 8.074554588043096 1.3596618548937198 -13.996444702148438 -15.177844238281251 -24.34779510498047
H 4.043919678700585 7.108874964727319 2.9212150278924467 27.14234619140625 60.69556274414063 -80.70595092773438
C 4.772776137524146 6.0299278442344235 1.2902137514822027 361.6419921875 -78.41072998046876 29.91805419921875
O 5.932537944353562 5.480543821735834 1.3430485374832002 -269.96384277343753 121.68062744140626 11.12484359741211
N 3.7738130637097496 5.489859161709088 0.6661987813886183 -61.26185913085938 -120.75377197265625 -90.92725830078126
H 3.0202253132292456 6.072129333770038 0.4332818433130494 -76.89038696289063 64.27474975585938 16.902760314941407
C 3.65025562982896 4.111407224567057 0.15035901989074762 -10.15025863647461 -30.601782226562502 -127.9938720703125
H 3.8839757928740455 3.3538425580435485 0.8700903895177816 72.79170532226563 24.984011840820315 91.23677368164063
C 2.1776720563504637 3.787874412266479 -0.049507953438875964 -9.819816589355469 -44.57725219726563 112.06563720703126
H 1.8306589977273313 4.157193536894525 -0.950682059532813 -34.257208251953124 50.103982543945314 -152.262646484375
H 2.042394055218944 2.6867577634741964 -0.01987404159091448 -8.92103271484375 52.88804321289063 -1.8132043838500977
H 1.5799383815855395 4.286376223913963 0.7149650249811177 -0.40543355941772463 -30.46005554199219 19.125083923339844
C 4.513966055015652 3.697536417587279 -1.093208642817375 -119.92781982421876 -277.2674072265625 184.1763427734375
O 4.267106250860902 2.557724743334428 -1.5931844185211197 55.428497314453125 219.92888183593752 -42.12340393066407
N 5.650680555380751 4.344908002529538 -1.2234185997618805 -16.607298278808596 -58.86236572265625 -243.0447998046875
H 5.878890158489906 4.81081858380069 -0.4182480347796211 84.10697021484376 148.67302246093752 139.48112792968752
C 6.693328682312715 4.0374213655401805 -2.203854165802055 89.83737182617188 52.94057006835938 110.44700927734375
H 7.5792106992521635 3.6815908721700916 -1.5924045947088505 -80.73189697265626 -0.9655848503112794 -107.60456542968751
H 6.268325773648197 3.3494617452442874 -2.8984386124096284 18.68507995605469 -92.35797119140625 -35.56608276367188
H 7.004510401283966 4.89040870893617 -2.8294156444365894 -22.811372375488283 3.8233997344970705 53.40053100585938
22
16.856536865234375
H 5.526294585730435 7.767555790909499 2.1403125536467584 -22.721560668945315 16.556568908691407 1.0939992904663087
C 4.529373981606559 7.362191477930242 1.9397333481292254 45.09349060058594 -43.06271057128907 152.49310302734375
H 3.9571475320396488 8.079672947073586 1.3639008550910456 -19.10491943359375 -18.691006469726563 -29.562435913085938
H 4.051948693583746 7.118714619487986 2.926715312338231 23.770799255371095 52.067041015625 -87.19672851562501
C 4.772546562522196 6.029307722072681 1.28758413083322 366.91325683593755 -80.61218872070313 36.64296875
O 5.930675022155393 5.480061709675459 1.3431513470697551 -263.44755859375 119.71734619140625 9.536081695556641
N 3.7747932395589894 5.489074124122048 0.6690623006350671 -105.74874267578126 -110.01319580078126 -112.6845703125
H 3.0100240834503538 6.0713719235504815 0.4296357535073378 -45.68612060546875 47.40791931152344 28.669430541992188
C 3.649305532246263 4.111153087054118 0.15278975736619843 -1.5933932304382326 -16.937135314941408 -151.19466552734374
H 3.8785271382150666 3.3607209999941317 0.8718243724514236 78.2809326171875 10.159360504150392 101.06199951171875
C 2.176966537787601 3.791109107660295 -0.04743529465440463 -14.298439025878906 -55.352532958984376 151.89818115234377
H 1.83039392784921 4.154776204696147 -0.9385339106803331 -44.50633544921875 65.99702758789063 -177.58172607421875
H 2.041825632186833 2.6911528627563523 -0.02638321163454021 -7.156655883789063 48.74944152832032 -1.0443052291870119
H 1.574113157202044 4.276476155239375 0.7306924032684148 11.548001098632813 -33.652285766601565 3.302248764038086
C 4.51561474378876 3.697270741124121 -1.0975068918527071 -128.75108642578127 -267.723193359375 210.71892089843752
O 4.265233699953152 2.5565774145239324 -1.594999176213612 61.016735839843754 222.54069824218752 -45.404431152343754
N 5.65322326797606 4.348721389280376 -1.223413456756219 -19.166957092285156 -61.69840698242188 -241.26811523437502
H 5.883231311056542 4.822422594396645 -0.4186206968544002 77.18882446289064 140.55806884765624 128.49990234375
C 6.69523244539071 4.0370769525493575 -2.2026056846755955 65.81105346679688 55.16255493164063 105.0805419921875
H 7.570473722607277 3.6887978749034787 -1.5817096135965028 -64.13602905273437 -9.102264404296875 -105.78701171875001
H 6.2645802388910905 3.347764567521403 -2.8975214405583833 25.209829711914065 -89.01564331054688 -28.595504760742188
H 7.002884980268779 4.887871940355085 -2.829974172752769 -18.515135192871096 6.944529724121094 51.32213134765625
22
15.97857666015625
H 5.529710485913235 7.776684368897843 2.147201349947052 -44.97516784667969 -2.9431028366088867 -9.685063934326173
C 4.529719526057878 7.356304573384289 1.9369203850786518 75.2226318359375 3.1965373992919925 169.60648193359376
H 3.9648527372096516 8.084334911873192 1.3672852711166916 -22.619728088378906 -23.498086547851564 -33.58006591796875
H 4.060690931392571 7.129657626981896 2.9297534282112165 17.59394989013672 41.28946228027344 -86.94385375976563
C 4.772987051474263 6.028535708725997 1.2848260875537878 364.181640625 -80.889404296875 42.65181884765625
O 5.928396988336919 5.479817249988602 1.3432187443823687 -251.93315429687502 115.53076171875 8.088825225830078
N 3.7755905730033734 5.488181980254411 0.6715520722929651 -151.214306640625 -93.80569458007812 -134.27923583984375
H 2.998678071511466 6.072266507537247 0.4266272749946292 -10.324572753906251 26.595809936523438 41.33522644042969
C 3.6483612776291077 4.110827055327972 0.15497223084620515 7.139304351806641 -6.444037628173828 -168.61004638671875
H 3.8745098084760663 3.36820064161299 0.8764064563296313 82.00977783203126 -1.6707115173339844 105.93883056640625
C 2.176198323619028 3.7941825920275867 -0.04513697970671187 -22.110266113281252 -58.274591064453126 178.69176025390627
H 1.8286616257124035 4.15356264885895 -0.9307356630882181 -50.42824401855469 77.01506958007813 -190.36561279296876
H 2.041092433645791 2.6969516089820997 -0.033103605850022935 -5.593699645996094 40.42803649902344 -0.02936692237854004
H 1.5686080833977334 4.265651966014172 0.746570532387737 22.889704895019534 -35.8420166015625 -12.237367248535158
C 4.516800497202332 3.696596434874233 -1.1018556285105607 -133.42947998046876 -253.7701416015625 237.55556640625002
O 4.263523647947325 2.555734724675524 -1.5969038485839602 65.25755004882812 221.8736572265625 -49.595251464843756
N 5.65573908626542 4.352436067100256 -1.223800743456239 -17.63642272949219 -55.401763916015625 -223.01713867187502
H 5.890108031475209 4.837258708307937 -0.4159007582705532 64.36840209960938 122.23004150390625 102.24157104492188
C 6.697316488133199 4.036883809769143 -2.201193322678023 34.18235473632813 53.764306640625 90.915576171875
H 7.5603257716664585 3.6962277635812346 -1.5737226100411648 -42.07040100097657 -18.723042297363282 -98.63300170898438
H 6.261519623579618 3.3439349188280607 -2.8973450732617483 33.2702880859375 -81.50162353515626 -18.34127197265625
H 7.000678748378019 4.885509672616102 -2.8298928159790786 -13.780191040039064 10.840538787841798 48.29161376953125
22
13.947540283203125
H 5.531883808968306 7.785755687645106 2.1539675192797416 -63.98261108398438 -21.5714111328125 -20.113972473144532
C 4.5301192279289175 7.350397220744202 1.934451277073677 104.01529541015626 50.07872009277344 178.9325927734375
H 3.971957163507463 8.088134517924367 1.3700957882965061 -25.14071960449219 -28.772000122070313 -37.08877258300782
H 4.069912437242054 7.141667802644517 2.930643728914268 9.051326751708984 28.69870300292969 -80.56852416992189
C 4.774144943716001 6.027475263952898 1.2821636194494446 352.8323486328125 -79.47689208984376 47.553628540039064
O 5.925717906348815 5.479609369844461 1.3433709463029762 -235.387548828125 109.17122802734376 6.971522521972656
N 3.776154261143821 5.4870345628036175 0.6737775077400241 -193.98446044921877 -73.81353149414063 -154.32841796875002
H 2.9870727053924147 6.07416403849319 0.42445737378706283 26.200619506835938 4.034232330322266 53.91288452148438
C 3.6474908585238786 4.110418366944329 0.15694679043041196 15.880975341796876 -0.4443817138671875 -178.98291015625
H 3.872368371424808 3.375688215557005 0.8837766323450069 83.59783935546875 -9.49497528076172 105.20084228515626
C 2.1753483642516382 3.7971414923079783 -0.04239315352065261 -32.412680053710936 -54.561279296875 189.8355712890625
H 1.825924042606497 4.153696569980801 -0.9276668204736807 -51.69987182617188 82.61072998046876 -189.68128662109376
H 2.0402184889784896 2.7038232735881715 -0.0397808972849924 -4.246185684204102 29.008160400390626 1.191991138458252
H 1.5635893883714607 4.2541313936973095 0.7619254333344472 32.609631347656254 -36.389373779296875 -26.018539428710938
C 4.517555132360471 3.6954350915128042 -1.1060003329023527 -133.79320068359377 -235.59931640625 263.8230712890625
O 4.261930776189103 2.555093110771656 -1.5986831558704413 68.20112915039063 218.14423828125 -54.550140380859375
N 5.65826804848538 4.355955743277818 -1.224417949904005 -13.768551635742188 -41.794253540039065 -191.52895507812502
H 5.898903951405136 4.854577167543649 -0.4107645938352017 47.0079345703125 95.57729492187501 64.27933349609376
C 6.699421905144037 4.03675303531535 -2.199480333869614 -2.0678060531616214 48.30253601074219 69.28615112304688
H 7.549451687251966 3.703146158555883 -1.5683159428935336 -16.49880065917969 -28.91382751464844 -87.097998046875
H 6.25921856229116 3.338032758965856 -2.897618494601486 42.399505615234375 -70.18038330078126 -5.430852508544922
H 6.998070597824459 4.883231955594154 -2.8290001814710837 -8.814173889160157 15.385766601562501 44.40278930664063
