22
2.301910400390625
H 1.7946566747658155 5.983966384130134 1.9445639750842505 -23.155235290527344 -100.70498046875001 -67.0179931640625
C 1.5497151506043216 5.007770018062647 1.4280522362593249 162.969580078125 152.4293212890625 -15.919427490234376
H 0.6941906616243193 5.16869205856522 0.7736314658636159 18.28571014404297 -19.005218505859375 -23.650852966308594
H 1.301141919321189 4.337810656986381 2.1985145739522434 -28.17781982421875 -88.35826416015625 63.42891235351563
C 2.8334342364643357 4.500862606725121 0.6935426170746579 75.70810546875 -46.87287902832031 -48.95906372070313
O 3.366229370795481 3.3948784898901803 0.9359628975171468 -99.34029541015626 126.47288818359375 23.401512145996094
N 3.3696254604004316 5.310016208408958 -0.25387127552500677 -27.785671997070313 -119.75924072265626 -11.904559326171876
H 2.717077645435502 5.957162192690115 -0.6239410285290871 -16.44349822998047 78.27351074218751 17.695127868652346
C 4.434181861365176 4.936193464410485 -1.2422352077425738 -84.62979736328126 45.607696533203125 74.40743408203126
H 4.052600995201672 4.162882272575928 -1.8813047622085772 -2.603832244873047 -73.56845092773438 3.2265781402587894
C 4.558724737545605 6.117421052490405 -2.1697140162262465 -14.19950408935547 -42.05407409667969 -62.44576416015625
H 4.791603921722923 6.955492536876098 -1.5005596708416846 -44.935583496093756 35.38662109375 -55.85944213867188
H 5.465859870502014 5.947715872427837 -2.807865113754292 -94.90960083007813 17.775453186035158 11.751226806640625
H 3.5602844399917526 6.1181665259106595 -2.754690235035553 175.203076171875 69.60297241210938 72.59931030273438
C 5.801531590812533 4.501347543231193 -0.6925868006380925 62.787261962890625 -192.42060546875 -23.126557922363283
O 6.488434799944867 3.7002185536237957 -1.3532974941738964 -26.094891357421876 85.21452026367189 21.468678283691407
N 6.162764840611423 4.858385761368476 0.5387872202421353 10.312841796875 11.16651077270508 -11.04514846801758
H 5.513943928115898 5.454914763906222 0.95828433838415 -53.6920654296875 58.71607055664063 93.10066528320313
C 7.434325741971972 4.563286704163379 1.212730784225271 16.77859344482422 -97.64091796875 -165.1781005859375
H 7.704071215757966 5.2919202912652255 1.9246621480065942 6.071868896484375 84.01119384765626 66.15310058593751
H 7.454193354064512 3.564124949309957 1.7059381974160108 -17.566683959960937 47.606011962890626 -50.41302185058594
H 8.154989036644032 4.619543043103338 0.3634929703871804 5.417436981201172 -31.87814636230469 88.28738403320312
22
-0.27703857421875
H 1.8036324006423397 5.980458372035617 1.9416668145483316 -23.815486145019534 -84.87881469726562 -53.099700927734375
C 1.5514667948753036 5.011483431683461 1.430267326042117 122.27595214843751 138.90849609375002 -65.456298828125
H 0.6855492055626288 5.177836154757517 0.7604057621161813 58.573822021484375 -23.87996063232422 9.095384216308593
H 1.2948474438286197 4.330930256413579 2.188535980373048 -27.634170532226562 -84.86753540039064 66.79000854492188
C 2.8341958431116505 4.5032337655320465 0.6955898394156467 75.81138916015625 -61.726593017578125 -43.38407592773438
O 3.3668250139343603 3.39410128193194 0.9398130842926726 -103.52490234375 140.3212890625 20.179129028320315
N 3.3670511257634717 5.310005228719556 -0.25442580737745757 -10.711970520019532 -128.2205322265625 -7.715477752685548
H 2.715054961453902 5.946980110930019 -0.6324804877487443 -27.698297119140626 88.20197143554688 14.374472045898438
C 4.432916110292602 4.932313031843232 -1.2388065782256958 -84.09254760742188 70.25972900390626 68.9536865234375
H 4.043381597876026 4.164239758814084 -1.871836918495726 -1.0306355476379394 -85.88045654296876 -4.468062210083008
C 4.558594242210705 6.113397853138093 -2.1748103405783006 -0.14172096252441407 -29.308306884765628 -23.140151977539062
H 4.789999053640398 6.9596482406333395 -1.504005484304742 -48.966790771484376 19.183686828613283 -67.31612548828126
H 5.466175800073501 5.948867178974223 -2.807096944150433 -87.16433105468751 13.306687927246095 4.962953186035157
H 3.5689726911890296 6.115795415964241 -2.7589899914088982 155.62209472656252 67.754931640625 61.43367919921875
C 5.802629167241103 4.502099891861785 -0.6912160527056777 55.54193115234375 -200.5227783203125 -39.03795471191407
O 6.4901915197290085 3.7058504561523486 -1.3552656336222324 -22.993031311035157 82.31361694335938 19.76971893310547
N 6.16297700776856 4.853559681958015 0.5372777546041921 -3.653295135498047 35.530670166015625 14.783923339843751
H 5.509258951736333 5.452304152563817 0.9595534092880731 -40.3021240234375 45.1956787109375 84.05457763671876
C 7.433909228871023 4.563922601568838 1.2123323864051982 4.301923370361329 -72.068310546875 -178.23466796875002
H 7.69970292266199 5.293795155797381 1.9226965179702649 7.495130920410157 85.0084716796875 69.52733154296875
H 7.4493149322694405 3.573812422637337 1.6949225138954893 -13.335722351074219 16.218011474609376 -31.604144287109378
H 8.149993128029895 4.620420204997573 0.36524445836565167 15.44278564453125 -30.84994812011719 79.531787109375
22
-3.209442138671875
H 1.8121641249241471 5.974791667131845 1.9371269867910488 -22.489122009277345 -61.95924682617188 -35.34325866699219
C 1.5535099189483617 5.015475627467291 1.43237137913775 80.57505493164064 111.380224609375 -111.38348388671875
H 0.6783550015047081 5.18608075502561 0.7475295161114892 95.63458251953125 -28.024307250976562 40.00291137695313
H 1.2879038838494805 4.322127821647415 2.179975306563176 -24.70599365234375 -75.466845703125 64.3732666015625
C 2.8351486539656143 4.505464717459692 0.6974089106335437 74.31087646484376 -75.35650634765625 -36.98714904785157
O 3.367233597174492 3.3934033817138354 0.9437454734924532 -106.93093261718751 152.966064453125 16.89790954589844
N 3.364446054184553 5.309834920383394 -0.25505187085283176 1.3552958488464357 -130.83870849609374 -5.949067687988282
H 2.7122193689213425 5.939359289502461 -0.6405019733507454 -33.680975341796874 92.62921142578125 13.531575012207032
C 4.4314764290217825 4.9284480661752275 -1.2352585852015356 -82.48694458007813 90.93081665039062 60.85150756835938
H 4.034723525336512 4.163604025356083 -1.8621612253102504 0.8785984039306641 -95.0118896484375 -10.442463684082032
C 4.558523276151659 6.109223965237671 -2.1800417064624824 16.022491455078125 -16.853387451171876 22.321324157714844
H 4.787131307287595 6.9638926019858065 -1.5091311684051476 -51.49664916992188 4.473292541503906 -76.68092651367188
H 5.464268349690746 5.950202369656427 -2.806012651937248 -74.13197631835938 8.070308685302734 -4.667280197143555
H 3.5811510797458523 6.114654056737337 -2.761805104217574 126.94759521484376 65.18211669921875 44.858584594726565
C 5.803852713175727 4.502393803500688 -0.6899323021194499 45.897525024414065 -205.3547119140625 -53.22774658203125
O 6.491980704874122 3.711606530003947 -1.3572688625440597 -18.8138916015625 78.0123046875 17.00716552734375
N 6.163159033921487 4.8486945630210325 0.5356999629920898 -22.868630981445314 64.93295288085938 44.32087707519531
H 5.503165383235951 5.451002304825801 0.962745653455791 -21.007815551757815 25.93683776855469 70.16671752929688
C 7.4334514535056195 4.564413773924332 1.2115398572489733 -8.345420837402344 -39.719677734375004 -182.02060546875
H 7.695636229923717 5.29753439025912 1.9222525550742529 6.972359466552735 80.27003173828126 67.75752563476563
H 7.443977045812411 3.5839774090474426 1.6831018621128724 -9.29166259765625 -16.958624267578127 -11.80585403442383
H 8.14553039725228 4.620335103597773 0.36929455995189076 27.655642700195315 -29.24024658203125 66.41846923828125
22
-5.62890625
H 1.8201597765177522 5.967449477552366 1.9315950293085737 -19.43332977294922 -33.926065063476564 -14.995684814453126
C 1.5557356373459168 5.019657701430493 1.4342991207765774 39.68541259765625 71.23746337890626 -150.18096923828125
H 0.6733052704484693 5.193690075479539 0.7355576373809376 127.4159912109375 -31.109432983398438 67.30841064453125
H 1.2799964316251133 4.311524246068726 2.1730901726267873 -19.128132629394532 -59.813775634765626 55.95676879882813
C 2.8362455910747904 4.5075721431137 0.6992531651061619 71.5427978515625 -87.5937255859375 -30.44837646484375
O 3.3675255439726204 3.392923004960171 0.9477785001748587 -109.55634765625001 163.92454833984377 13.928559875488283
N 3.361798609337715 5.309392761227679 -0.2555597110619519 9.21955032348633 -128.041259765625 -6.735208892822266
H 2.7087750775523474 5.933888690696171 -0.6479898682753242 -35.19666442871094 92.47460327148438 15.068115234375
C 4.429867771874215 4.924727142210247 -1.231558034108893 -80.89127807617189 106.09071044921876 49.66642456054688
H 4.02601647058791 4.160824677799461 -1.8525086243955113 4.016786575317383 -99.81360473632813 -13.856538391113283
C 4.558486336664241 6.105047933370726 -2.185192329083825 34.201977539062504 -6.171108627319336 70.16790771484375
H 4.783212567932603 6.968020241949907 -1.5161471390828258 -52.355859375 -7.7340545654296875 -83.117431640625
H 5.4605562031064245 5.951355366812385 -2.805072155859436 -57.538488769531256 2.5697734832763675 -15.66260223388672
H 3.596357721783777 6.114940527754502 -2.7636480630496396 90.94121704101563 61.97719116210938 24.1902587890625
C 5.8051971372149405 4.502251013936494 -0.6887336205276222 33.95185852050781 -206.6680908203125 -64.8429931640625
O 6.493801145395115 3.7174977351793395 -1.3592635386207537 -13.567828369140626 72.31046142578126 13.114108276367189
N 6.1633051023163965 4.843862302745866 0.534260037348389 -45.15869140625 96.7235107421875 75.13355102539063
H 5.496390651469573 5.450561967432995 0.9676158286402037 1.8175798416137696 3.1966854095458985 52.99332885742188
C 7.433002202669677 4.564813772951196 1.210385063829623 -19.80265350341797 -2.4055843353271484 -176.92200927734376
H 7.691657682659442 5.302958904349596 1.9236241223514412 4.701994323730469 69.99285888671875 60.768774414062506
H 7.438578515853288 3.5941564086011786 1.671165501468429 -5.665024566650391 -50.10162963867188 7.818996429443359
H 8.14201799386678 4.6194311228910845 0.3750187677559768 40.799127197265626 -27.119482421875002 50.64662170410156
22
-6.87713623046875
H 1.8279597508777166 5.959292324632662 1.9256252722245681 -15.362393188476563 -3.6463176727294924 6.4220947265625
C 1.5580728471791192 5.0239804787125975 1.4359621970862215 3.1441564559936523 22.794891357421875 -180.86710205078126
H 0.6709262144433825 5.200872223368801 0.7251388956307114 152.04497070312502 -32.88710327148438 89.37210083007812
H 1.271723342463977 4.299654020256715 2.167155122831816 -11.66853485107422 -39.616943359375 43.72158508300782
C 2.8375025827924953 4.509605558739572 0.7009910199440663 67.09209594726563 -98.66807250976564 -23.428436279296875
O 3.36771566321189 3.392704015363397 0.9518628294771131 -111.35976562500001 173.29632568359375 11.15510711669922
N 3.359076896399243 5.308703145719697 -0.2560115914011065 13.55206756591797 -119.92509765625 -10.479309844970704
H 2.7050084474871006 5.930709174108115 -0.6551130823307865 -32.680242919921874 88.11037597656251 19.08892364501953
C 4.428143431487794 4.921345709140476 -1.2277645073083017 -80.12318115234376 114.34964599609376 34.993960571289065
H 4.0170779446780545 4.155895976404935 -1.843195585322933 8.913279724121095 -99.471728515625 -14.169720458984376
C 4.558537750584848 6.100968293145259 -2.190136911828319 51.71505126953125 1.8790674209594727 116.380419921875
H 4.778194066914494 6.971758637490688 -1.5252086796777775 -51.397247314453125 -16.401817321777344 -85.86431274414063
H 5.455385104354548 5.952589107529866 -2.8046035357758177 -38.3765625 -3.1150739669799807 -27.143505859375
H 3.6134960523992774 6.1164750766037335 -2.7652383533420544 51.08983459472657 58.301416015625 1.5573241233825685
C 5.8065702012654405 4.501714232126569 -0.6877717618158075 20.271670532226565 -204.34257812500002 -73.28563842773438
O 6.495612053716436 3.7235853814684106 -1.3613611505905385 -7.34990463256836 65.21611328125 8.015192413330078
N 6.163403123321952 4.839180834036581 0.53286184215178 -67.55975952148438 127.77611083984375 104.778564453125
H 5.489606317924569 5.450059832568078 0.9735360209305388 25.08107604980469 -20.04863739013672 34.63893127441406
C 7.432547189988458 4.565286132192314 1.208844239566615 -29.54892272949219 35.85713500976563 -165.18572998046875
H 7.6873381154037235 5.31028711306739 1.9259981608321564 1.391133499145508 54.998059082031254 49.93220520019531
H 7.4331959726328245 3.6030595840883906 1.6586465191368214 -2.4265953063964845 -80.06925659179689 26.392132568359376
H 8.139688684312674 4.617695471711281 0.3815895070721384 53.557794189453126 -24.386531066894534 33.97520751953125
22
-7.029266357421875
H 1.8352045404525785 5.951098431478411 1.9194810622731007 -10.734568786621095 26.541339111328128 27.58912353515625
C 1.5603760389712011 5.028214639283667 1.437313678121014 -25.5432373046875 -30.987286376953126 -201.20172119140625
H 0.6719382083778562 5.207136864455374 0.7169333212164153 167.062255859375 -32.966162109375 104.09384765625
H 1.2634650034586057 4.2869292376826875 2.162208760496901 -2.7452508926391603 -15.878282165527345 28.72449645996094
C 2.8389758511492547 4.511515403571604 0.7026442973339937 60.649041748046876 -108.2956298828125 -15.926046752929688
O 3.367702147078142 3.392667685047619 0.9559849033776513 -112.09644775390626 180.94691162109376 8.549851226806641
N 3.356332885749684 5.307819017504775 -0.25638050655904177 14.938012695312501 -107.84266357421876 -16.47498474121094
H 2.7009185765430184 5.929442544227904 -0.6615736095811419 -26.896173095703126 80.52024536132814 24.95636444091797
C 4.426291963884377 4.918215532752599 -1.2238882376507263 -79.72667236328125 116.215673828125 17.762976074218752
H 4.0083518009307255 4.148717932548446 -1.834122240561501 15.186856079101563 -94.3167724609375 -11.799854278564453
C 4.558749066085675 6.096878445038922 -2.1947524864086803 67.4396240234375 7.3580574035644535 157.60001220703126
H 4.771885810842552 6.975287671579917 -1.5364297222779442 -48.61900634765625 -21.799917602539065 -84.9191650390625
H 5.449420893614979 5.953804916701601 -2.805134242747211 -18.543251037597656 -8.728175354003907 -37.6447998046875
H 3.631639008841871 6.118922174628896 -2.7670372502912404 10.291375732421876 54.1814453125 -21.384788513183594
C 5.807866747378899 4.500779649528771 -0.6868193068764783 5.63126449584961 -199.36260986328125 -79.76377563476564
O 6.497365564445347 3.729708904811022 -1.3635143829438043 -0.688703727722168 57.43009643554688 2.4167373657226565
N 6.16345036645407 4.834669449625646 0.531616257652759 -87.838134765625 155.70343017578125 131.50986328125
H 5.4834323806924825 5.448925739284126 0.9797741533359183 46.23530883789063 -41.25159606933594 17.169927978515627
C 7.432045865012505 4.565848888007361 1.2069954668047438 -37.12821655273438 71.37383422851563 -146.51617431640625
H 7.682828184300296 5.319128099291279 1.9292230302319266 -2.660772514343262 36.25333251953125 35.78052673339844
H 7.428111082389037 3.6099249592868308 1.64666068408544 0.2418675422668457 -103.98977050781251 42.32470397949219
H 8.138477016404531 4.6149108199313655 0.3886804627516749 65.54482421875001 -21.105470275878908 17.152876281738283
