22
62.800811767578125
H 5.776124451509222 6.849418762751368 2.940176946946515 -201.01007080078125 6.165424346923828 -47.63945617675782
C 4.706792985241233 6.710393893327115 2.5114627662304505 253.2524169921875 -34.399453735351564 133.99320068359376
H 4.383371114996857 7.564691965607512 1.95628211609416 15.2785400390625 39.84075622558594 -55.3876953125
H 3.945132223745165 6.573080092417822 3.270801200210664 17.194155883789062 -23.573095703125002 30.112701416015625
C 4.804097028016106 5.475851121631874 1.6589811562698908 -329.99580078125 99.66851196289063 -202.4733642578125
O 5.682621012536724 4.696252135871752 1.6373505573012515 232.59792480468752 -86.74819335937501 90.48980712890625
N 3.7841072172487626 5.332376872775328 0.7905500684257176 103.68208007812501 -29.143704223632813 89.39163818359376
H 3.0174524697446174 5.956163699394665 0.9465780228735856 -28.68600769042969 5.873131942749024 -41.44259338378907
C 3.602689593051112 4.145165546235323 -0.075790750226339 -232.1846435546875 453.411572265625 39.925817871093756
H 3.884419343690756 3.379733035985627 0.47865751596579165 89.59049682617189 -254.955908203125 137.47108154296876
C 2.044338349752902 4.08020262070902 -0.21754452954839573 278.44650878906253 -39.11933288574219 -314.6143798828125
H 1.6729878895966945 4.914026716217601 -0.8603277059941461 16.153974914550783 -62.670654296875 36.19689636230469
H 1.9692308947745885 3.095677700767294 -0.6927637443753648 -90.0968505859375 23.13027496337891 -4.25640983581543
H 1.6295841989526894 4.089441631547118 0.7069654201919872 -116.56627197265625 -7.467447662353516 190.91219482421877
C 4.490440959494989 4.19125162534404 -1.3115453408334208 290.97587890625 -284.8403564453125 -76.87423095703126
O 4.220328384933424 3.554870040707751 -2.3105690211405374 -161.38212890625002 54.770477294921875 -79.14149169921876
N 5.850059289763031 4.292462608885547 -1.1613085805980201 -283.90615234375 166.10621337890626 69.25987548828125
H 6.111475041543244 4.618328678877156 -0.24603673181543248 58.37007446289063 -11.408043670654298 18.694494628906252
C 6.7709432985027 4.37618674589115 -2.267250985133218 255.9229248046875 -109.69440917968751 -153.0655517578125
H 6.367647441911317 4.741429948239649 -3.231975191820821 -45.64170837402344 -20.52260437011719 62.75343627929688
H 7.610869892635832 5.044672128241791 -2.0561349816743295 -26.195452880859378 5.4573310852050785 35.056201171875
H 7.276714797251646 3.3728887844275186 -2.474180598857254 -95.79992065429688 110.11949462890625 40.63783569335938
22
69.55410766601562
H 5.784484554475756 6.839952748665215 2.941413751584655 -215.97746582031252 9.505448913574218 -51.96083984375
C 4.7083305646843785 6.708931753890389 2.5126209404661126 257.38437500000003 -18.145785522460937 125.20936279296876
H 4.38084989528711 7.565797024493922 1.9486247748193803 24.34925079345703 24.49840545654297 -41.07652587890625
H 3.944295213502367 6.571220537650413 3.2691861297472693 17.90881805419922 -22.62033386230469 31.992129516601565
C 4.802386936954878 5.4762039219392165 1.661100154983389 -315.31931152343753 88.00708618164063 -204.60378417968752
O 5.681868185906644 4.693973650425348 1.6360579612598416 224.30888671875002 -78.55040893554688 93.32191772460938
N 3.7870715078971413 5.333742489442929 0.7892803034898439 65.08796997070313 -32.379998779296876 76.03826293945313
H 3.0059259950285666 5.950828937375255 0.9339981644953416 -5.09171257019043 1.5049930572509767 -34.78396911621094
C 3.601804921729377 4.14284639919739 -0.075980853904696 -239.57036132812502 492.63056640625 17.86805877685547
H 3.87753954254009 3.3880140861571073 0.47105192125652756 101.92446289062501 -286.376123046875 159.20872802734377
C 2.040283937410069 4.080630277999024 -0.21878017857465182 297.1702880859375 -111.20118408203126 -265.580078125
H 1.685294712633979 4.903571580914355 -0.8483064720868823 -7.414383697509766 -20.355349731445315 -0.29581627845764163
H 1.963445091333587 3.083264981742948 -0.6954993814699794 -87.98666381835938 55.39149780273438 9.411454010009766
H 1.6244848051726113 4.096754033266425 0.7157011394073112 -105.89976806640625 -7.592144012451172 165.800732421875
C 4.490786734929584 4.194038175659721 -1.3126717557381835 286.3126708984375 -287.993798828125 -68.32554321289062
O 4.222309504420272 3.555228747129516 -2.308933775779497 -162.29891357421877 52.240026855468756 -85.80147705078126
N 5.84979909870332 4.294705529381069 -1.1609180823354837 -287.7718505859375 167.22314453125 77.015185546875
H 6.1051919436978785 4.621842233342228 -0.24179253857821426 61.319226074218754 -13.535971069335938 9.649873352050783
C 6.769473770782915 4.377434785064496 -2.267560584503073 295.5645263671875 -151.50072021484377 -114.4489501953125
H 6.3869545347234835 4.737318358052364 -3.2160571087855794 -78.31718139648439 2.6336498260498047 7.761909484863281
H 7.612648544844801 5.031958874292401 -2.0626060059157463 -15.385211181640626 22.770687866210938 45.10425720214844
H 7.2901488951845295 3.3786293150279167 -2.482025862577558 -110.29764404296876 113.84627685546876 48.49510192871094
22
73.47769165039062
H 5.787645924232678 6.830938820437687 2.941607423733908 -216.0084228515625 13.839831542968751 -50.907586669921876
C 4.710295208745384 6.70737629161934 2.5141115063248476 244.7393798828125 -1.1354921340942383 108.55061035156251
H 4.379108207074198 7.567172605489566 1.9399199458572227 33.74916076660156 7.364203643798828 -24.57552947998047
H 3.9440751879043296 6.568785835385999 3.268172354204242 18.55488433837891 -21.157774353027346 33.365682983398436
C 4.800051727558079 5.47684460325399 1.6629551418228208 -292.7269287109375 72.84981689453126 -203.52904052734377
O 5.6813821689851665 4.6915464990245574 1.6348966769585236 212.23513183593752 -67.71513061523437 95.78145751953126
N 3.7901076662832933 5.334993619127618 0.788272276528274 23.106182861328126 -34.97217712402344 60.14819946289063
H 2.9947348837407035 5.945309054110214 0.9201503069449728 18.40968170166016 -1.769622802734375 -27.09131774902344
C 3.600411905278399 4.141342128626805 -0.07616380211593052 -235.020263671875 509.67490234375003 6.968128967285157
H 3.872738562001405 3.3899517981477985 0.46749681728260273 106.87664794921875 -298.5683837890625 167.72988281250002
C 2.0368617671411062 4.080838416177486 -0.22047923742387626 304.1129150390625 -179.20656738281252 -199.705419921875
H 1.6973718520362726 4.892519387502472 -0.8363802389339452 -30.056768798828127 22.76252899169922 -36.96890563964844
H 1.9555638612523474 3.0720561097235977 -0.6978850332445894 -84.37210693359376 84.31696166992188 21.01675720214844
H 1.6167624546558592 4.103563835666798 0.7285803812092264 -88.31934204101563 -8.04261474609375 126.33052978515626
C 4.49154473071911 4.196461147230863 -1.3139788864319166 276.6663330078125 -289.89375 -56.7123046875
O 4.224082029633218 3.5555740903204085 -2.3072574234330503 -162.722509765625 49.13716125488281 -93.37454223632812
N 5.8490421998887765 4.29709732571836 -1.160341672811077 -283.30126953125 169.67418212890627 85.83599853515625
H 6.100563952413056 4.625477539015774 -0.23672748722928427 61.486181640625006 -17.12207489013672 -2.7761991500854495
C 6.768544846691356 4.378356387835915 -2.268042744591166 322.957470703125 -181.37672119140626 -72.373828125
H 6.404044581780241 4.733208363727839 -3.2003360292057965 -107.35885009765626 24.9604736328125 -45.033056640625006
H 7.613867727642361 5.020246754432737 -2.0674708684952865 -4.477876663208008 38.50148315429688 53.682019042968754
H 7.300533649437782 3.3867389129452445 -2.4884127408390704 -118.52967529296876 107.87872314453125 53.638458251953125
22
74.176025390625
H 5.785583503300293 6.8225110174389245 2.940539433831238 -200.9155029296875 19.021467590332033 -44.37278442382813
C 4.712696219648864 6.705849484307906 2.5157681152959093 215.95998535156252 14.06866912841797 85.55317382812501
H 4.378407894781987 7.568184082884889 1.9307130528277339 42.62005310058594 -9.220130920410156 -7.519068908691406
H 3.9443793169275816 6.565820911946445 3.267589513183607 19.330969238281252 -19.179383850097658 34.124951171875004
C 4.797289372599316 5.477743591868563 1.6643661925031183 -263.25166015625 54.78560180664063 -199.54599609375
O 5.681292168621538 4.688986023241354 1.6338455455155465 196.65159912109377 -54.505731201171876 97.8007568359375
N 3.7932175805102686 5.336127440462662 0.787300222422662 -20.647000122070313 -36.85989990234375 42.67030639648438
H 2.984203220745419 5.939597100623077 0.9055140483831317 41.112060546875 -3.912230682373047 -18.654391479492187
C 3.598652866155394 4.1406235252866885 -0.0764395514739097 -219.36821289062502 504.64926757812503 6.93936767578125
H 3.8699157659117036 3.3854564004070884 0.46769962122588765 104.78566894531251 -291.703564453125 163.28011474609377
C 2.0341377097561324 4.0807310916508115 -0.22269043275027162 299.3067138671875 -236.33937988281252 -121.217626953125
H 1.7086904516837307 4.882008749496276 -0.8255307627653228 -50.31920166015625 63.154309082031254 -71.09829101562501
H 1.9456745882785045 3.063073300988728 -0.699763210714722 -79.48674926757813 107.03718261718751 29.457867431640626
H 1.6067823839670794 4.110122738206494 0.7446363477725053 -64.93570556640626 -9.169831085205079 75.02562255859375
C 4.49280607475374 4.198611621885374 -1.31556259971387 262.22922363281253 -290.6631591796875 -42.37520751953125
O 4.225789804772502 3.5559921378018853 -2.305670355261893 -162.69317626953125 45.48695678710938 -101.76819458007813
N 5.8479095436551 4.299743785008802 -1.1597588679110327 -271.06337890625 173.00758056640626 94.53147583007814
H 6.097522235924984 4.629661089923129 -0.23161489240774158 59.346368408203126 -21.667181396484377 -16.905519104003908
C 6.768335882035031 4.378922192728618 -2.2687250425796583 338.0969482421875 -196.4605224609375 -29.926251220703126
H 6.418426288147615 4.729543450098919 -3.186046153215469 -131.40570068359375 44.98372497558594 -92.10875854492188
H 7.6153764519423826 5.010056742508046 -2.070852460798617 4.6839538574218755 51.38637084960938 60.3729736328125
H 7.307841395179576 3.3971414399868345 -2.4932036874451664 -120.03725585937501 92.09985961914063 55.73546142578125
22
71.76812744140625
H 5.7781929656482145 6.81439929059256 2.938559725652448 -170.7238525390625 24.982623291015628 -32.54591369628906
C 4.71546866132695 6.7043352895016595 2.517643347113381 171.05233154296877 26.289129638671877 58.2112060546875
H 4.37891364640627 7.568733685698516 1.921690773981045 50.56063537597657 -24.339321899414063 9.189340972900391
H 3.9450890597446437 6.562280749520042 3.2678669432917062 20.7686767578125 -16.56752166748047 33.578759765625
C 4.793949554502792 5.478693073548367 1.6656176636209046 -227.98332519531252 34.47029418945313 -193.47108154296876
O 5.681411465632222 4.686257355868678 1.6329910704489647 178.05775146484376 -39.38955993652344 99.44289550781251
N 3.796101990088295 5.3371175778574305 0.786514727631656 -64.21380615234375 -38.047558593750004 24.530633544921876
H 2.974544923607752 5.933845496730758 0.8908601298423346 62.006378173828125 -4.801062774658203 -9.827999114990234
C 3.596458552087225 4.140730874857751 -0.0767305803968031 -193.80594482421876 477.63901367187503 17.471559143066408
H 3.8687536710911576 3.374720069558856 0.47171410146902737 96.07008666992188 -266.1260498046875 146.192822265625
C 2.0319646930962354 4.0801918054736745 -0.22520573531170315 283.2320068359375 -277.20693359375 -36.52354125976563
H 1.7187349717579035 4.8732590516289 -0.8167504465466053 -66.86238403320313 96.92380981445314 -99.59745483398439
H 1.9339321986913847 3.056801122400765 -0.7011529854858198 -73.56482543945313 122.26715087890625 34.5010986328125
H 1.59482057694984 4.116363407211159 0.762861467185984 -37.19327087402344 -11.138962554931641 15.264392089843751
C 4.4943819392052164 4.200401019420531 -1.3174370842641756 243.712890625 -289.928857421875 -24.575355529785156
O 4.227242261443147 3.556354125119779 -2.304115541233757 -162.17015380859377 41.1821533203125 -111.1500244140625
N 5.846320088480268 4.3026242588719485 -1.1589584107995905 -251.79714355468752 176.45594482421876 101.16317749023438
H 6.096103398813618 4.634194622396171 -0.2267430824043507 55.07612915039063 -26.59876403808594 -31.031268310546878
C 6.7687258320432475 4.37917167152368 -2.269336982023417 340.73129882812503 -197.44366455078125 9.049184417724609
H 6.429464894409422 4.727115739144904 -3.173786501853284 -149.58486328125 61.51491088867188 -130.4522216796875
H 7.616983892983905 5.0017198961448095 -2.07277547568196 12.07059783935547 61.288629150390626 65.27553710937501
H 7.3117678281261345 3.409044078639219 -2.497010475164496 -115.4392578125 68.57464599609375 55.30426025390625
22
-1.569366455078125
H 5.8217321231995385 6.672859564622086 3.0781223593288938 -162.5930908203125 -0.5901570320129395 -67.67737426757813
C 4.789195841518278 6.636006632246105 2.570110087785986 172.479833984375 -68.38924560546876 69.07308959960938
H 4.605871667959828 7.569579275777633 2.094662573409124 5.940024566650391 41.49822082519532 -75.9806396484375
H 4.004670846055638 6.564323728434233 3.316687692571594 -0.2197354793548584 -43.07234497070313 7.775003814697266
C 4.789162669980865 5.425974263234447 1.6071093444091067 -107.2615966796875 227.7635498046875 116.80286865234376
O 5.702679435469315 4.646272034093924 1.6932579823739138 46.12634887695313 -92.95326538085938 -23.86458892822266
N 3.755797882455801 5.346808610517354 0.7616453773707657 63.35866088867188 -23.095692443847657 -64.0165771484375
H 3.1911118675633343 6.185149826653987 0.572435764686329 22.212823486328126 -73.9702880859375 38.53155212402344
C 3.5599362064947244 4.140889407101405 -0.07826388115007589 -95.97675781250001 251.7684326171875 30.819635009765626
H 3.8576448538268755 3.33662209377894 0.5354564206123458 12.010882568359376 -103.95703125 39.756472778320315
C 2.0155373460754378 4.069104304298317 -0.30779441257096996 247.6521728515625 -73.00856933593751 -310.2835205078125
H 1.71579737945038 4.868535528375494 -1.028283530524332 6.8779235839843755 -59.285351562500004 48.419375610351565
H 1.8724122173556157 3.05307398051625 -0.7453154963797375 -45.349365234375 71.39075317382813 26.71993103027344
H 1.5504506153527764 4.180940638821005 0.5859256491674998 -126.83983154296875 7.045661163330078 182.82711181640627
C 4.501094253623742 4.128551602949105 -1.3105206237856348 267.00241699218753 -141.46563720703125 -84.4001953125
O 4.179158424417872 3.532419984601904 -2.356756907200031 -44.629486083984375 94.09734497070313 59.85875244140625
N 5.843858039327276 4.501832840488822 -1.1584533034434474 -398.72900390625 -8.035748291015626 187.91716308593752
H 6.118053263276716 4.6728308211875635 -0.18847690731509736 25.342463684082034 14.416685485839844 -39.59212341308594
C 6.809482990639451 4.41211434285614 -2.164767474037127 173.41544189453126 -106.89349365234375 -339.10441894531255
H 6.374027679804 4.827053821925216 -3.129698760971791 44.49254455566407 -44.84968566894531 111.84759521484375
H 7.762753577050033 4.9564158008768056 -1.9904055119936823 -66.19135131835938 -17.767068481445314 40.97542419433594
H 7.059694968918631 3.312738128675705 -2.379231861126126 -39.121307373046875 149.3529296875 43.59545593261719
22
6.07867431640625
H 5.834648999564488 6.661292555979388 3.0843162022810464 -194.20631103515626 3.3729949951171876 -81.6791748046875
C 4.791307114450736 6.633026319972949 2.5702399190131637 192.26336669921875 -45.05732116699219 75.94237060546875
H 4.601421315068221 7.573281777251026 2.094574945641765 13.6974853515625 24.92167205810547 -66.75809326171876
H 4.000855370686423 6.561126992315465 3.3100420834138307 1.7458551406860352 -43.853527832031254 11.2076171875
C 4.788056607915641 5.428703348860107 1.6066449483130119 -74.06325073242188 203.72557373046877 125.66260986328126
O 5.7044944283696815 4.6441198826280905 1.6958189822834413 25.884381103515626 -76.43953247070313 -27.9931640625
N 3.757062964625171 5.34778463787427 0.7641577957511754 21.905331420898438 -13.749472045898438 -103.05938720703125
H 3.183371985366734 6.187101795641957 0.5581459148444265 46.027764892578126 -93.62346801757813 54.6390625
C 3.5589877926852176 4.137834140205207 -0.07854192934517638 -106.4581298828125 338.693115234375 -13.349505615234376
H 3.8515046311228724 3.3632050011803063 0.523080735684917 32.76687316894532 -175.3347900390625 88.82435913085938
C 2.015192915935061 4.072296806885863 -0.31315586094744613 265.40693359375 -150.4288330078125 -258.9048095703125
H 1.7223945821472106 4.854589142189998 -1.0219223172996217 -10.141250610351562 -15.78350830078125 8.032334136962891
H 1.8916131459725851 3.042591417204675 -0.7483950259151989 -52.46724243164063 97.11282348632812 33.07539367675781
H 1.54839835107626 4.17932441640885 0.5866026656546537 -121.14058837890626 6.190044021606446 167.78287353515626
C 4.502471852477597 4.124105430566563 -1.311965848511076 257.1453857421875 -130.36302490234377 -68.07719116210937
O 4.175682977401869 3.5318033742182364 -2.3580758236081776 -39.14887390136719 91.22492065429688 56.499707031250004
N 5.842203865076067 4.507452661687764 -1.1577498002332223 -389.6184326171875 -11.371213531494142 196.59935302734377
H 6.123726062196045 4.675450077137935 -0.18520554871587058 15.182723999023438 12.580677795410157 -51.356439208984376
C 6.806899783295273 4.415380214886247 -2.162052863070827 215.77158203125 -172.2363037109375 -315.32958984375
H 6.391050057220711 4.821187313501279 -3.1172727077821327 17.839324951171875 -23.919285583496094 68.98041381835938
H 7.7675051111938185 4.942926414485441 -1.9936669990839513 -63.88009033203125 -7.042839050292969 48.335546875000006
H 7.066137135376822 3.3051695385625415 -2.3769475088254626 -54.512847900390625 181.38128662109375 50.9257080078125
22
14.611846923828125
H 5.842697427183711 6.649678693421842 3.0887300730091045 -211.36013183593752 7.800374603271485 -89.02687988281251
C 4.793930823262471 6.629962429943679 2.570428027423126 194.530615234375 -18.481341552734374 75.81286010742188
H 4.597735030513101 7.5777230548299865 2.0928586694202247 22.062545776367188 4.970866012573243 -55.0748779296875
H 3.9969351373691895 6.557158845958204 3.3038467373223868 5.313648223876953 -43.80316772460938 13.000538635253907
C 4.786818497133879 5.431781149653252 1.606411795836292 -38.370278930664064 175.67302246093752 133.240966796875
O 5.706335991650954 4.641770602707595 1.6983104193958918 4.151696014404297 -58.262261962890626 -32.087954711914065
N 3.7583945669263996 5.3487862417225465 0.7665672232442179 -14.437557983398438 -10.477745056152344 -138.72701416015624
H 3.1772454761009032 6.186958510928852 0.5453206047517537 64.13845825195312 -105.50364990234375 68.74126586914063
C 3.55781697239974 4.135196386631556 -0.07885800833678935 -109.81820068359376 410.46884765625003 -50.90398254394532
H 3.8462012105438097 3.3851689983092297 0.5134551508754628 49.34723815917969 -233.18337402343752 129.20469970703127
C 2.015332469755768 4.07512225670072 -0.31903359800604597 272.706103515625 -219.54013671875 -188.0131591796875
H 1.7284904720549286 4.840281205878171 -1.0151719924804747 -26.695083618164062 28.156491088867188 -33.403314208984376
H 1.9091945326489144 3.0345551528103742 -0.7507785945373074 -59.51534423828125 116.43117675781251 36.23069458007813
H 1.543038941910524 4.177822366240989 0.5915407196884259 -106.91654052734376 4.043901062011719 137.8158935546875
C 4.504329372154037 4.119746464695938 -1.3137052401268592 241.94921875 -119.81219482421875 -48.59346008300781
O 4.172193180925774 3.531208207500721 -2.3593044939012278 -32.98171691894532 88.24213867187501 52.214184570312504
N 5.840079773067534 4.5129097992603135 -1.1566705008354217 -374.4841552734375 -14.989073181152344 197.51650390625002
H 6.129707704581 4.6781276597402845 -0.18297151017663726 4.871533966064454 11.269403076171876 -59.15947265625
C 6.8046627821895385 4.418403956958824 -2.1599797956714 249.5650146484375 -226.554296875 -279.1272216796875
H 6.408355579512259 4.814613068078755 -3.103041044280257 -9.548414611816407 -1.0622547149658204 20.18201599121094
H 7.770687741335238 4.929040184215065 -1.9958364973397846 -58.039562988281254 4.722502899169922 55.21549682617188
H 7.07159611820626 3.3019367596448728 -2.3733338389541148 -66.46907348632813 199.89073486328127 54.942193603515626
22
21.72161865234375
H 5.845332845673449 6.638308192523297 3.0908539573494758 -212.41689453125002 12.493393707275391 -88.7062744140625
C 4.79696097302333 6.626988926022172 2.570789313198067 178.81416015625 9.98744354248047 67.25316772460938
H 4.594859537227203 7.582468585817147 2.089396518122067 30.70498046875 -17.103103637695312 -41.30092163085938
H 3.99325844514611 6.552395672081466 3.2981846161733586 9.775888061523439 -42.846063232421876 13.802496337890625
C 4.785477810617063 5.435232079178114 1.606543740849034 -1.295981788635254 144.07374267578126 139.145458984375
O 5.7080919027851476 4.639325878741253 1.7007259353309576 -18.402212524414065 -38.831423950195315 -35.977114868164065
N 3.759791243070472 5.349821944246868 0.7688790235378355 -44.314065551757814 -14.025901794433594 -169.662841796875
H 3.1727717291094732 6.184368226010138 0.5346532498537593 75.51262817382813 -108.36408691406251 79.92537231445313
C 3.5563453934414797 4.133238057533001 -0.07932638148677668 -104.82661132812501 463.57480468750003 -78.53370361328126
H 3.8416435330429364 3.4016506805488755 0.5074074807656825 60.694348144531254 -274.6979248046875 158.2666015625
C 2.0160456063379475 4.077603904555527 -0.32530211658387814 268.79965820312503 -275.1203857421875 -102.15947265625
H 1.7338725386322227 4.826462400847584 -1.00930726634055 -41.83697204589844 69.41273803710938 -72.79414672851563
H 1.9249768597997907 3.029688605980632 -0.7519345718502948 -66.23754272460938 126.9930908203125 35.389044189453124
H 1.5346861345797742 4.176267550971414 0.6001411824930774 -85.08120117187501 1.1340058326721192 94.83696899414063
C 4.506545098823754 4.115417100061578 -1.3156295156234705 221.88344726562502 -109.7750732421875 -27.159085083007813
O 4.168573578130363 3.530647214434015 -2.360477599468725 -26.11734313964844 85.23370971679688 47.46614074707031
N 5.837395543636935 4.5182392184718365 -1.1553191028588068 -353.41201171875 -18.789639282226563 191.295849609375
H 6.135869798813742 4.681098834422714 -0.1818782240682104 -5.610581207275391 10.395460510253907 -63.10638427734375
C 6.802887181905341 4.421025485846062 -2.158386025056428 272.1933837890625 -266.3891845703125 -235.4588623046875
H 6.425176998892811 4.808218588326183 -3.0884618709272305 -35.3293701171875 21.503457641601564 -29.581164550781253
H 7.772427828891142 4.915229673957929 -1.9967291423605666 -49.169924926757815 16.812255859375 61.460913085937506
H 7.075493811880847 3.3030082343410743 -2.368417053937349 -74.32778930664062 204.32863769531252 55.59794921875
22
25.53790283203125
H 5.842101112247061 6.626920756020773 3.090801687105533 -196.53914794921877 17.260433959960938 -80.32091674804688
C 4.800377093622647 6.624081746352433 2.571284428101501 145.66982421875 38.042797851562504 50.41546325683594
H 4.593136618740214 7.587007359321365 2.0850414487907116 39.122195434570315 -39.138464355468756 -26.736111450195313
H 3.9900854082551196 6.546572238796254 3.292780791509145 14.356686401367188 -41.043365478515625 14.21278076171875
C 4.78421409829869 5.438951886205229 1.606843706283373 35.41185607910156 110.20323486328125 143.22481689453124
O 5.709794304485087 4.636866209397431 1.7031366675703596 -41.04897155761719 -18.912329101562502 -39.78667907714844
N 3.761145605832337 5.350860666861372 0.7708620351443524 -65.23915405273438 -24.781394958496094 -193.90101318359376
H 3.1705079029541845 6.179244404532502 0.5260340631706832 78.92235717773438 -101.09822998046876 87.35297241210938
C 3.554658312904065 4.1321890656234554 -0.07995457743658055 -91.27192382812501 495.45786132812503 -95.7066650390625
H 3.8385959973344463 3.412427779342143 0.5049864741812775 66.10828247070313 -298.87143554687503 174.95906982421877
C 2.0174037545333716 4.0794562508469845 -0.3318327028012208 254.1909912109375 -310.7695556640625 -8.975754547119141
H 1.7385376847618113 4.814677926240489 -1.005501597635084 -54.20259399414063 103.53597412109376 -106.08717041015626
H 1.9390252961507044 3.0284193323950426 -0.7520522388740624 -72.51781005859375 126.96027832031251 30.375921630859377
H 1.524365104960883 4.174880309408655 0.6113261985039513 -57.61177978515625 -2.3877220153808594 42.51967468261719
C 4.509144837707227 4.111027227542453 -1.3177163549472874 197.860107421875 -99.3640625 -4.041652297973633
O 4.165104493587125 3.5301945643103605 -2.3617640908924415 -18.83837890625 82.06170043945313 42.51436157226563
N 5.834235886813598 4.523652847268634 -1.1536732524739746 -327.0543212890625 -23.358152770996096 177.000244140625
H 6.142395605968249 4.684279050047718 -0.1821329451457064 -16.082077026367188 10.114666748046876 -62.42017211914063
C 6.801629854289084 4.423243816796485 -2.1572915833659434 282.2763671875 -287.863671875 -187.43382568359377
H 6.441083704287395 4.802805311988115 -3.074760324478398 -57.990594482421876 42.267913818359375 -76.65487060546876
H 7.773065145178069 4.901510833024828 -1.9961790294049737 -37.89224853515625 28.8938720703125 66.886328125
H 7.077741078653946 3.3090578121384673 -2.3621134547030826 -77.62966918945312 192.7896484375 52.603179931640625
22
25.321258544921875
H 5.833710838487698 6.616061492548104 3.088604557586528 -165.68551025390627 21.54523162841797 -64.55548706054688
C 4.804067479431426 6.6212267458689 2.571983605500419 98.5251220703125 63.903253173828126 26.705108642578125
H 4.592630217959666 7.590458585450094 2.08032895641416 46.64216918945313 -58.69474487304688 -12.713570404052735
H 3.9876554791041037 6.539704838855274 3.287598034087542 18.369430541992188 -38.512280273437504 14.875962829589845
C 4.783056701537507 5.4428821557465845 1.6074458882158096 70.90392456054688 73.98536376953125 144.90909423828126
O 5.711448354563106 4.634340378422448 1.7056447517718252 -63.66193237304688 1.496454429626465 -43.42206726074219
N 3.762330463363153 5.351751329969954 0.772565296901402 -75.72374267578125 -42.94662780761719 -210.24980468750002
H 3.1706443237637987 6.171401746845571 0.5194892596348194 73.7104248046875 -83.22816772460938 90.52174682617188
C 3.5527842386367983 4.131955758280218 -0.0806160099606045 -69.46634521484376 505.4560546875 -101.31928100585938
H 3.8369938484536794 3.4170475496492414 0.5064354208442218 65.43875732421876 -305.2073486328125 178.52410888671875
C 2.019369300053846 4.080600951843392 -0.3382481827611318 229.8564453125 -325.211669921875 83.06673583984376
H 1.7418964708974292 4.805390677147483 -1.0044617651085441 -62.80621337890625 128.22060546875 -130.77678222656252
H 1.9509952826270092 3.0305129535756987 -0.7512422288292109 -77.87604370117188 116.8822509765625 21.901582336425783
H 1.5126673910553692 4.173343344256885 0.6236250859728999 -26.8567626953125 -6.050006866455078 -14.146919250488281
C 4.5120207722441075 4.1065236771233575 -1.3197746724078496 170.22697753906252 -88.607275390625 20.313050842285158
O 4.161612239412263 3.52980561350088 -2.36291846480258 -11.166940307617189 78.68038940429688 37.23190612792969
N 5.830555245096923 4.529030970563451 -1.1516593758862914 -296.1862060546875 -28.768011474609377 155.16826171875002
H 6.14878479272591 4.687414854562391 -0.18355971603452312 -26.02381591796875 10.468170166015625 -57.09035034179688
C 6.800858709874702 4.4249013889712385 -2.1564666852158343 279.651025390625 -289.410205078125 -139.46749267578124
H 6.454871070862392 4.798841467420302 -3.062885214643023 -75.791796875 59.647088623046876 -117.01478271484376
H 7.773000071339834 4.888338877752998 -1.9940050630643706 -25.72120361328125 40.10953979492188 71.14834594726562
H 7.078112438357294 3.319595817317207 -2.3546233933943346 -76.357763671875 166.24195556640626 46.39063415527344
22
21.368865966796875
H 5.820796697259087 6.605760289710475 3.0849154273534998 -122.54511718750001 25.135073852539065 -42.813507080078125
C 4.807898659515949 6.618492260050399 2.5727007515913596 40.109375 85.43896484375 -0.4788975715637207
H 4.593498626847517 7.5922625676631315 2.075516451201247 52.77386474609375 -73.82081298828125 -0.32351734638214114
H 3.9855996821516864 6.5317105400017645 3.282681475792582 22.44924774169922 -35.11845703125 15.042810058593751
C 4.782099164319609 5.446900614542509 1.608343903180805 103.25429687500001 36.526190185546874 143.2302001953125
O 5.712956805471209 4.631853214293794 1.708039245576075 -85.10939331054688 21.52459716796875 -46.54197387695313
N 3.763317482501156 5.352461101791609 0.773815011567581 -74.99064331054687 -67.61815185546875 -217.54885253906252
H 3.1731259832082754 6.161207601713209 0.5153763675312485 59.994415283203125 -55.61358642578125 89.0214111328125
C 3.5507994419588056 4.132523940825713 -0.08143225281353761 -40.30516052246094 493.961083984375 -95.51817016601564
H 3.83681388298377 3.4155252273422554 0.5115565684644567 58.840509033203126 -294.06748046875003 168.93177490234376
C 2.021813201140286 4.081088937612477 -0.3445246264127224 197.63050537109376 -318.740625 168.77913818359377
H 1.7437221913437198 4.799086353204466 -1.0064091524469665 -67.34022827148438 142.5689208984375 -145.797705078125
H 1.9607007464872983 3.035706135341065 -0.7498679122851614 -82.11487426757813 97.67045288085939 10.566776275634766
H 1.500483014553495 4.171503838223006 0.6360283558146683 5.279594039916993 -9.583699035644532 -71.65069580078125
C 4.515185189231935 4.10196818760646 -1.3219335932055463 139.53043212890626 -77.624560546875 45.686370849609375
O 4.1581061462160545 3.5294151398132407 -2.3640475133341905 -3.0331295013427737 75.22916259765626 31.756423950195312
N 5.826532116251375 4.534347526719042 -1.1493628383146384 -262.7004638671875 -35.216983032226565 125.168701171875
H 6.15457567608808 4.690732206269333 -0.18634030238323535 -34.598217773437504 11.528153228759766 -46.49140014648438
C 6.800590705288176 4.4258632025851306 -2.155969013318803 265.1129150390625 -270.8684326171875 -95.899267578125
H 6.4663613520948715 4.79670912440765 -3.0543250991202964 -87.74864501953125 72.21182861328126 -146.80947265625
H 7.772422108520763 4.876142490377751 -1.9902242784210569 -13.576773071289063 49.89773254394532 74.06577758789062
H 7.076799475453843 3.333856828357908 -2.34638300556837 -70.91251831054687 126.58062744140625 37.624072265625
22
14.900909423828125
H 5.804902727736437 6.59663668657052 3.080274072668166 -71.6197265625 27.663256835937503 -17.173924255371094
C 4.811759918022326 6.616063158446513 2.573404244017039 -24.53583221435547 102.59677734375 -29.605316162109375
H 4.5958078142235355 7.592541147206253 2.070394326281364 57.27183227539063 -84.51813354492188 10.505201721191407
H 3.983991430483149 6.522638293582862 3.278034064512818 26.34637451171875 -30.794918823242188 14.856538391113283
C 4.781378536290209 5.451043461206535 1.6094194036452718 132.19285888671877 -1.4874282836914063 138.738037109375
O 5.714290735126152 4.629495522818746 1.7102993731200933 -105.0954345703125 40.95361328125 -49.1483154296875
N 3.7641057652201693 5.35301918493973 0.7746157603300713 -65.61051635742187 -95.70604248046875 -217.20073242187502
H 3.177097434882703 6.14956185341616 0.5134377649225084 40.273904418945314 -21.68502197265625 83.87409667968751
C 3.5486698160404413 4.13387088661813 -0.08249155622954431 -4.407563018798828 461.45883789062503 -77.43356323242188
H 3.837577651949353 3.4078388630383634 0.5203042750719331 46.66986694335938 -265.699951171875 146.202783203125
C 2.0246290031748284 4.080997207182329 -0.3504598306546303 159.222021484375 -290.546142578125 240.44804687500002
H 1.7439030839352903 4.796717986684311 -1.0119743773328875 -66.99110717773438 144.24357910156252 -148.94122314453125
H 1.9681684370098618 3.043557683802531 -0.747643433917059 -85.239990234375 70.40611572265625 -3.3000537872314455
H 1.4885487258484176 4.1692181433879965 0.6470509105190048 36.36643676757813 -12.504939270019532 -125.19364013671876
C 4.518553081945287 4.09736022652195 -1.3241262288245035 106.31766357421876 -66.38773803710937 71.37847900390625
O 4.154633661980323 3.5290358434749525 -2.365143176800997 5.4355415344238285 71.67201538085938 26.185708618164064
N 5.822112915329527 4.539715348180085 -1.1468587004248627 -226.45830078125002 -42.40910949707032 89.37765502929688
H 6.159839538422148 4.694289118452189 -0.1900085163034346 -42.32696533203125 12.997169494628906 -32.49052429199219
C 6.800874295352845 4.426189115155408 -2.155612157232766 239.26494140625002 -234.7667236328125 -59.204235839843754
H 6.475830801529173 4.796736910692399 -3.049450138866188 -93.80791015625 79.39451293945314 -164.6817138671875
H 7.771135320000733 4.865382633890898 -1.9847181707022359 -1.2599373817443849 58.32677001953125 75.81192016601562
H 7.0741900279513095 3.3508696823288275 -2.3374152427969164 -62.00816650390625 76.79351196289063 26.994781494140625
22
7.437469482421875
H 5.787350597655134 6.58849976565531 3.0753407488482996 -16.873515319824218 29.223187255859376 10.41557083129883
C 4.815580252029093 6.613869181203983 2.5740684977226627 -89.43446655273438 113.8884033203125 -58.44622802734375
H 4.599671320762546 7.590561295565416 2.065230259362437 59.73915405273438 -88.98296508789063 18.774078369140625
H 3.983392385848698 6.512712295019613 3.2734972061968155 28.6935546875 -25.826641845703126 15.249708557128907
C 4.7810152393358365 5.455211488550749 1.6108171350692724 157.2351806640625 -40.0676513671875 131.01015625
O 5.715629724986285 4.627247235861608 1.7125624013057759 -123.61375732421875 59.73731079101563 -51.205273437500004
N 3.7648080304066767 5.353431657590465 0.7749992524585309 -49.11636047363282 -123.8180908203125 -209.37373046875
H 3.1820104475695654 6.137413862856987 0.5138357890704282 16.612049865722657 15.377935791015625 75.86683959960938
C 3.546616149576882 4.136119808181126 -0.08362169170499464 35.992349243164064 408.916748046875 -48.93124084472657
H 3.8390489384996513 3.394329567424365 0.5320453456035017 29.845645141601565 -221.55986328125002 111.7633056640625
C 2.027753188665571 4.080339688446063 -0.3558255688471409 118.10113525390625 -243.89284667968752 291.08349609375
H 1.7421322763287572 4.797966813244814 -1.0212355622327742 -61.60939331054688 133.4089111328125 -139.92949218750002
H 1.973527296056743 3.0531817126725502 -0.7451320193316338 -87.119384765625 37.83808288574219 -18.269813537597656
H 1.4779426806189782 4.16621433455134 0.6550777288345826 63.34309692382813 -14.430555725097657 -169.39324951171875
C 4.522065654591176 4.092707873527396 -1.3262348693163875 71.45261840820312 -54.79405517578125 96.75218505859375
O 4.151222240737768 3.528736424053973 -2.3661965471863313 14.028918457031251 68.04295043945312 20.78748779296875
N 5.817379900481473 4.5449751706111545 -1.1441500677435088 -187.76441650390626 -49.78143310546875 50.235595703125
H 6.1645932746358625 4.697837276855811 -0.19397999235540409 -49.508331298828125 14.610238647460939 -16.93695983886719
C 6.801670112660371 4.426081356669507 -2.155327073493433 205.5289306640625 -183.72509765625 -30.975942993164065
H 6.483008345676932 4.799095137044811 -3.0486806136178526 -93.75338134765626 80.63358154296876 -169.37062988281252
H 7.77012982194811 4.856366869415474 -1.9772285896053032 8.687435150146484 64.39737548828126 75.8722412109375
H 7.0702861250323945 3.3693525754364546 -2.3274952870340035 -50.46705017089844 20.804483032226564 15.021900939941407
22
0.594696044921875
H 5.769266540392598 6.581362444060711 3.0709862278088917 37.505462646484375 29.851446533203127 37.777978515625
C 4.819147976844148 6.61189602905583 2.5745592286994325 -150.36063232421876 118.49416503906251 -83.52711791992188
H 4.604890494391149 7.586149150675156 2.060403744005874 60.03448486328125 -86.43701782226563 23.717918395996094
H 3.9834621792985714 6.502145539219306 3.2690632264656405 29.767990112304688 -20.337380981445314 15.827589416503907
C 4.780936511200421 5.459294932184346 1.6125386081773405 177.78985595703125 -78.49495239257813 119.82943115234376
O 5.716824839610841 4.625103393424775 1.7147210871014649 -140.16771240234377 77.50870361328126 -52.497430419921876
N 3.765360179948278 5.353689906541993 0.7749758879497143 -27.515081787109377 -149.730078125 -195.50563964843752
H 3.1872709531296444 6.125424777562813 0.5161863754074312 -9.094533538818359 53.088391113281254 66.07731323242187
C 3.5445721851664027 4.139192143038298 -0.08486181400378141 80.30579223632813 337.5557861328125 -10.202859497070314
H 3.841398182300031 3.3756944259703765 0.5469240591985478 8.722186279296876 -162.57255859375002 66.1982421875
C 2.031008186247816 4.079206631895262 -0.36057149567518 76.43143920898437 -183.47048339843752 316.322509765625
H 1.73837898362204 4.802386891074006 -1.0339650562896716 -51.402435302734375 111.325 -119.61773681640625
H 1.9764325082368492 3.063704362599439 -0.743134823448029 -87.55175170898438 3.08763542175293 -32.90745849609375
H 1.4688803257587881 4.162527446104198 0.6586755763150387 84.29846801757813 -15.210546875 -200.48861083984377
C 4.525619746778396 4.088058693596524 -1.3282608911812663 35.0075927734375 -43.028359985351564 121.49951171875
O 4.14772261359146 3.528560812026182 -2.3671953394009044 22.782464599609376 64.36839599609375 15.559870910644532
N 5.812265583771738 4.550137715093538 -1.1413257247098294 -147.07292480468752 -57.265411376953125 8.463362121582032
H 6.1685804728038995 4.701344636573664 -0.1981834590981084 -56.000646972656256 16.342710876464846 -0.18025245666503908
C 6.802837235742185 4.4255953145908755 -2.1551212875338037 165.53795166015627 -120.60462646484376 -12.690483856201173
H 6.487655057706934 4.803571676241132 -3.0522685803297342 -87.77359008789062 75.80962524414063 -160.41156005859375
H 7.769399597608697 4.849262356042699 -1.9678375198382945 15.852557373046876 68.00684204101563 74.13854370117188
H 7.065034679165568 3.388290705723817 -2.317297559757905 -37.09695129394532 -38.287304687500004 2.6168718338012695
22
15.732696533203125
H 5.793183365179909 6.580333868122672 3.2068341374078813 -139.19658203125002 -5.551017379760743 -102.87601318359376
C 4.829304768633893 6.5880269610924564 2.5790886911600337 183.05198974609377 79.28103637695312 93.88065795898439
H 4.812162891014474 7.516875807124635 1.9743391260419139 -42.413330078125 -30.509454345703126 60.053784179687504
H 4.007066931282115 6.368667917739055 3.2512137796033205 -30.410919189453125 66.735546875 3.8693897247314455
C 4.833515576048006 5.45988440597644 1.644002057012335 -190.92088623046877 -118.55642089843751 -164.436767578125
O 5.697760376058058 4.616000709494992 1.7388374293456876 51.25169677734375 -28.83876953125 -5.478915023803712
N 3.783334455601664 5.343034992467644 0.7511012472404432 172.88455810546876 168.3160400390625 215.30410156250002
H 3.1439368711579223 6.142423414201247 0.7001531746016736 15.189094543457031 -75.00909423828125 -15.031277465820313
C 3.575494183877063 4.183080695420659 -0.07828389890242193 -100.70468139648438 71.49571533203125 -307.14401855468753
H 3.66996898728446 3.3537339265761745 0.4447765781548649 97.58120727539062 -224.03566894531252 197.2994140625
C 2.082830664297916 4.068352423423217 -0.4309171944009477 -28.96852722167969 -233.875244140625 20.540362548828128
H 1.7781116811036235 4.750949974709723 -1.1265109186534477 -34.08583374023438 160.45428466796875 -118.56965332031251
H 1.814634868144476 3.066859262154784 -0.8727451560680755 73.93693237304687 82.50173339843751 28.571673583984378
H 1.4487044315768878 4.09627841571179 0.4369352236425567 -2.641174697875977 38.57985229492188 51.13300170898438
C 4.546216998437727 4.014252915689253 -1.3149929610757263 -181.30557861328126 122.05919189453125 128.138134765625
O 4.1020066366275865 3.5350992007838804 -2.379653179430175 108.490966796875 24.447410583496094 56.88630981445313
N 5.729521909766926 4.6196558342057426 -1.1176870102925858 191.3283203125 -134.96151123046874 -212.7259033203125
H 6.017032607703968 4.827832330931676 -0.14662058347790102 -41.31990356445313 -1.857686996459961 -67.55693969726563
C 6.82837926824253 4.44164129807072 -2.1548676893626153 -94.20463256835939 -221.906103515625 266.046337890625
H 6.523736833260667 4.874297292912538 -3.078958649617033 -1.1476767539978028 42.071423339843754 -68.06091918945313
H 7.724178657899255 4.896652525295354 -1.7012131173466958 -3.87852783203125 -11.597198486328125 -61.547033691406256
H 6.964788504653583 3.283833755804915 -2.2759662028957353 -2.5165029525756837 230.7559326171875 1.7042699813842774
22
14.860107421875
H 5.781530066498467 6.584254701155574 3.2037846726648334 -105.71806640625 -9.350342559814454 -81.21141967773438
C 4.831005072149754 6.586761550995276 2.5811359140815333 144.0549560546875 98.08037719726563 56.93726196289063
H 4.818363726689928 7.523237455272017 1.9707549004560676 -42.827880859375 -53.35699462890625 73.5433837890625
H 4.003386242552858 6.372593013327093 3.2527513485776005 -23.609500122070315 66.43048095703125 -1.2133971214294434
C 4.836649767881492 5.455676500465662 1.6434123681514508 -216.0999267578125 -79.72161254882813 -154.40830078125
O 5.695684524714361 4.61637223788391 1.7396197474791655 73.09147338867187 -52.39094848632813 -6.011592102050781
N 3.7853376794597975 5.34477480504496 0.7513424355321501 205.50649414062502 120.55524902343751 218.31982421875
H 3.1472966753160536 6.129304666952806 0.7137439168874605 -13.780691528320313 -38.068484497070315 -19.911068725585938
C 3.57892669900743 4.184011814256171 -0.07922214378848068 -125.0419189453125 72.4460205078125 -306.690576171875
H 3.662413252585523 3.354056131396926 0.438480161711574 100.9234375 -231.0781982421875 205.2199462890625
C 2.085451709243151 4.06658521211874 -0.43808608728449494 -52.565527343750006 -214.6915283203125 104.49127197265625
H 1.7877957546252525 4.747391194881037 -1.1246283168342475 -41.72901916503906 178.70802001953126 -136.54493408203126
H 1.8111184510893086 3.0769155260083103 -0.879287764137382 72.36316528320313 56.9930419921875 18.960142517089846
H 1.4370401193972813 4.099986557703733 0.4470358880173031 34.6541748046875 34.863424682617186 -1.130451488494873
C 4.544371554216324 4.010769775384072 -1.3111321030119703 -161.30843505859377 129.0285400390625 98.90647583007814
O 4.100493876025533 3.536058099362373 -2.3797276813147765 109.00368652343751 23.219136047363282 65.86032104492188
N 5.726986642191289 4.622211652183135 -1.1187687182178248 167.36904296875002 -145.5326171875 -219.3291748046875
H 5.997543773569739 4.835306432669995 -0.14841419306213105 -24.313587951660157 1.9059139251708985 -57.732678222656254
C 6.828636768367548 4.441822539253685 -2.1534254742462116 -107.86448974609375 -208.90529785156252 295.0130126953125
H 6.532784938138709 4.87179534280736 -3.0663424873856657 -12.285061645507813 58.55050048828125 -100.07354736328125
H 7.712941489259714 4.899387579711137 -1.6959268065612405 15.016809082031251 -8.08115005493164 -55.33497924804688
H 6.958390145562231 3.2947478782238315 -2.2797028983748673 5.160857009887696 200.39644775390627 2.3404758453369143
22
12.14508056640625
H 5.76724485065117 6.588108674709101 3.1984663476953843 -63.7189208984375 -12.784254455566407 -53.469860839843754
C 4.83293509876513 6.585660010750023 2.5832770203533943 94.15596923828126 111.509619140625 16.86243133544922
H 4.823604858880662 7.528229595984062 1.9688729946591355 -42.6689697265625 -71.33632202148438 83.48807373046876
H 3.998883822936923 6.377930702858413 3.25399946347394 -15.383659362792969 65.50299682617188 -6.57095947265625
C 4.839358775256769 5.451377526970672 1.6424841943153368 -235.8107666015625 -40.37029724121094 -139.90299072265626
O 5.693776325647191 4.616681974729946 1.7403893298614384 93.0704345703125 -74.98399047851562 -7.2666160583496096
N 3.7877373718044387 5.346743635430542 0.751922551547543 234.21181640625002 70.75194702148438 214.5580810546875
H 3.1505852626569144 6.115466297529877 0.7267852235639383 -43.07831420898438 -0.46413817405700686 -22.83199157714844
C 3.582277728851429 4.185192678684651 -0.08074989450095502 -146.02092285156252 56.018792724609376 -289.8835693359375
H 3.6569136300845217 3.348914867928485 0.4368046792307573 101.46540527343751 -219.70712890625 200.38762207031252
C 2.0878906299707234 4.064401762558657 -0.4450835857001745 -76.81021728515626 -177.77434082031252 178.9828857421875
H 1.7965916594683184 4.747941727982037 -1.126151948498073 -45.161083984375004 185.54543457031252 -143.52421875000002
H 1.8094858821727133 3.088366504892597 -0.8852995178212537 68.04443969726563 26.302212524414063 6.991467285156251
H 1.4260742402068638 4.104683381332209 0.4574495861511521 71.13048706054688 30.003192138671878 -52.83836059570313
C 4.542465834828162 4.007486232259687 -1.3071069023812634 -140.0488037109375 135.48123779296876 67.1173095703125
O 4.099132075116242 3.5371057518113425 -2.3797489884983944 109.41970214843751 22.101930236816408 75.27017211914062
N 5.724683660934126 4.624716189949604 -1.1201219598874 140.545361328125 -157.34326171875 -228.2586181640625
H 5.977958322437008 4.84273600908174 -0.15208788170788573 -6.382482528686523 7.025879669189454 -42.99828186035157
C 6.828735959051185 4.441474899600008 -2.1514453342488036 -123.79356689453125 -175.95024414062502 313.301220703125
H 6.541626469233128 4.870667550550353 -3.056265100548168 -20.9904296875 70.76690063476563 -123.37026367187501
H 7.702301103016893 4.901899901799034 -1.6924358954827978 33.697381591796876 -4.711184692382813 -47.57286682128907
H 6.951771848952653 3.31083078200187 -2.2834691765945374 14.127133178710938 154.4150146484375 1.5293339729309083
22
27.312103271484375
H 5.749124985283791 6.466739985762042 3.2809965247316386 -144.24638671875002 58.06477661132813 -101.7856201171875
C 4.827862206587597 6.625468060617605 2.604476171676829 271.248828125 -152.4641845703125 83.87569580078126
H 4.9862159162649915 7.508315645261623 1.965899518862475 -51.06330261230469 -0.007657739520072937 49.14280395507813
H 3.9624703703628357 6.543829720370478 3.2494478250444407 -37.4982177734375 60.099340820312506 -13.992198181152345
C 4.842465459165586 5.403886388235342 1.7059555888251077 -159.02446289062502 -37.44765930175782 -224.09921875
O 5.7137285029548215 4.531242542685295 1.748241592153813 -11.56341552734375 70.55026245117188 46.877261352539065
N 3.839991007127427 5.341730222420901 0.7552913898543062 175.22255859375002 -72.09019775390625 229.27458496093752
H 3.097598872278179 5.976271965968181 0.8563681561618387 -61.619287109375 69.84731445312501 -18.606805419921876
C 3.5952869461617243 4.131890102406974 -0.035794999868663975 -82.60348510742188 20.64038543701172 -194.02305908203127
H 3.7264446888517897 3.252135721333056 0.5397402993206877 8.14084701538086 -56.68952026367188 78.55111083984376
C 2.158815208735225 4.134748665667813 -0.6072406828841768 -5.703600692749024 -260.611083984375 1.8935924530029298
H 1.9620180343911884 4.9022152935959715 -1.305303922741513 2.7770986557006836 90.8629638671875 -53.150909423828125
H 1.9552532036887629 3.130912389518157 -1.113480292156893 41.8348388671875 133.199609375 45.174310302734376
H 1.4439724103066913 4.115496340332539 0.1577098546603562 -68.50526733398438 42.96606140136719 104.43043212890626
C 4.508889570510615 3.9478288362595215 -1.2579382242718709 -27.458673095703126 127.93824462890626 -19.751435852050783
O 4.102894193422047 3.5835264791159838 -2.34103470867477 -6.322783660888672 -122.7861083984375 -57.683789062500004
N 5.626351974987455 4.6173785791634785 -1.2313110541796433 175.85390625000002 137.7230224609375 143.42501220703124
H 5.769510148814833 5.254317462851395 -0.4391384468876165 -32.056356811523436 -75.55277099609376 -20.8484619140625
C 6.789070460943767 4.5057846973001245 -2.0744959419830584 15.008639526367189 -287.52431640625 8.695708465576173
H 6.58720442468625 5.129129343851738 -2.9494156718122717 46.03308715820313 -9.705413818359375 -11.386800384521486
H 7.659399868031961 4.823839877173819 -1.4329783813819095 -54.111975097656256 -15.310237121582032 -99.47251586914064
H 6.873411420769609 3.3472908594998163 -2.327863324302555 5.6574146270751955 278.2971923828125 23.46031951904297
22
32.542694091796875
H 5.743257730320331 6.4738735675617285 3.2838450936635004 -132.57276611328126 51.96368408203125 -95.48060913085938
C 4.828367458264248 6.625844565871216 2.605577558565075 263.32060546875 -135.1069580078125 57.094659423828126
H 4.995460977599065 7.513714624749457 1.9583879345916433 -58.738134765625006 -22.03611297607422 66.58182983398437
H 3.9607475772902228 6.5421909978372605 3.249936748745337 -34.839428710937504 63.405084228515626 -17.38092041015625
C 4.842419341854828 5.400450812870555 1.7062122508349578 -166.52879638671877 -13.038288879394532 -211.47453613281252
O 5.713592187246082 4.530357682156874 1.7481588780374724 -7.030365753173829 62.819653320312504 46.21017761230469
N 3.8383341881592266 5.341782799140839 0.7573686615577052 203.60906982421875 -112.79278564453125 216.72988281250002
H 3.1016596638536105 5.971091461653718 0.8387374144350355 -83.12845458984376 96.38833007812501 -8.473332977294922
C 3.5981335288195497 4.129538471235926 -0.03253075201350353 -113.61241455078125 71.29617309570312 -233.75847167968752
H 3.7037907921395345 3.259586807739019 0.5261380923642157 23.39358062744141 -100.91732788085938 114.0565673828125
C 2.1607909787310535 4.138967557066308 -0.6100106965469914 -32.13493041992188 -285.82265625 84.93312988281251
H 1.967792682734846 4.888164135602706 -1.300281470229919 -4.738882827758789 133.1050048828125 -87.3834716796875
H 1.9534310848162109 3.143118488473405 -1.1141151734893682 42.96339721679688 114.07106933593751 35.52397766113281
H 1.4238418479408852 4.110679871185717 0.16114773034218183 -27.938970947265627 46.77355651855469 65.91137084960938
C 4.509313958536865 3.9480484240285554 -1.2554632081312553 -21.01514434814453 117.16829833984376 -45.023022460937504
O 4.103268629396866 3.5828846693526395 -2.3429605299418483 -1.85137939453125 -117.21816406250001 -38.728799438476564
N 5.627298045340963 4.618581279113027 -1.2312174688964572 147.64190673828125 131.12064208984376 142.93243408203125
H 5.750484271824419 5.255641682743679 -0.4380913371825301 -15.312606811523438 -68.92813720703126 -21.109918212890626
C 6.788589160564641 4.508405857448268 -2.0763255224979145 17.719070434570312 -330.436279296875 36.27519836425781
H 6.59838305639453 5.121293030632254 -2.9436234605678067 36.4181884765625 16.37366943359375 -40.42694702148438
H 7.6502086699076965 4.822311411171195 -1.427772956893091 -41.76915588378907 -12.446618652343751 -97.506689453125
H 6.870783628006119 3.3448888229190477 -2.335305888331089 6.145615005493164 294.25815429687503 30.49750671386719
22
36.6368408203125
H 5.7339261832278785 6.482304572433661 3.2842112560072465 -110.19978027343751 43.75119323730469 -81.01988525390625
C 4.8292751929189075 6.625819332022377 2.6067900154921144 240.898681640625 -116.51683349609375 24.314381408691407
H 5.003273120783654 7.518551301793965 1.95250412471075 -65.14204711914063 -41.83714599609375 81.51957397460939
H 3.958175365117927 6.5417375152534465 3.24970329076721 -30.623696899414064 65.63413696289062 -20.943887329101564
C 4.8419374663767725 5.396914309139048 1.7060864939734366 -169.1618408203125 11.09446029663086 -194.86256103515626
O 5.713316546320105 4.5295359471386725 1.7481891400227534 -3.280947494506836 55.00667114257813 44.94353332519532
N 3.836989084266265 5.341555300977751 0.7597599483995127 217.3271240234375 -144.85551757812502 201.78410644531252
H 3.1038013924690344 5.968291883964159 0.8205766722236195 -94.29133300781251 114.7261962890625 0.12801682949066162
C 3.6006844813924515 4.1274128485166655 -0.029839290120846275 -139.08056640625 110.84364013671876 -263.107080078125
H 3.681648183795758 3.264543959443312 0.5152613974456659 35.3837646484375 -135.29167480468752 141.42099609375
C 2.162754004578986 4.142578527264429 -0.6126601392057365 -63.097973632812504 -291.189501953125 166.3745849609375
H 1.9735430086252657 4.87774448907358 -1.2972691941146044 -10.181756591796876 165.3778076171875 -113.6462158203125
H 1.9524197553707112 3.158187425224168 -1.113849672319269 41.7663818359375 86.03638305664063 21.827398681640627
H 1.4032401137832782 4.106843206110165 0.1663035741084467 16.274951171875 50.587091064453126 24.541601562500002
C 4.5097250570669605 3.9481850549133757 -1.2530702845145334 -13.413632202148438 107.28568115234376 -70.73478393554687
O 4.103640405777335 3.5820717409599805 -2.3450319462863547 3.004673957824707 -111.46240234375 -19.547361755371096
N 5.62853747175433 4.620084360471839 -1.230881135189448 116.35111083984376 118.681982421875 137.62459716796874
H 5.731211443708323 5.255707506329771 -0.43781229198713084 2.404767417907715 -58.433972167968754 -17.137548828125002
C 6.788072541432419 4.5102486121604235 -2.0780351851094117 15.129316711425782 -351.59440917968755 60.69161376953125
H 6.610193076749845 5.113325375543113 -2.9387915612205084 27.37264099121094 40.37392883300782 -66.77457275390626
H 7.6399213422999 4.820165905487496 -1.425037411729127 -24.979060363769534 -8.42754898071289 -91.31850585937501
H 6.868517322243535 3.3490031253066865 -2.3421951633674922 7.539205169677735 290.2098388671875 33.922003173828124
22
38.404052734375
H 5.72185951024148 6.491869143417589 3.2825610217435153 -78.96132202148438 34.13994445800781 -59.70150146484375
C 4.830733711349292 6.6256560088529115 2.608105179016114 205.40249023437502 -99.70611572265625 -11.81732406616211
H 5.0094220597249395 7.521954718532296 1.9482755528814293 -69.58358154296876 -56.974725341796876 92.51576538085938
H 3.954968798901567 6.542951655082155 3.2487550579217483 -24.99569091796875 66.717236328125 -24.67131805419922
C 4.841161682060495 5.393498339009626 1.7056301446147584 -166.43427734375 33.647332763671876 -174.61600341796876
O 5.7130858622130045 4.528698711720475 1.7483033823323593 -0.9874802589416505 48.03987731933594 43.16755065917969
N 3.836021867035983 5.341146273493677 0.7625082074710267 214.1412353515625 -165.44913330078126 184.24915771484376
H 3.103350093136132 5.968426446132132 0.8025635412189475 -92.6698974609375 122.36757812500001 7.481719970703125
C 3.60302757249579 4.12567936027444 -0.02782045616624301 -159.38651123046876 135.74589843750002 -279.2647705078125
H 3.660425571659638 3.2660444281239354 0.5078038127461759 44.39096374511719 -156.3267822265625 158.59896240234377
C 2.1646986523523166 4.145722712524274 -0.6150025479834658 -96.11068115234376 -276.9983642578125 239.37004394531252
H 1.97911207256275 4.8714704478876865 -1.2969881908619019 -13.10318603515625 186.0661376953125 -129.98548583984376
H 1.952061023178847 3.175611448565046 -1.1129762183137215 38.63884582519532 51.138970947265626 5.138714218139649
H 1.3831245941486423 4.104264208110896 0.17199474778870377 60.86285400390625 54.167553710937504 -16.08692779541016
C 4.5102389034314125 3.9482301664688735 -1.2507314965048741 -5.474126815795898 98.27554931640626 -96.75112915039062
O 4.103939686039984 3.581189527823523 -2.347112864873253 8.300263977050781 -105.64228515625001 -0.49155235290527344
N 5.629991526573125 4.621867021314786 -1.2303656614865373 83.64189453125 100.938232421875 127.5811767578125
H 5.712204095089221 5.254483404719368 -0.4383805604752911 20.399749755859375 -44.241448974609376 -8.914009094238281
C 6.787593089835489 4.511375145246959 -2.0795860364850425 7.2560882568359375 -349.39719238281253 80.2319091796875
H 6.6226729639472115 5.106017646736547 -2.935299828434621 19.147581481933596 60.95635986328125 -88.67226562500001
H 7.628909912356154 4.81765250400735 -1.4248943633238678 -4.24340934753418 -3.5335987091064456 -80.89675903320312
H 6.866757616638156 3.359782067617065 -2.3486075005967413 9.768175506591797 266.0689697265625 33.534017944335936
