22
-0.619049072265625
H 5.1373501309915675 7.823226080496197 2.250825539123503 23.010485839843753 -0.6041057586669922 -27.195562744140627
C 4.599657685448225 7.589306634891023 1.3277990444041659 25.29566345214844 -245.461376953125 103.678466796875
H 5.114872114563157 7.986064396437813 0.47289969677682875 -24.760055541992188 65.37908325195313 -35.650732421875
H 3.6054663739247985 7.869511565453612 1.5501931394026824 -88.10396118164063 66.03995361328126 -51.83060913085938
C 4.615789491231403 6.046097137324152 1.1590551078591915 308.30844726562503 74.0427978515625 83.07500610351563
O 5.661189693577937 5.448853430581081 1.515011327360398 -131.6628662109375 77.83270874023438 -35.08609313964844
N 3.646873206648033 5.421218913520934 0.5387812434934116 -14.087068176269533 42.292596435546876 76.46619873046875
H 2.7520851127531514 5.797056048863539 0.7026848079583476 -73.35513305664062 54.412530517578126 -48.85108947753906
C 3.683477424479587 4.01122919856051 0.2936254912023607 23.764285278320315 -77.53345336914063 -15.536894226074219
H 3.9726394097769924 3.5146831386167285 1.21324965764151 -19.77967681884766 -9.19437713623047 26.08570556640625
C 2.2379916849605497 3.6445649934621693 -0.0700357051282636 27.047726440429688 21.038482666015625 -77.32236328125
H 1.9939148073554849 3.964836402472538 -1.1033628807008662 8.797463989257812 6.864550018310547 54.71528930664063
H 2.182834325220168 2.593478973663323 -0.0630959688337942 -16.250975036621096 -109.26707763671875 -1.0894556045532227
H 1.5164432495533011 4.005104375794043 0.6519687474532156 -8.120760345458985 23.983692932128907 14.783590698242188
C 4.744068939955224 3.531997488187442 -0.744883912030792 -185.46514892578125 32.60484619140625 -177.0453857421875
O 4.5424380238534585 2.4703310834139205 -1.3814275105722993 77.2325439453125 60.05790405273438 104.83905029296875
N 5.564224141847033 4.484980394628242 -1.231418438495467 78.07498779296876 -117.04401855468751 10.992087554931642
H 5.547363111910883 5.377119597951513 -0.8092724229652514 -8.19068603515625 56.538818359375 49.88062438964844
C 6.681694090904555 4.204710715635912 -2.1167006514411693 63.7493896484375 -92.35177001953126 -88.74566650390625
H 6.499918068171693 3.185506719404858 -2.557863269374546 45.62463073730469 86.56596069335939 22.60425567626953
H 6.7221366743678646 4.929038458487225 -2.9444713781386067 -13.723785400390625 -13.907502746582033 25.096641540527344
H 7.682428042602801 4.21427715000961 -1.605294259526586 -97.40550537109375 -2.2902530670166015 -13.86307373046875
22
6.25054931640625
H 5.142749933237645 7.822341405303755 2.2492872308691654 23.66824188232422 0.7483842849731446 -24.187910461425783
C 4.599521150743334 7.590723214706773 1.3303043876113314 -11.35941619873047 -250.29436035156252 112.80882568359375
H 5.109759053934244 7.981650920346267 0.4753477694162773 -20.250343322753906 72.590625 -45.76951293945313
H 3.595622101008537 7.8677842688454 1.558748773536979 -61.99396362304688 61.5066162109375 -56.7237548828125
C 4.613054134335579 6.047374406987851 1.158626644661668 351.205712890625 54.01055908203125 94.53408203125001
O 5.664258990038328 5.4489718756969365 1.5150465651815614 -154.48299560546877 89.98802490234375 -41.90563659667969
N 3.649993967196972 5.417408590486059 0.5387322827687728 -14.862117004394532 67.03226318359376 77.13992309570312
H 2.7643766246322263 5.798040625770364 0.7145781398162678 -92.19592895507813 53.97723388671875 -50.135473632812506
C 3.67866653116617 4.013527397033812 0.2911987868045526 58.109753417968754 -108.11796875 -10.039878082275392
H 3.9721051605290403 3.5102654854913156 1.2139934549267108 -26.48782653808594 1.259754753112793 10.86180648803711
C 2.2353969968898073 3.6488198630520885 -0.06893727650215062 72.6140625 12.942115783691406 -104.412646484375
H 2.000451938661725 3.9559009231184623 -1.105422696635285 -0.5378146648406983 13.729287719726564 50.13100280761719
H 2.1961662282356 2.604120531262315 -0.05940622212733705 -22.95653533935547 -129.38280029296877 0.20028879642486574
H 1.531714238935341 3.9989472359001246 0.6499685456382638 -46.19199829101563 41.341470336914064 42.549658203125006
C 4.745534236227735 3.5285426639324893 -0.7499719189760918 -205.2253173828125 69.3776123046875 -138.843408203125
O 4.541883077601745 2.4708448091358823 -1.380215852174499 77.36614990234375 36.477386474609375 85.82987670898439
N 5.5653057180461385 4.484440604842864 -1.2294018890741107 80.57239990234376 -135.24288330078124 -5.813022232055665
H 5.548249682450193 5.3716768664462675 -0.8058955070871736 -8.487676239013672 68.81468505859375 56.534252929687504
C 6.680238041807368 4.205964886559499 -2.117862025727675 75.70982666015625 -114.17519531250001 -81.82425537109376
H 6.497198089394107 3.182004417980414 -2.5633437573290396 49.906793212890626 99.86995849609376 34.98207092285156
H 6.70781076141041 4.915733135942904 -2.9557218480531606 -9.099330139160157 -4.100554656982422 25.181773376464847
H 7.68581961144264 4.22074960558434 -1.5979901497240823 -115.02169189453126 -2.3522018432617187 -31.09805603027344
22
13.182464599609375
H 5.148835839702924 7.821544948989446 2.247112152916392 23.991029357910158 2.0301122665405273 -20.488441467285156
C 4.599314150430923 7.591607405313283 1.3330111743881434 -49.11730041503907 -247.88576660156252 117.02489013671875
H 5.10420286979315 7.9788881743136155 0.476445374715592 -17.60211181640625 76.66587524414062 -51.51318969726563
H 3.5843659164867034 7.867570458279514 1.566105180801195 -31.646286010742188 54.76270141601563 -61.414770507812506
C 4.610990668641708 6.048846478645871 1.158335925274518 387.0244140625 33.135302734375 103.53480224609376
O 5.666961734493915 5.449232294748399 1.514942878548482 -173.36187744140625 100.6090576171875 -47.48619689941407
N 3.652975728975427 5.413809133222224 0.5388824586810542 -18.37080535888672 92.89583129882813 78.85075073242189
H 2.7751078077700364 5.800191091535563 0.7254309332190523 -105.52418212890626 51.48411254882813 -51.896215820312506
C 3.6739695485460437 4.0155448481107845 0.28876202621737534 91.0563232421875 -136.5962646484375 -4.348746490478516
H 3.9710152318564123 3.505768867653977 1.2148165588020563 -32.765664672851564 11.412137603759767 -4.0930320739746096
C 2.2329896793044384 3.653163850424109 -0.0679764510016865 113.18325195312501 -5.514708709716797 -124.8330078125
H 2.0069200129539775 3.9469872407676383 -1.1059962450414735 -10.40420913696289 21.661619567871096 41.916970825195314
H 2.2088247378189836 2.611019129006447 -0.056411022051129314 -28.592974853515628 -138.06047363281252 1.6160133361816407
H 1.5458541817174258 3.9934959080339394 0.6490323225268714 -80.16650390625 56.4505615234375 67.1826171875
C 4.746687640959127 3.5249538766358612 -0.7551537053398728 -223.13198242187502 107.70616455078125 -100.4454345703125
O 4.541394198827512 2.4714514148266558 -1.3788728050132506 76.99521484375 11.402806091308594 66.0693359375
N 5.566368724869429 4.483717116865634 -1.2274135289209467 82.50184936523438 -145.07962646484376 -18.323159790039064
H 5.54908513586606 5.368441853433294 -0.801127211661461 -8.474244689941406 71.96358032226563 58.794464111328125
C 6.678951601685079 4.206948070085675 -2.1190858409544626 79.79039306640625 -127.44583740234376 -75.18179931640626
H 6.4956671745820245 3.181057024198533 -2.5681076925561026 52.55039672851563 105.29827880859375 44.23570556640625
H 6.69309507514661 4.902293458410901 -2.9665922305920374 -4.0673778533935545 5.4431301116943365 25.268739318847658
H 7.6859656955721345 4.226863594294623 -1.5915373658927854 -123.86738281250001 -2.338575553894043 -44.47029113769531
22
19.069732666015625
H 5.155608565077369 7.820528878804809 2.2444996058097333 23.783364868164064 3.34603271484375 -16.293986511230468
C 4.599038970731478 7.591927175086601 1.3359628176204708 -86.23844604492189 -239.24772949218752 116.6478271484375
H 5.098276876371374 7.977733460664065 0.4765929033617572 -16.43366241455078 77.93380737304688 -53.4021240234375
H 3.5722490627388934 7.8687414448015724 1.5718926097574182 1.2202576637268068 46.25409545898438 -65.38897705078125
C 4.609799374475355 6.050436718502095 1.158210245644089 414.98222656250005 12.11294174194336 109.98251953125
O 5.669453473360604 5.449647268134194 1.5147579381354481 -188.01343994140626 109.47843017578126 -51.811456298828126
N 3.6559280422730605 5.410511667245107 0.5392114861922768 -26.929034423828128 119.92403564453126 82.05715332031251
H 2.7835230957606543 5.803274599418717 0.735637498451089 -110.97719726562501 46.2395263671875 -54.64396362304688
C 3.6695020165380936 4.017262961445161 0.2863004877898267 121.80233154296876 -161.2764892578125 -0.5242781162261964
H 3.9689463518169332 3.5017299257855345 1.2151040479293114 -37.75293884277344 19.96726531982422 -16.69104766845703
C 2.2308824753948464 3.6574927396703227 -0.06726945988350073 146.41618652343752 -32.344400024414064 -137.25394287109376
H 2.0131979171461203 3.938559274569433 -1.105672289107458 -20.306411743164062 29.827984619140626 31.625762939453125
H 2.220645709821988 2.6140334189149526 -0.05365387985113637 -33.46418762207031 -135.2181640625 2.8334527969360352
H 1.5582935927850916 3.989274652839531 0.6498822033857685 -107.79913330078125 68.29609375 86.18916625976563
C 4.747665293492306 3.5213912829433855 -0.7603832592719784 -239.438671875 146.19541015625 -62.2978759765625
O 4.540992027714131 2.4721428326696233 -1.3774099292377615 76.33143310546875 -14.40773162841797 45.99403381347656
N 5.567640898228646 4.482795936931452 -1.2253747088279512 83.69878540039063 -146.46207275390626 -26.556448364257815
H 5.549818831791003 5.367432149839715 -0.7951013094261303 -8.027514648437501 66.25091552734375 56.59904174804688
C 6.677845597370846 4.207632021231124 -2.1205022559276 76.06066284179688 -131.83818359375002 -68.19481811523438
H 6.495245489281002 3.182698459631723 -2.5718296010134054 53.52656860351563 102.3857421875 49.85669860839844
H 6.678113513292887 4.888934162116744 -2.976988435927809 1.3375455856323244 14.657397460937501 25.225695800781253
H 7.682772629758312 4.232372435084545 -1.5859895823662786 -123.7787353515625 -2.074924087524414 -53.95244140625
22
23.1531982421875
H 5.162646597506745 7.819614559770485 2.24161284601446 23.163015747070315 4.562098693847656 -11.989875793457031
C 4.598532141328144 7.591730327608282 1.3391264533217226 -120.32656250000001 -225.1375732421875 111.10860595703126
H 5.091719849795323 7.978324479763974 0.4754551283513437 -17.012776184082032 76.24793701171875 -50.80337829589844
H 3.5599316623000377 7.871001057506115 1.5763990015600302 34.34632263183594 36.559182739257814 -68.34088134765625
C 4.609375814417376 6.052019840014477 1.1582967041156063 434.81425781250005 -8.191300201416016 113.88455810546876
O 5.671586033377701 5.45015852169381 1.514485206226399 -198.08608398437502 116.42724609375 -54.74243774414063
N 3.658825192196908 5.407442824673638 0.5396967442871781 -41.92726135253906 148.28770751953127 86.92591552734376
H 2.7890984789865265 5.807201640355332 0.7448943573852206 -107.3837158203125 37.81988220214844 -58.76911010742188
C 3.665261381856837 4.018610305294646 0.2837512250560576 150.0528076171875 -181.77421875000002 2.3006677627563477
H 3.965627395872902 3.498320641032508 1.2151824720501807 -41.33446350097657 26.88790283203125 -27.473080444335938
C 2.229104202254329 3.6617413280155384 -0.06687360102307845 170.18499755859375 -66.46201171875 -140.20479736328124
H 2.0190704729190716 3.9305640023569737 -1.1047812010157683 -29.835940551757815 37.90144653320313 19.940173339843753
H 2.231741058681047 2.6130255086285366 -0.05105994818214699 -37.972048950195315 -120.72414550781251 3.7930149078369144
H 1.5680682006105386 3.986782122306283 0.6528555992335227 -127.00361328125001 75.96699829101563 97.40642700195313
C 4.748315181090263 3.5179419044765514 -0.7656890926813178 -253.98903808593752 183.704296875 -24.75393981933594
O 4.540598570664879 2.4728761125193115 -1.3758211364206985 75.35631103515625 -40.6235595703125 25.83816833496094
N 5.568996666772975 4.481549378652548 -1.2233530552122778 84.5595458984375 -138.9469970703125 -30.710150146484377
H 5.550570862883964 5.3684167012019515 -0.7878567833346284 -7.239431762695313 51.982086181640625 50.026788330078126
C 6.6768399236492195 4.207959322265825 -2.122193832281997 64.93765869140626 -127.53919677734376 -60.50621337890625
H 6.495781322023392 3.1868692678239463 -2.574378464567803 52.940057373046876 90.98732910156251 51.63474731445313
H 6.663311202908294 4.875622112273657 -2.986898801896733 6.804602813720703 23.664724731445315 24.872146606445312
H 7.676268306580072 4.237390004615827 -1.5814958162763304 -115.04864501953125 -1.5998346328735353 -59.43734130859375
22
25.466766357421875
H 5.170234636204395 7.818989031085851 2.2382393855704192 22.151325988769532 5.664715194702149 -7.497162628173829
C 4.5978616790430005 7.59106120364986 1.3425128318431239 -148.44183349609375 -205.953466796875 100.00735473632812
H 5.084297260407197 7.9806931570494966 0.4731329859655127 -18.968402099609374 71.74647827148438 -44.13039855957032
H 3.5487359119017685 7.874503495123517 1.5794433099267404 64.47120361328125 26.311529541015627 -69.46353759765626
C 4.60978965423689 6.053771656648137 1.1586931371396747 446.43461914062505 -28.629302978515625 115.06281738281251
O 5.673535569529479 5.450882946570433 1.5142498266081588 -204.07630615234376 121.72373046875 -56.483312988281256
N 3.6616258983660237 5.404723414898264 0.5403633420166762 -61.460504150390626 177.63775634765625 93.5953369140625
H 2.7920439777322166 5.811678755387954 0.7532995784408949 -96.11896362304688 26.867434692382815 -64.11353759765625
C 3.6613127941203985 4.019742400179126 0.28117329970869814 175.6822509765625 -198.09154052734377 3.309941864013672
H 3.9612770142431417 3.4957328844853173 1.2147009161558113 -43.427215576171875 31.8284912109375 -35.54815368652344
C 2.227765387785847 3.6660365757673503 -0.06674046581896761 183.35551757812502 -105.22231445312501 -133.14591064453126
H 2.0242365778254308 3.9231976878389774 -1.1035807033232334 -38.5917236328125 45.58292846679688 7.805669403076172
H 2.242203361615276 2.6088102948772414 -0.048492122349435826 -42.373626708984375 -96.61658325195313 4.397264099121094
H 1.5749515366088067 3.986229759539437 0.6584659150196297 -136.864404296875 79.11395874023438 99.55238647460938
C 4.748665348418626 3.5145062176393416 -0.7708589099509784 -265.94016113281253 221.1029052734375 11.137337493896485
O 4.540278817806826 2.473664880144938 -1.374205756656586 73.95780639648437 -67.100390625 5.919794845581055
N 5.570393894921976 4.480149807257227 -1.221436043099795 84.72403564453126 -124.884814453125 -30.72615661621094
H 5.551551383434256 5.370989947351925 -0.7793213580132935 -6.186986541748047 30.695681762695315 39.67157592773438
C 6.676098466549742 4.208154214924856 -2.1240549090301037 46.261877441406256 -115.50328369140625 -53.34127197265625
H 6.497854363006294 3.1931188642027224 -2.5757146960213735 50.92362670898438 72.6441650390625 50.14455871582032
H 6.648448280656611 4.862990179057308 -2.996227823884337 12.452870178222657 31.878726196289065 24.61305389404297
H 7.666745514609072 4.2425796179950055 -1.5781058961224492 -97.96502685546875 -0.7968013763427735 -60.76764526367188
22
26.356475830078125
H 5.1782432083467995 7.8184183669830665 2.235061730968403 19.591267395019532 6.393940734863282 -4.449856948852539
C 4.59681652802645 7.589866957862705 1.3459717039828094 -167.9729736328125 -182.46942138671875 84.88702392578125
H 5.076418155006525 7.984997941718396 0.46980222912673963 -22.563018798828125 64.26348876953125 -33.218817138671874
H 3.5386670939838356 7.878167560004938 1.5807201229260468 90.31943969726564 16.355303955078124 -68.56865234375
C 4.610950943991051 6.0555037180991445 1.1593758725491314 450.3353515625 -48.423559570312506 113.52763671875
O 5.675272895523501 5.451682650091377 1.513938280988455 -206.00920410156252 125.35736083984375 -56.965466308593754
N 3.6642915407125534 5.402299427256895 0.5412875122674019 -83.40058593750001 206.33549804687502 101.3439208984375
H 2.792992558802644 5.816639014340641 0.7605052352221107 -79.60390014648438 14.293748474121095 -70.24495239257813
C 3.6576790224503353 4.020535277144768 0.2784506920430799 197.70146484375002 -209.50002441406252 2.4304899215698246
H 3.9557820692487438 3.4936262008843677 1.2132143720456154 -43.7999267578125 34.63161010742188 -40.36241760253907
C 2.2267896616706357 3.6702616026558927 -0.06692819170140334 184.8812255859375 -144.99927978515626 -115.5467529296875
H 2.0280910860862638 3.91681162007991 -1.102200066989508 -46.12573852539063 52.421154785156254 -4.178804779052735
H 2.2517821829670135 2.6022792272048174 -0.04572548965249336 -46.746105957031254 -65.839404296875 4.359343719482422
H 1.5782720704829103 3.987461946365091 0.6667979210161659 -136.42021484375002 77.54262084960938 91.70165405273438
C 4.748594916521432 3.511205615756804 -0.7759006083935109 -275.0479248046875 257.070556640625 44.531982421875
O 4.539993879212283 2.474384578122577 -1.3725946802083997 72.21908569335938 -92.97462768554688 -13.255784606933595
N 5.5718398563575064 4.4786026990211365 -1.2195356084483362 84.1895751953125 -107.70522460937501 -28.07337646484375
H 5.552675168790929 5.374259107325983 -0.7699807306868649 -4.884358596801758 5.888335037231446 27.115585327148438
C 6.675566401887871 4.207981684268524 -2.1259334613659044 21.661120605468753 -95.63699951171876 -46.61624450683594
H 6.501193303592738 3.201076451855252 -2.5755664360667545 47.67442321777344 47.694818115234376 45.35695495605469
H 6.633438379257585 4.851188911242925 -3.004754634909914 18.306341552734377 38.89567260742188 24.702212524414065
H 7.654908427029733 4.247692986857183 -1.5757505234151306 -74.30534057617187 0.4044240951538086 -58.47568969726563
22
26.440765380859375
H 5.186536356030581 7.818353070678478 2.2318198718312834 15.954859924316407 6.769463348388673 -2.0714370727539064
C 4.595303882231249 7.588358414938839 1.3496810559495493 -176.68203125000002 -155.58704833984376 64.21050415039063
H 5.068308641253898 7.990898558030474 0.4655094195547287 -27.94222106933594 53.982171630859376 -17.89757843017578
H 3.530499401426592 7.882226882934433 1.5804307828828998 109.66044921875 7.149457550048829 -65.3947509765625
C 4.613016347043322 6.057372669775708 1.1602286693891657 444.950830078125 -67.63203125 109.19534912109376
O 5.676719510927112 5.452618527943372 1.5134990922082343 -203.230322265625 127.23472900390625 -56.0515380859375
N 3.666828057844187 5.400233997324518 0.5422945770397654 -104.7291748046875 233.51564941406252 109.95968017578126
H 2.7926295926029 5.821834814993117 0.7662525555847082 -60.359979248046876 1.2257137298583984 -76.57437744140626
C 3.654373636232841 4.020973245279558 0.27555945867380593 216.36772460937502 -215.42531738281252 -0.7636874675750733
H 3.9494289033773584 3.4921277128265893 1.2104546052474001 -42.508392333984375 35.026519775390625 -41.37154846191407
C 2.2261407187834665 3.6743498182893934 -0.06744094521636297 175.36107177734377 -183.1834228515625 -88.4784423828125
H 2.03081829922958 3.911794811986953 -1.1008246849585048 -52.34139404296875 58.12608642578125 -15.470860290527344
H 2.2601870035617693 2.5942586186145125 -0.04281959997332145 -51.060122680664065 -31.02735595703125 3.624021530151367
H 1.5779862721709945 3.990561837438143 0.6774020805092039 -126.19652099609375 71.62255249023438 74.30786743164063
C 4.748331062621685 3.5082237143854385 -0.7807769081262607 -282.6151611328125 289.7110595703125 75.08577880859376
O 4.5397504268435585 2.475013681486406 -1.3710882709233077 70.56876220703126 -117.0905517578125 -31.116085815429688
N 5.573332236404295 4.47699950697395 -1.2176397538948969 83.92235107421875 -88.04715576171876 -24.137245178222656
H 5.554034208966803 5.378070340624107 -0.7602956039259577 -3.5535560607910157 -21.091030883789063 13.141204833984375
C 6.6752487777424765 4.207627498873648 -2.127994831876193 -7.159673309326172 -70.86581420898438 -40.109072875976565
H 6.5057473477913845 3.2100019964978155 -2.5743370990272343 43.597802734375 18.618568420410156 38.253045654296876
H 6.619029438843594 4.840382233202718 -3.012579961866664 23.95094909667969 44.96462707519532 24.908274841308597
H 7.6414381009846455 4.252881247269506 -1.57439880478773 -45.956240844726565 2.0031198501586913 -53.249114990234375
22
26.38043212890625
H 5.195196440321003 7.818270722598484 2.2287714464246444 10.864610290527345 6.899475860595704 -1.1499273300170898
C 4.593405487329534 7.58652254726187 1.353424937928833 -173.96916503906252 -127.183154296875 41.00807189941406
H 5.059724591089431 7.997842596779211 0.4607793962446832 -33.85054931640625 41.936840820312504 -0.3042214393615723
H 3.524900254863583 7.886351454035139 1.5784917281026556 120.8837890625 -0.663119649887085 -59.82799072265625
C 4.61581675423638 6.059303611298857 1.161298855026113 430.3595703125 -85.95022583007812 101.5491943359375
O 5.677757849081205 5.4537341112990045 1.512846065019323 -195.64249267578126 127.09674072265625 -53.585809326171876
N 3.669120819686456 5.398440440343332 0.5433209796758331 -123.5555419921875 258.5291259765625 119.3033447265625
H 2.7913816786586616 5.826765940599554 0.770824474587497 -40.34368896484375 -11.452850341796875 -82.64993896484376
C 3.6513641888075603 4.0210008805208055 0.2726426133997656 231.29729003906252 -215.64516601562502 -7.2896568298339846
H 3.9420456915549744 3.491185014264979 1.2062001655896595 -39.26064758300782 32.66973571777344 -37.70113525390625
C 2.2258402572240588 3.678088607072198 -0.06819273276920537 155.13070068359377 -216.9268310546875 -54.7887451171875
H 2.0322500987697905 3.9081343952197214 -1.1000988945203014 -56.7680908203125 62.220794677734375 -24.02643585205078
H 2.2674862437447683 2.585481390996642 -0.03969508640933794 -55.2250244140625 5.044700622558594 2.189463233947754
H 1.574343406525864 3.9951491925534466 0.6900222210439437 -107.10924072265625 61.806713867187504 48.18599548339844
C 4.7477621530578435 3.505634243675926 -0.7854030934943977 -288.6500244140625 317.794580078125 102.25928344726563
O 4.539505472608169 2.4754911393309804 -1.369722684383782 68.98264770507812 -138.80516357421877 -47.18609619140625
N 5.57471652709165 4.475284006927246 -1.2157604851858872 83.91660766601564 -67.69016723632812 -19.681663513183594
H 5.555231831309625 5.381688289353315 -0.750473087060753 -2.037435340881348 -47.915872192382814 -1.2915405273437501
C 6.674961250670332 4.2070000609931535 -2.130240085318106 -39.07928161621094 -42.99631958007813 -34.48898010253907
H 6.510908640240326 3.2191053748747 -2.571953289121679 39.20290832519532 -12.84021453857422 29.516830444335938
H 6.604925899442366 4.830180710143058 -3.0201155789826255 29.36963806152344 49.947756958007815 25.552041625976564
H 7.626934664162203 4.257913520229193 -1.5742778075106165 -14.516603088378908 4.1226043701171875 -45.592095947265626
22
26.551361083984375
H 5.204098663754033 7.818337274379812 2.22581097971229 4.699246215820312 6.820126342773438 -1.1750410079956055
C 4.591187967990557 7.584446222436676 1.3572790436229296 -160.99416503906252 -98.33805541992189 16.394549560546874
H 5.050546612133776 8.005699750224426 0.45625122707763255 -39.56413269042969 28.74393005371094 18.095254516601564
H 3.5219997730393304 7.890624239048486 1.5752230159039091 123.9591552734375 -7.0174713134765625 -52.100500488281256
C 4.6192866649221145 6.061249953703834 1.1626156848857603 407.63400878906253 -102.17221069335938 91.41519775390626
O 5.678393248648444 5.455046189017313 1.5121533954046957 -183.6064453125 124.8739013671875 -49.76084594726563
N 3.671231181459551 5.397146895777859 0.5444931548018189 -139.24459228515624 278.932666015625 127.9700927734375
H 2.7894749371314025 5.831149248794297 0.7738877348602459 -20.841481018066407 -22.690731811523438 -87.89892578125
C 3.648783296317313 4.02064163951138 0.2696848853826455 242.0039794921875 -209.90771484375 -15.762055969238283
H 3.9337795413427306 3.490912396240677 1.200886368543247 -34.24810791015625 27.861990356445315 -30.287466430664065
C 2.225828167112415 3.681367397041231 -0.06902452412994334 126.59426269531251 -243.4733642578125 -18.077555847167968
H 2.0322359269151757 3.9060922384491192 -1.100131047507279 -59.21962890625 64.51334228515626 -28.916665649414064
H 2.273804784285789 2.577012257509179 -0.03651551273453313 -59.215203857421876 38.95967407226563 0.24244108200073244
H 1.5680998461494797 4.000985747842101 0.7039363031907508 -81.325927734375 49.03020935058594 15.794331359863282
C 4.746910148716065 3.5034634386961967 -0.7897043493147671 -292.12626953125 341.6587646484375 125.3009521484375
O 4.539370159481953 2.4758253816062483 -1.3685493789486798 67.38038940429688 -157.85427246093752 -61.2650146484375
N 5.576193231684665 4.473630650487928 -1.2138756224658962 82.87659301757813 -50.85548706054688 -15.663104248046876
H 5.556547248489132 5.384279420610402 -0.7409420373625536 -0.41044149398803714 -70.9913330078125 -14.354598999023438
C 6.674598807025106 4.206233325644929 -2.1325325822976238 -71.024658203125 -14.576089477539064 -30.278173828125002
H 6.516959062426428 3.227561444852518 -2.5687623707187788 34.638421630859376 -44.029296875 20.345678710937502
H 6.591285647221722 4.8209906144067265 -3.027070909846381 34.38781433105469 53.76697387695313 26.56685791015625
H 7.61218959354494 4.263047498441777 -1.5750039089494006 17.64717254638672 6.744437408447266 -36.585418701171875
22
27.056915283203125
H 5.212821606276088 7.818922808776273 2.222650467668266 -1.8131948471069337 6.559355926513672 -1.2029859542846681
C 4.588766678894943 7.582121906235009 1.3612082735559912 -138.37540283203126 -70.29532470703126 -9.227716827392578
H 5.0408722559674715 8.014452061375493 0.4524361068179211 -44.671179199218756 14.776704406738283 36.13026733398438
H 3.5220891980175817 7.894488701513495 1.5707151924981175 118.16070556640625 -11.374822998046875 -42.375726318359376
C 4.623500004263161 6.063085632734699 1.1642348629604078 377.2144287109375 -116.15531005859376 78.71984252929688
O 5.678870546143275 5.456484217867345 1.5113970374235586 -167.59027099609375 120.65501708984375 -44.67537841796875
N 3.6731103695996308 5.3962654800466385 0.5458791395389604 -149.30662841796877 294.3854248046875 135.68853759765625
H 2.787523347240623 5.834930161528647 0.7754283759157571 -3.853799819946289 -31.76429443359375 -91.85157470703126
C 3.646738065036748 4.019928788036498 0.2666903924055113 248.454541015625 -199.86746826171876 -24.230039978027346
H 3.9248130973674322 3.4908552972566538 1.195106905952478 -27.960595703125 21.699948120117188 -20.9201904296875
C 2.2261212220383313 3.6841080268571025 -0.06984922655592612 90.97457275390626 -261.60615234375 19.614439392089846
H 2.031241566313484 3.905352468965206 -1.1010134258920967 -59.83040161132813 65.11878051757813 -30.054730224609376
H 2.2787370855466307 2.5693777847044306 -0.03328411180538113 -62.666009521484376 68.92718505859375 -1.991078567504883
H 1.5594375595721468 4.008005277133102 0.7183970106085324 -50.03974914550781 33.91982727050782 -21.351438903808596
C 4.745863550456113 3.501663969786097 -0.7936723799829976 -293.3174072265625 360.9796875 144.35252685546877
O 4.539341675427725 2.4758587539160897 -1.3674681181051924 65.92798461914063 -173.9028076171875 -73.32011108398437
N 5.577832188361337 4.471987691292745 -1.2118483619215898 81.19562377929688 -39.43728332519532 -13.569705200195314
H 5.558034387312215 5.385182636427287 -0.7317171422797071 1.318900203704834 -88.35593872070314 -25.021955871582033
C 6.674285823358799 4.205351723841575 -2.1348811918016466 -101.49171752929688 12.47406692504883 -27.28852233886719
H 6.524100228447987 3.2348520357403436 -2.565190461000051 30.009008789062502 -73.25751953125 11.611138153076173
H 6.578545227601948 4.812588290286729 -3.033681197186773 38.842541503906254 56.590100097656254 28.025201416015626
H 7.598045665728695 4.267943977936975 -1.5764572428860308 48.81805419921875 9.930796051025391 -27.06080322265625
22
27.550933837890625
H 5.221262969763481 7.820123618288386 2.219106092098226 -8.517621612548828 6.167330932617188 -1.2758926391601564
C 4.586024709117655 7.5796897372506065 1.3650696135190188 -108.35610351562501 -44.14268493652344 -33.91058044433594
H 5.030141888478133 8.023620180518172 0.4494895098534362 -48.417999267578125 0.9283271789550782 52.32472534179688
H 3.52464050831815 7.898163835757175 1.5652831277276702 104.8195068359375 -14.026454162597657 -31.207766723632815
C 4.628277957328509 6.064781204307091 1.1660057201320597 339.382958984375 -126.38946533203125 63.942761230468754
O 5.679049375001264 5.458257296236532 1.5105667011053336 -147.56234130859374 113.99180908203125 -38.41334533691406
N 3.6746132874882997 5.396027549032825 0.547353366782118 -153.27713623046876 303.33774414062503 141.9634033203125
H 2.785527835574855 5.837864135810272 0.7757106712366856 9.924064636230469 -38.054638671875004 -94.27218627929688
C 3.6451656373215564 4.0189666151425785 0.26356913622286526 249.98220214843752 -184.87093505859377 -32.70621337890625
H 3.9150288144194727 3.491095007659801 1.188586275487895 -20.30030212402344 14.043246459960939 -9.197225952148438
C 2.226546066380192 3.6864640172779684 -0.0706428722566656 51.53550415039063 -271.1640625 53.82807006835938
H 2.0289508804335314 3.9059982115855973 -1.1027678308126463 -58.53855590820313 64.16488037109376 -27.283441162109376
H 2.2820342954682578 2.5633406360481343 -0.030341623859542307 -65.395068359375 93.14265747070313 -4.218425369262696
H 1.549430877917284 4.015880500961124 0.7320943671444853 -16.614161682128906 17.943766784667968 -59.26324462890625
C 4.744415100875446 3.500434228990005 -0.79728321699742 -291.750390625 375.02470703125005 158.58498535156252
O 4.539237889331201 2.475778797382148 -1.3666662853181288 64.56653442382813 -186.51597900390627 -83.0304443359375
N 5.579444428544002 4.470508184851755 -1.2097163083696256 78.75091552734375 -36.60314025878906 -14.745657348632813
H 5.559542907685592 5.3835800674194605 -0.7232793962250368 3.0747417449951175 -96.60217895507813 -31.44166259765625
C 6.673778322904376 4.204617036787627 -2.137228563555453 -129.117578125 35.72598571777344 -25.825234985351564
H 6.532109187250875 3.240301944347262 -2.5612982669018964 25.63809509277344 -98.0232421875 4.110028839111329
H 6.566508980342003 4.8055938201437565 -3.039581564024788 42.60962829589844 58.302703857421875 29.572750854492188
H 7.58496598795973 4.2729476800127975 -1.5787460631411818 77.56310424804688 13.619607543945314 -17.53538818359375
22
27.5596923828125
H 5.229648796809082 7.821459570752794 2.2156760189858753 -15.883996582031251 5.640189361572266 -2.1301021575927734
C 4.583185942993232 7.577126283957244 1.368859395419406 -71.87572021484375 -21.02980651855469 -55.0088134765625
H 5.018502734322684 8.033011317108926 0.44810007051264916 -50.074011230468756 -12.081912231445314 65.11658325195313
H 3.5296674250017475 7.901712278303597 1.558952317771563 84.58535156250001 -15.04813232421875 -18.871649169921877
C 4.633684688443857 6.066119298164382 1.1679522883267135 294.526611328125 -132.5920654296875 47.088940429687504
O 5.679021702417794 5.460088939025381 1.509623702233946 -123.6495849609375 105.01705322265626 -30.940313720703127
N 3.675904662315465 5.39611425253981 0.5489733287577363 -149.571728515625 305.46164550781253 146.2531982421875
H 2.7841341691029404 5.839445550828016 0.7743330405072729 18.62148132324219 -40.599710083007814 -94.66628417968751
C 3.644209515224956 4.017627322880019 0.2603355180760957 246.48122558593752 -166.293798828125 -39.96961975097656
H 3.9045692304673736 3.491164304474468 1.1817793428117769 -11.568112182617188 5.661994552612305 3.5675647735595706
C 2.227064434315804 3.688114848540028 -0.07133011825929789 11.39520263671875 -270.913134765625 82.37451782226563
H 2.0253723975716933 3.907569429567015 -1.1050411432476377 -55.574987792968756 61.846038818359375 -21.427835083007814
H 2.2838345306273404 2.5594389066141403 -0.027477645086797283 -67.28260498046875 109.16619873046875 -6.364956283569336
H 1.5389888021909144 4.023802999138132 0.7441487220252209 16.41761474609375 2.2643238067626954 -94.94524536132813
C 4.74271611710446 3.499669079232959 -0.8005146073488284 -287.5051513671875 383.5533447265625 167.920849609375
O 4.539118388595693 2.475336834417835 -1.365997243353787 63.46373291015625 -195.32681884765626 -90.32209472656251
N 5.581192728389324 4.469124684039583 -1.2074986334079125 75.09340820312501 -42.083499145507815 -19.019259643554687
H 5.5612846763554575 5.379557527498772 -0.7156752967091664 4.867279052734375 -96.1996337890625 -33.68998413085938
C 6.673109179469856 4.203831654865773 -2.1395122718554584 -152.197998046875 53.95052490234375 -26.15313720703125
H 6.541012224175299 3.2432798662534728 -2.5574560178099954 21.602264404296875 -116.80811767578126 -1.389289665222168
H 6.555511462573483 4.799767841085351 -3.0449683884821566 45.64799194335938 58.79413452148438 31.568154907226564
H 7.57341437864012 4.277801696180296 -1.5813310162183019 102.48172607421876 17.621202087402345 -8.991228485107422
22
26.5225830078125
H 5.237711900959913 7.823146896912747 2.2123188769934012 -23.59010162353516 5.007797622680664 -3.6947986602783205
C 4.580237270434752 7.574623092114798 1.3724632517086839 -31.324588012695315 -1.9288158416748047 -70.79166259765626
H 5.005614018020913 8.042072091821751 0.44838529123509024 -49.12298583984375 -23.16805419921875 73.17262573242188
H 3.5366127098876987 7.904907246211223 1.5521738544135744 58.82880249023438 -14.478889465332031 -5.9946434020996096
C 4.639605758781639 6.0673209305666065 1.1699529490297946 243.87492675781252 -135.2737548828125 28.783023071289065
O 5.678747389674123 5.462129659975145 1.5086349039447233 -96.43901977539063 94.04901123046875 -22.51327819824219
N 3.676983558694423 5.39663636889132 0.5507749225530132 -138.3487060546875 300.6517333984375 148.08577880859374
H 2.7835612298572383 5.8400420594796865 0.7712036059461419 21.840325927734376 -39.393106079101564 -93.03067626953126
C 3.6436639806732862 4.015988966637125 0.2568344749563851 239.4605224609375 -144.21561279296876 -44.52888793945313
H 3.893634530066435 3.4911030912245837 1.1749297383636483 -2.2963529586791993 -2.9510826110839847 16.241383361816407
C 2.227647755761076 3.689251277442966 -0.07194523352136278 -27.592935180664064 -261.22939453125 102.53155517578125
H 2.0207154479685077 3.910100678993922 -1.1080261178411652 -51.10692138671875 58.27039184570313 -12.22329330444336
H 2.2843793395968346 2.558111660468536 -0.024944463803204163 -68.4371337890625 116.28538818359375 -8.177568817138672
H 1.5291783213900567 4.031761287331108 0.7540540748680846 46.88115539550782 -12.356611633300782 -126.2840576171875
C 4.74079257430035 3.499482248219081 -0.8033921305413676 -281.06474609375 386.26437988281253 172.32103271484377
O 4.539050027159694 2.4746104826634987 -1.3655302960911393 62.68538818359375 -200.1374267578125 -95.11323852539063
N 5.583013513654363 4.467945146292396 -1.2052730900915796 70.97171630859376 -56.30385131835938 -27.31019287109375
H 5.563559512103547 5.373187686560731 -0.7094828720431947 6.326882553100586 -86.48606567382814 -30.9085205078125
C 6.672193090426214 4.203177077593823 -2.1419344981571613 -168.44910888671876 65.03528442382813 -26.745837402343753
H 6.550995197734429 3.243325343734871 -2.553901035768566 17.845680236816406 -127.92130126953126 -4.374188613891602
H 6.5456564519474405 4.795171104553185 -3.0497304933619427 47.66794128417969 58.54315185546875 33.057177734375
H 7.564314759497183 4.282748619628254 -1.584434781631756 121.38929443359376 21.736814880371096 -2.501741409301758
22
23.9744873046875
H 5.245169992121369 7.825083029475122 2.20911620232674 -31.200067138671876 4.462471389770508 -5.5535125732421875
C 4.577205788289364 7.572235612860087 1.3759528545959452 10.569052886962892 12.266861724853516 -80.3251708984375
H 4.991515331474313 8.050170135188148 0.45065021493699725 -45.2078125 -31.44112243652344 75.48580322265626
H 3.544824370435218 7.907962975782148 1.545044832781373 29.423565673828126 -12.763780975341797 6.962860870361329
C 4.645916372260251 6.068324229553637 1.1721195902718347 188.27896728515626 -133.90865478515624 9.529632568359375
O 5.678322611247505 5.464396306279109 1.5076513933275515 -66.56602172851562 81.17356567382814 -13.318128967285157
N 3.6777234130808334 5.397650910467337 0.5529603319035001 -118.7677978515625 287.7102294921875 146.81165771484376
H 2.783875301006053 5.8394105475425215 0.7660565828321921 18.536001586914065 -33.6165771484375 -89.03984985351563
C 3.6433227335342266 4.014104233590084 0.25321303065361 229.60549316406252 -119.199560546875 -45.35108337402344
H 3.882442563814743 3.490873667629591 1.1685017138819083 7.043097686767578 -11.285001373291017 27.841549682617188
C 2.228055090781569 3.690023521801138 -0.07227925553408665 -61.92297973632813 -243.4872802734375 110.94580078125
H 2.0150562049634626 3.9133713536378583 -1.111580302135078 -45.373046875 53.553765869140626 0.16409327983856203
H 2.2835337051844586 2.559677449019185 -0.022348539381215924 -68.89118041992188 114.04954833984375 -9.611241149902344
H 1.520979755742784 4.039284947917262 0.7608901878733422 71.52073974609375 -24.337112426757812 -149.79012451171874
C 4.738478007981911 3.49977394593544 -0.8057553255849856 -272.193359375 384.217919921875 172.118603515625
O 4.5389257044248605 2.473748898463524 -1.3651808401155587 61.936456298828126 -201.73392333984376 -97.75302124023438
N 5.584753366287511 4.46689325131809 -1.2029182309099717 66.35996704101562 -79.32077026367188 -39.79936828613282
H 5.566222622456042 5.364405299606147 -0.7046873157383958 7.473661804199219 -67.41811523437501 -22.854698181152344
C 6.670894733794511 4.2025972891129015 -2.1444053296092616 -177.45390625000002 70.23881225585937 -27.522491455078125
H 6.561684665564047 3.2405507184193665 -2.5503522063468336 14.375343322753906 -131.707177734375 -5.160066604614258
H 6.536812951930071 4.792109547315311 -3.053973321989182 48.73220520019532 56.925933837890625 34.747903442382814
H 7.557692017943916 4.288093164417393 -1.587774236388857 133.721630859375 25.619952392578128 1.4708538055419922
22
13.741241455078125
H 5.2570995953686435 7.8303774348458255 2.20299181364386 -43.48375244140625 3.222049331665039 -8.45282440185547
C 4.571660499020613 7.56753440890357 1.3823895782124473 87.7616455078125 30.012396240234377 -82.86174926757813
H 4.960612356460128 8.064304808452459 0.46010658713173475 -30.519891357421876 -40.66744079589844 65.62095947265625
H 3.562658333090132 7.913320693371482 1.5321512790216945 -31.420712280273438 -8.376519012451173 30.514736938476563
C 4.6597459874564535 6.06950465883382 1.176434133475016 66.46049194335937 -119.75032958984376 -29.880786132812503
O 5.677468841632719 5.469050029925418 1.5055997508590246 -1.2581007003784181 50.96572265625 6.399274063110352
N 3.6784002832282097 5.401003672506819 0.5581426312330199 -62.3861328125 241.65830078125 136.8437255859375
H 2.7852438900355465 5.83454206940487 0.7506175517791589 -0.0895887851715088 -11.779592895507813 -76.22820434570313
C 3.6440125124276914 4.009832098942757 0.24557107649552684 199.54051513671877 -65.1774169921875 -31.619696044921877
H 3.8605979886722386 3.489070235510814 1.1583517624557764 24.75166931152344 -24.34369354248047 43.22254943847656
C 2.2283560058353515 3.6905123373617954 -0.07242628924984196 -108.89095458984376 -190.00450439453127 92.75267333984375
H 2.0010646137613324 3.9232954826839803 -1.118578692095902 -31.050149536132814 41.261148071289064 29.371994018554688
H 2.277070199161583 2.5702934400532613 -0.01730156551260988 -67.60715942382812 85.042822265625 -11.623316192626953
H 1.5112813358208017 4.05203734500577 0.7631608134136798 98.47114868164063 -37.748687744140625 -167.60743408203126
C 4.732957829910913 3.5017763269091553 -0.8090228873590479 -247.35805664062502 363.2017333984375 157.17961425781252
O 4.53881519407021 2.471182130083137 -1.3648791283328945 60.35836181640625 -193.8324951171875 -95.76744995117188
N 5.588099463134708 4.464676196123154 -1.19810083179779 56.757135009765626 -138.75428466796876 -71.99639282226563
H 5.573426575198805 5.341934905879989 -0.6977983217842681 9.027649688720704 -12.140775299072267 3.71470947265625
C 6.667364120178974 4.2015222177765175 -2.1496258415885507 -167.73565673828125 58.928686523437506 -27.05776062011719
H 6.584540578267772 3.2251122423451832 -2.543704662356396 8.317031860351562 -112.91993408203126 1.0292901992797852
H 6.522487620173688 4.789891060269581 -3.0612536003853394 47.870642089843756 50.07673950195313 38.1724853515625
H 7.554548812372817 4.300431511164936 -1.5945745389520194 132.48387451171877 31.126080322265626 -1.7264076232910157
22
6.931396484375
H 5.2613956515824425 7.833240189652253 2.1999721470764175 -47.45855712890625 2.910138511657715 -8.67447967529297
C 4.569163008396878 7.565251584473072 1.3853953193085502 118.6317138671875 33.649331665039064 -76.37240600585938
H 4.944102643607559 8.07012090113227 0.46722618438927693 -20.39200897216797 -41.323333740234375 53.716583251953125
H 3.5707464359881147 7.9151828114281555 1.5271051731883776 -59.016064453125004 -6.469389343261719 40.51947021484375
C 4.666891875948895 6.069684886740094 1.178652185558755 2.9375038146972656 -106.75596923828125 -49.466921997070315
O 5.67694780029292 5.471477807424854 1.5044127961314746 33.378640747070314 33.85428466796875 16.793544006347656
N 3.678466367804356 5.403497431237718 0.5609969652703667 -29.287747192382813 209.29460449218752 128.5619140625
H 2.786089645052176 5.830879615819534 0.7408649999852489 -13.432522583007813 3.007803344726563 -68.34352416992188
C 3.644791200226261 4.007556103521524 0.24145163565711944 181.43197021484377 -37.060882568359375 -15.646531677246095
H 3.8505007430700386 3.4872771591440657 1.154912575180791 32.472146606445314 -28.120059204101565 45.482476806640626
C 2.228126573237047 3.690294941258896 -0.07223190356580166 -119.3690673828125 -156.47647705078126 66.4095947265625
H 1.993264550978965 3.9298024511207936 -1.1213530667614107 -23.25011444091797 34.14699096679688 44.089453125000006
H 2.271545607512206 2.579225598705581 -0.015135154981709734 -66.10074462890626 58.83610229492188 -12.025461578369141
H 1.5100367755923814 4.056583217643429 0.7580899206443039 99.33967895507813 -38.05360412597656 -160.4265869140625
C 4.729873452318686 3.50353807553212 -0.810098263247258 -232.72243652343752 343.95061035156255 143.0680908203125
O 4.538676712517757 2.4695523234550554 -1.3650656456492034 59.70823364257813 -184.26708984375 -91.30341796875001
N 5.589824878967581 4.463439198358983 -1.1957362647123262 51.357940673828125 -168.1268310546875 -87.94052734375
H 5.57780237061721 5.329942950411897 -0.6948980887894189 9.805534362792969 17.66938934326172 18.788629150390626
C 6.665110088540769 4.201187131188709 -2.1523572948494785 -149.36431884765625 41.27509460449219 -24.022854614257813
H 6.596474331893191 3.212834550811701 -2.5401732865346878 5.307579040527344 -90.81758422851563 7.314548492431641
H 6.51692329064919 4.790261917339099 -3.0636036936552413 45.81691589355469 46.38822937011719 37.71551513671875
H 7.557497493900328 4.3074959021287915 -1.5981571512546329 120.20572509765626 32.488641357421876 -8.237110137939453
22
-0.150146484375
H 5.2645992117244 7.835893954460513 2.196634762369103 -49.28619995117188 3.2079345703125 -7.060639953613282
C 4.5669612856834165 7.5630464790603815 1.3882838956611878 140.679052734375 34.27374267578125 -65.47163696289063
H 4.927478397044059 8.074751634693534 0.47597122080396115 -8.869091033935547 -38.952737426757814 37.14945678710938
H 3.5771840429143347 7.916622918181089 1.523268575585393 -81.52213134765626 -5.656896591186523 48.9671630859375
C 4.674092146217511 6.069747792883517 1.1808680243160454 -60.76517944335938 -91.3638916015625 -68.39169311523438
O 5.676422677778 5.473887408841977 1.5032092511268125 68.28394775390625 16.200343322753906 27.18355407714844
N 3.6783742297480897 5.406411477727074 0.5641058366354305 5.863650131225587 172.92674560546877 118.80577392578125
H 2.786955931869148 5.82722046550312 0.7293242101297572 -28.197418212890625 19.117396545410156 -60.0460693359375
C 3.6460551642905226 4.005249341989082 0.2373077536703136 160.6255859375 -9.555876159667969 5.622789001464844
H 3.841228310193543 3.4843197392326264 1.152463282228065 39.39686889648438 -29.64599609375 44.06405029296875
C 2.2276559882489013 3.6898915488684625 -0.07195331702036256 -119.84141845703125 -122.2119140625 31.890975952148438
H 1.9848046050340586 3.936917717681146 -1.1227927230908308 -15.457276916503908 27.104641723632813 56.24076538085938
H 2.2641345148798355 2.589700584197429 -0.013007104258384722 -64.03757934570312 27.740713500976565 -12.173108673095705
H 1.5115765945815853 4.059989709154839 0.7489700931459025 91.40446166992189 -33.75208435058594 -142.61695556640626
C 4.726712239669081 3.505867876846417 -0.8108383176537837 -217.4486083984375 318.6964111328125 125.33740234375
O 4.5386038204146475 2.4677132271537268 -1.3653742764202739 59.14076538085938 -171.03349609375002 -84.69193115234376
N 5.591495614270981 4.462110302603875 -1.1933764739664574 46.93294372558594 -192.11083984375 -101.955810546875
H 5.582925927512149 5.318796011651063 -0.6916986779230554 10.496339416503908 44.0799560546875 32.49922485351563
C 6.662617066218964 4.200857974838578 -2.1552236313050757 -122.78803710937501 19.402911376953128 -18.67072296142578
H 6.60867045880345 3.1986002061969065 -2.5365085345200074 1.8398605346679688 -63.03096313476563 14.423806762695314
H 6.512450571574409 4.792123205253804 -3.0650571425948456 42.84616394042969 42.01070556640625 36.361663818359375
H 7.563390494745161 4.315185712905193 -1.6022169746161186 100.70332031250001 32.5531982421875 -17.468067932128907
22
-6.602630615234375
H 5.266618611967787 7.83875144176386 2.1929742160342975 -48.871340942382815 3.8413726806640627 -3.848941421508789
C 4.565127898229804 7.560860735172167 1.3909662657904056 151.04899902343752 33.627148437500004 -50.81190490722656
H 4.9106087784353 8.078105067320163 0.4857389989943163 3.745735549926758 -33.87655029296875 16.78382110595703
H 3.5811542347243233 7.918138162101712 1.520559154123976 -96.31907958984375 -7.0287353515625 55.60166625976563
C 4.681073812503589 6.06963869242864 1.18296913635004 -122.27497558593751 -73.98182373046875 -85.73991088867189
O 5.6759428812937065 5.476300106388132 1.5019615082466307 102.3255615234375 -1.6032217025756836 37.17240600585938
N 3.678107310334519 5.409586983293293 0.567448029140324 41.59030456542969 133.49162597656252 107.71857910156251
H 2.7878633045660965 5.823760157057789 0.7162614175562005 -43.81938781738282 35.95609130859375 -51.750097656250006
C 3.6476542047461837 4.002887279865982 0.23315660033941002 137.51602783203126 17.352505493164063 31.013952636718752
H 3.833139700372343 3.4804569621527124 1.1506780964872096 45.45875854492188 -29.455249023437503 39.79604797363282
C 2.2268726947305453 3.689232407328446 -0.07165101160196741 -110.60172119140626 -90.59877929687501 -10.059095764160157
H 1.975676802136609 3.9446576711361576 -1.123134471098681 -7.701250457763672 20.086196899414062 66.39583740234376
H 2.2552296881710774 2.6004564414352633 -0.011242569176581434 -61.74475708007813 -4.81163330078125 -12.140101623535157
H 1.5157424560358532 4.061841860069004 0.7363409998610817 75.18204345703126 -24.897009277343752 -115.21556396484375
C 4.723290431597608 3.5086797712166424 -0.8113722802416551 -200.96922607421877 288.24118652343753 104.00349121093751
O 4.5385464243527505 2.4656311968574887 -1.3658531315443956 58.48399047851563 -154.55214843750002 -76.14148559570313
N 5.593047450055649 4.460657273398461 -1.1912184012561031 42.07569885253906 -209.7611083984375 -112.09935302734375
H 5.587925636957264 5.308713614725253 -0.6879288884435539 11.648246765136719 65.84713134765626 43.6202392578125
C 6.659803400227893 4.200489406644847 -2.158162466930277 -88.21973876953126 -6.258482742309571 -11.469359588623048
H 6.62102953547836 3.1827831309081884 -2.532845516264956 -2.3184787750244142 -30.398284912109375 22.159683227539062
H 6.508883509149764 4.794905215651375 -3.0656298379401163 38.98341369628906 37.506982421875 33.71556091308594
H 7.57196474929811 4.323371306638515 -1.607136513557149 74.78116455078126 31.27279968261719 -28.70545349121094
22
-11.4298095703125
H 5.267348756216229 7.8417019086981785 2.1892845961593723 -46.114306640625 4.882382583618164 0.7900031089782715
C 4.563694185995717 7.558814864768921 1.3935014890126465 150.773095703125 32.371350097656254 -35.036376953125
H 4.893412915864511 8.081087906094051 0.49572258022375854 16.527401733398438 -27.478521728515627 -4.8918498992919925
H 3.5827793057853974 7.919609787836423 1.5193231161230534 -103.77506103515626 -10.560166931152345 60.622570800781254
C 4.687816202892328 6.0692580065550406 1.1848483480136864 -179.71466064453125 -54.02630615234375 -100.56485595703126
O 5.6757073187008285 5.478656691824538 1.5007687631511277 134.594140625 -19.172033691406252 46.37261047363282
N 3.677829393144942 5.412955401808398 0.5711034553081674 73.9977294921875 92.29782104492188 95.41903686523438
H 2.788303117653049 5.820911695406482 0.7021732044333656 -57.331964111328126 52.01717529296875 -44.071685791015625
C 3.6495832910264014 4.000468787396423 0.22900483663600157 112.93239746093751 43.784130859375004 59.68807373046875
H 3.8263309561750534 3.4758637537943815 1.149314281994685 50.71002197265625 -27.974261474609378 33.38576049804688
C 2.2259552315413456 3.688388862799906 -0.0713791540287024 -93.94508056640626 -63.018603515625 -54.85523071289063
H 1.9666081770103625 3.952855306703191 -1.1220966015810763 -0.5706982612609863 13.477513122558594 73.33669433593751
H 2.2450853673049824 2.6108415180847278 -0.009748586818817477 -59.363983154296875 -36.684075927734376 -12.057543182373047
H 1.521879099626405 4.062642072516882 0.7213494830144346 53.248016357421875 -12.667730712890625 -81.51071166992188
C 4.7197566550284655 3.5118167215897977 -0.8117343258477695 -183.71987304687502 253.44387207031252 79.86423950195314
O 4.538554651669476 2.463296786683377 -1.3664772787125654 57.718395996093754 -135.3904052734375 -66.04510498046875
N 5.594637682082197 4.458936994089781 -1.1891837961561866 37.087957763671874 -218.6474365234375 -117.3151123046875
H 5.593013052590109 5.30030068163633 -0.6833666616218834 13.039349365234376 80.67059936523438 50.883740234375004
C 6.656826924805835 4.200148341653822 -2.161122104037471 -47.849090576171875 -35.61200866699219 -3.202983856201172
H 6.633531582448622 3.165633348485431 -2.5289222131539018 -7.151373291015625 6.521829986572266 30.185165405273438
H 6.506115650520553 4.798481327755098 -3.065422608939503 34.44707946777344 32.965936279296876 29.968423461914064
H 7.5824220983453126 4.332037996958127 -1.6128192286785248 44.46049499511719 28.798956298828127 -40.964874267578125
22
-14.379241943359375
H 5.266672724877824 7.845304108364331 2.185588186446768 -41.19895629882813 5.906765747070313 6.692137908935547
C 4.562556369379947 7.55692754806932 1.3959155244496695 141.42608642578125 32.163290405273436 -20.348854064941406
H 4.876484231952842 8.084027712904678 0.5052138048032138 28.191815185546876 -20.935639953613283 -25.63484802246094
H 3.58201932840766 7.920440776151212 1.5198890705374892 -104.4301513671875 -15.799522399902344 64.00143432617188
C 4.694067594905701 6.068815465372279 1.1864939727859927 -231.248974609375 -32.97916259765625 -112.5866455078125
O 5.675709155287859 5.481030021579762 1.4995869814473526 164.0648193359375 -35.802947998046875 54.561962890625004
N 3.6775417757168904 5.416579279424745 0.5748467752813313 100.54033813476563 51.424957275390625 82.55067749023438
H 2.787841421387569 5.819215252736446 0.686826375961707 -66.65845947265625 66.15707397460938 -37.34196166992188
C 3.651741846857753 3.9982387702435385 0.22491472054892883 87.13829956054688 67.87437744140625 92.03673095703125
H 3.82078166654533 3.4704812948788124 1.1487761146702886 54.88800048828125 -24.472105407714846 23.810643005371094
C 2.224829253396411 3.687488621799009 -0.07129884194654164 -70.91224975585938 -39.95220642089844 -99.75462036132814
H 1.9577484335922193 3.961567127982683 -1.1196911701161105 5.671458435058594 7.478413391113282 76.59110107421876
H 2.2334128166385927 2.620586780350952 -0.008508318990715363 -56.84879760742188 -66.63834838867187 -12.007998657226564
H 1.5296828107788294 4.062971749811018 0.7045980050574232 26.90224304199219 2.2494007110595704 -43.42120971679688
C 4.7159520558650785 3.515313017085331 -0.8119192306343004 -165.35224609375 215.01479492187502 53.13484497070313
O 4.538526870670774 2.460804502632519 -1.3672654214281508 56.6721435546875 -113.75377197265625 -54.48231811523438
N 5.596185418132325 4.457015471059506 -1.1872697712761293 32.29560852050781 -217.02678222656252 -116.52230224609376
H 5.598430757523199 5.294166747898432 -0.6776132621907245 14.44468231201172 86.47149658203125 53.02722778320313
C 6.65371728323954 4.199818018259061 -2.1641159219842905 -5.412004470825195 -64.65415649414062 4.784068679809571
H 6.645922327609655 3.1485825810764045 -2.5246924567254303 -12.661005401611328 43.99174499511719 37.31718444824219
H 6.504182942296506 4.803160482565073 -3.0645758309029163 29.35323181152344 27.976416015625002 25.82568359375
H 7.593505063969391 4.341345184638485 -1.619934790073534 13.134103393554689 25.30591278076172 -52.2329345703125
22
-15.552032470703125
H 5.265056698367166 7.849061699563982 2.1823200305129076 -35.04317932128907 6.8275802612304695 12.957920837402344
C 4.5617309487468685 7.555041190013529 1.398289868502741 122.992919921875 34.325048828125 -6.981730651855469
H 4.8602320701847805 8.086694264391461 0.5138410790883917 38.312600708007814 -14.727958679199219 -44.27727355957032
H 3.578448362054591 7.920773123226789 1.5222932238752283 -96.92307739257814 -23.17994079589844 65.60633544921875
C 4.699822936983647 6.068279451989705 1.187884185414131 -275.47236328125 -11.86854248046875 -121.30476074218751
O 5.676103153582249 5.483336927210672 1.4985715108325623 189.9298095703125 -51.026989746093754 61.442236328125006
N 3.677424289023285 5.420274704485882 0.5787364252580265 118.72119140625 12.398224639892579 69.153271484375
H 2.7864667036251562 5.81919543897908 0.6705724976897682 -70.07689819335938 77.17161254882814 -31.744659423828125
C 3.654023700134106 3.99606226260713 0.2209255740684718 61.1931396484375 89.96134033203126 127.1747802734375
H 3.816634191015398 3.464348303576965 1.1488344883407167 57.9403564453125 -19.330799865722657 11.785040283203125
C 2.2235862184138804 3.686482389698253 -0.07138717601219324 -44.52633361816407 -23.375537109375003 -141.30589599609377
H 1.9489910422783203 3.9703408964691738 -1.11566102692623 10.987345123291016 2.4133739471435547 75.47804565429688
H 2.2201626831148498 2.6287525995417256 -0.007258999487765798 -54.12626953125 -92.0019287109375 -12.103257751464845
H 1.5382814184988085 4.0632515190819465 0.6868945336758369 -1.3491063117980957 18.729890441894533 -3.559112930297852
C 4.711964736507526 3.5190064258195495 -0.8118846925832092 -146.0884033203125 173.77684326171877 24.21497802734375
O 4.538573577178743 2.458122961256935 -1.368067309010332 55.279345703125 -90.34086303710939 -41.83869323730469
N 5.597748817783112 4.454783135959313 -1.1854999216801958 27.451165771484376 -204.3705810546875 -108.75615234375
H 5.603910419198103 5.290325595493103 -0.6704056830217847 15.951695251464844 82.61796875 49.28641052246094
C 6.650647372931697 4.199316706630126 -2.166981564400916 38.52490234375 -90.399169921875 13.388716125488282
H 6.658082331489741 3.132585386920903 -2.519620547547346 -18.680670166015627 78.72091064453126 42.567602539062506
H 6.503102216831413 4.808355526638013 -3.0630818633783092 23.854087829589844 22.823025512695313 21.1958251953125
H 7.605171769341412 4.350958838332349 -1.6282199458794777 -18.85225830078125 20.856495666503907 -62.379638671875
22
-15.338836669921875
H 5.262702165296175 7.853252016116175 2.179413428974779 -28.21115417480469 7.361154937744141 19.20057373046875
C 4.561140739815624 7.553195372935008 1.4005366912473425 97.48616333007813 38.73765563964844 4.5972442626953125
H 4.845051250526115 8.089059093687307 0.5213033388721632 46.5248291015625 -9.207196044921876 -60.207287597656254
H 3.5723893163412535 7.920284724727445 1.5263445386980277 -82.50633544921875 -31.993771362304688 65.55250854492188
C 4.704916513393636 6.067658244685986 1.1889645714743873 -311.200439453125 9.284919738769531 -126.33320312500001
O 5.676845921185625 5.485609125479755 1.49772837395524 211.7482421875 -64.62593383789063 66.88856811523438
N 3.6774824798714176 5.424084242568442 0.5826917956445974 127.27904052734375 -24.244448852539065 55.162915039062504
H 2.7840750995573984 5.82100582203636 0.6539034956253684 -66.81966552734376 84.50020141601563 -27.123355102539065
C 3.65646159564602 3.9940109793932743 0.2170911468025877 34.73555908203125 110.13829345703125 162.72410888671877
H 3.8139271102562047 3.4574594967286454 1.1488084604961102 60.03766479492188 -13.134429931640625 -1.0722119331359863
C 2.222155490411703 3.685436184177289 -0.07176537526865445 -16.156031799316406 -14.6778564453125 -175.90184326171877
H 1.9401363776069585 3.979230583049049 -1.1097610191166667 15.173786926269532 -1.418007278442383 69.23384399414063
H 2.205534849212387 2.6346658812175274 -0.005954451895112921 -51.230682373046875 -110.56121826171875 -12.54060287475586
H 1.5471915132765812 4.063889496991994 0.6691686065469569 -29.597073364257813 35.690478515625 35.751110839843754
C 4.707852278458036 3.5228172778424387 -0.8117042735254616 -126.26221923828126 130.7820068359375 -6.101179504394532
O 4.538753644696057 2.455303882769541 -1.3689024053672625 53.480017089843756 -65.71597290039062 -28.456167602539065
N 5.59925268445845 4.452285411850325 -1.1838748688358707 23.39215850830078 -180.54494628906252 -94.37398071289063
H 5.609581712384313 5.288992797879551 -0.6617354154993781 17.239263916015627 68.65650024414063 39.34463806152344
C 6.647672816574371 4.198653577258869 -2.1698575685403667 80.72654418945314 -110.78035888671876 22.240527343750003
H 6.670149417570209 3.118504502295189 -2.5137677940944574 -25.085322570800784 108.33319091796875 45.39312744140625
H 6.502816314946992 4.81408143829339 -3.0611022083882444 18.087934875488283 17.517080688476565 16.219345092773438
H 7.6163483950765 4.360747573205306 -1.6379314408113688 -48.842288208007815 15.902668762207032 -70.19868774414063
22
16.88507080078125
H 5.297633467668408 7.868154575860013 2.1562658957503684 -5.65389518737793 23.368649291992188 30.889404296875
C 4.484503947103661 7.53011287727278 1.527038087946396 8.453238677978517 48.400830078125004 83.15061645507814
H 4.459233259984643 8.168413295324392 0.6816958850734176 45.93145446777344 -12.06461868286133 -112.08660888671875
H 3.497742381366875 7.766915200169767 1.9437041136087077 27.88617858886719 -72.6205322265625 43.16520690917969
C 4.753421544810303 6.061770797204577 1.255111809250644 -268.7369384765625 98.88484497070313 -142.6318115234375
O 5.82557688238248 5.564151884012024 1.488347569432771 51.89158325195313 -66.95083007812501 32.79862670898438
N 3.712228410412393 5.459823406436862 0.6194160505723946 -6.37444190979004 -122.80645751953125 -113.17745361328126
H 2.9935804668609634 5.992162644121092 0.10541821678023248 71.971875 30.338223266601563 114.13909912109375
C 3.602814783214182 4.0075561296880435 0.2615933173004326 6.345818710327149 155.10174560546875 65.061962890625
H 3.7552895032562246 3.48975667693085 1.2407262629127922 55.728057861328125 -17.87078399658203 -106.09227294921875
C 2.1369905407394856 3.7070226038805725 -0.12455760586341724 173.7326171875 7.155835723876954 -188.28814697265625
H 1.968327302653701 4.110300026253778 -1.1268748856996846 -20.245259094238282 13.581269836425783 17.093124389648438
H 2.1334481486227874 2.6596885186694625 -0.2470694699592131 -48.413848876953125 -105.65107421875001 0.13857612609863282
H 1.3695637598710462 3.9926014812941046 0.5210201797905855 -58.27099609375 59.150769042968754 123.3443603515625
C 4.593127531358777 3.5907340851936143 -0.9196118491527372 49.06072692871094 -305.077685546875 144.28892822265627
O 4.559350273258071 2.419235098004604 -1.3866082727513738 -69.94574584960938 172.20887451171876 2.474051666259766
N 5.676359898496615 4.323926797144189 -1.157338182540661 -50.92598266601563 148.20384521484377 125.83895263671876
H 5.881715702956508 4.97689083569394 -0.37938473906312453 11.609123229980469 -24.28533172607422 -92.67831420898438
C 6.613368384323977 4.186747527564266 -2.2519197875800447 130.48203125 -193.25115966796875 16.204849243164062
H 6.807881150396468 3.077942269194413 -2.4163027898986833 -11.166580200195312 125.24052734375 33.49936218261719
H 6.133559345537677 4.484401428705674 -3.173435703562469 18.75494842529297 58.419677734375 -24.938093566894533
H 7.609070445936399 4.661680583882008 -1.9955502511737815 -112.11395263671875 -19.47663726806641 -52.194409179687504
22
19.821746826171875
H 5.2979333983278405 7.874626445446838 2.152509690283086 -0.5692656993865967 21.15559234619141 33.31478271484375
C 4.484284332443885 7.528828198414622 1.530964160843532 -11.219659423828126 58.180902099609376 83.83579711914064
H 4.449653837618447 8.166679012120085 0.6861374056996086 46.90254821777344 -12.529894256591797 -114.50447998046876
H 3.4959937661713214 7.773942226282622 1.9509107241187296 38.360617065429686 -79.93980712890625 39.57394104003907
C 4.751917419701947 6.061029207292914 1.2555014019560018 -245.74980468750002 96.33767089843751 -134.94613037109374
O 5.8280826003401085 5.566028179913735 1.488568297389273 40.51638488769532 -64.79046630859375 29.821643066406253
N 3.7154431374051318 5.458717387206876 0.6164460044501725 -24.562767028808594 -111.91230468750001 -112.17525634765626
H 2.9886591592963603 5.996405824992918 0.11335542763714748 80.51563720703126 20.00697937011719 116.12308349609376
C 3.602234597087106 4.006934204979887 0.26012419774455275 -3.896813201904297 162.30631103515626 74.12483520507813
H 3.739114808808892 3.4816879895231234 1.2378032452668806 64.52139892578126 -14.166744995117188 -105.36770019531251
C 2.1370548657648016 3.70992357843331 -0.12431678994311163 185.97906494140625 -25.948257446289062 -188.526318359375
H 1.9641596292296681 4.109504526179651 -1.1164055456122586 -20.709631347656252 23.93714294433594 -9.841097259521485
H 2.145370052611108 2.658239975453505 -0.2508305333854633 -52.73305053710938 -92.653369140625 0.8750839233398438
H 1.3641458216102733 3.984731722977244 0.5087270614132609 -67.99815673828125 64.09970703125 141.31556396484376
C 4.590953940564751 3.5921114362932576 -0.91862029609419 63.741204833984376 -314.2158447265625 130.70220947265625
O 4.558391192108643 2.419784784292657 -1.3865142358369351 -71.9572265625 176.453564453125 4.977756118774415
N 5.678555443490226 4.322205602590343 -1.1573012350565044 -65.042919921875 144.378173828125 133.52911376953125
H 5.887098836370379 4.9691405349373765 -0.3766742093275472 13.557174682617188 -19.854785156250003 -90.69570922851562
C 6.610447995445501 4.1854074535649 -2.2531032626545846 154.4187744140625 -187.2052001953125 -0.14491498470306396
H 6.818918406442163 3.074869012607115 -2.4071007136171043 -19.196954345703126 132.58331298828125 29.104556274414065
H 6.132102787347751 4.48883662079737 -3.1786002098550643 19.36733856201172 47.95327453613282 -13.769879150390626
H 7.610401679924675 4.666978489778064 -2.0085418964394774 -124.243896484375 -24.175953674316407 -47.326898193359376
22
19.99688720703125
H 5.298238262600451 7.881512820573478 2.149879703854667 3.3052078247070313 17.93823699951172 34.17551879882813
C 4.48414934132833 7.527665573734613 1.5349407045670453 -28.4127197265625 69.96325073242188 80.22947998046875
H 4.441631145422766 8.164768862938619 0.6879483261931928 47.087258911132814 -15.411851501464845 -111.40926513671876
H 3.4950832948921344 7.779416851081948 1.9592252080988248 47.23252563476563 -85.8444580078125 35.557656860351564
C 4.749908133757311 6.060407868937165 1.2555865701405964 -216.8958251953125 91.55234985351564 -125.0473388671875
O 5.83064756424346 5.567717181884376 1.4888090979986914 26.130606079101565 -61.22628173828125 26.19319763183594
N 3.7186381455356248 5.457457993667049 0.6133453623036947 -37.280337524414065 -101.96381835937501 -105.56812744140626
H 2.9861276992869485 6.001456057121631 0.12406535714728481 82.36220092773438 11.997798919677734 112.81390380859375
C 3.6016445091779197 4.006369768928978 0.25888235595183084 -12.397784423828126 168.4748291015625 76.17435302734376
H 3.7245406482106693 3.473075518176778 1.2325955101970678 72.56641235351563 -11.59860610961914 -100.33421020507814
C 2.137443752216867 3.712747362983253 -0.12442274206369958 187.5589599609375 -61.963635253906254 -180.1375244140625
H 1.959240841119351 4.109250983329298 -1.1059187732293645 -20.750572204589844 34.169610595703126 -36.5885009765625
H 2.1556816099584846 2.654237820296343 -0.25478264004644585 -56.393096923828125 -72.39847412109376 2.2656017303466798
H 1.3569669511112725 3.978352179779961 0.4997919558379442 -68.89973754882813 65.419384765625 151.0063720703125
C 4.5889110273387415 3.593123030610672 -0.9176645783991534 77.66986694335938 -318.7088134765625 119.51412353515626
O 4.557368715750407 2.4205314445051638 -1.386351851670113 -73.76222534179688 178.28750000000002 6.438162994384766
N 5.680784356586023 4.320640000011008 -1.156905342244373 -79.77460327148438 133.14848632812502 130.93555908203126
H 5.89278823913569 4.960230222025611 -0.37649651209653867 16.778157043457032 -9.166875457763672 -80.32752685546876
C 6.607781153654657 4.183831370005313 -2.254301130684227 167.11192626953127 -174.45264892578126 -17.451976013183593
H 6.82921298002464 3.074888239339799 -2.39704740349012 -25.183331298828126 130.70657958984376 23.097590637207034
H 6.131129369097757 4.4941269518141045 -3.1841316329101774 20.347828674316407 36.613763427734376 -1.3417161941528322
H 7.6089125496078225 4.671309910924055 -2.0226828295390336 -128.40072021484374 -25.536352539062502 -40.19534606933594
22
17.394622802734375
H 5.298493519731494 7.888897898367083 2.148041895338449 6.320027923583985 14.001852416992188 33.94559936523438
C 4.483956360899831 7.526767685891796 1.5390752106656092 -41.733218383789065 82.97387084960938 70.27763671875
H 4.435001461699298 8.162669406239559 0.686786878900336 46.53988952636719 -20.96332550048828 -102.07213134765625
H 3.4954757388079223 7.783153965194957 1.9685868748314361 52.8218017578125 -89.75017700195313 31.916622924804688
C 4.747392043764693 6.059992216477257 1.2555010524962928 -182.756201171875 84.71882934570313 -113.12857666015626
O 5.833178637094764 5.5692902822327905 1.4890632037937945 9.220972442626953 -56.3440185546875 22.052607727050784
N 3.7218613204293796 5.45607013168034 0.6102018299036587 -45.05958557128906 -92.74440917968751 -93.95557861328126
H 2.985638741182667 6.007048389877323 0.137804967460419 77.83582153320313 6.412078094482422 104.71369628906251
C 3.6009534858527474 4.0060030999736345 0.25781493908345054 -18.545626831054687 173.18785400390627 71.69047241210937
H 3.7113063505431643 3.4642345190681336 1.2252538128138442 79.84583129882813 -10.275155639648439 -91.21817016601562
C 2.138241181058735 3.715585365545062 -0.12487450710378553 176.93726806640626 -98.09014282226563 -164.49224853515625
H 1.9537616838753218 4.10951806826604 -1.0963233695547558 -20.244587707519532 43.550357055664065 -61.0333251953125
H 2.164295722874583 2.648462014542034 -0.2584633450307914 -59.286572265625004 -47.10120544433594 4.038393783569336
H 1.3478878799265883 3.9733855256904738 0.49459939955445265 -60.11383666992188 63.358758544921876 151.859033203125
C 4.5869431475713 3.593696897980749 -0.9167062371255675 90.84798583984376 -318.04057617187505 110.748095703125
O 4.556150571749944 2.421491808712879 -1.3861459175315425 -75.36735229492187 177.42799072265626 6.855754852294922
N 5.682905803207866 4.319246206658079 -1.1562511087270884 -94.22361450195314 116.31009521484376 120.01069335937501
H 5.898947344211507 4.950727343760272 -0.3785056850765134 20.650122070312502 5.902580261230469 -63.459344482421876
C 6.605439140553052 4.181979112182786 -2.2554723223467144 166.62940673828126 -155.14567871093752 -35.431619262695314
H 6.838544010867452 3.078279729320934 -2.3865213859340644 -28.613980102539063 118.73543701171876 15.78748016357422
H 6.130644194837047 4.500186501903462 -3.189671944101428 21.534295654296876 24.639222717285158 11.67929458618164
H 7.60416857422778 4.674359395091899 -2.0378832710263812 -123.23884277343751 -22.76423492431641 -30.78437194824219
22
12.670684814453125
H 5.298365447094638 7.896290384448159 2.1470943351137732 9.051408386230468 9.777093505859376 33.17928466796875
C 4.483687840370576 7.526079816019486 1.543322049907234 -50.571832275390626 95.1359619140625 54.52637329101563
H 4.4298699186418 8.160259458891392 0.6834174587916255 45.376321411132814 -27.979174804687503 -88.13150024414062
H 3.4974519315738557 7.784774454250948 1.9786074316865592 53.97445068359375 -91.32479248046876 29.262451171875
C 4.744535337405245 6.059732648470653 1.2550544035461781 -144.48494873046874 76.30244750976563 -99.43031616210938
O 5.835721461327127 5.5708017775799625 1.4894012250680875 -9.803060150146486 -50.467935180664064 17.379855346679687
N 3.7250485105338234 5.454547817928503 0.6068667408494327 -47.242773437500006 -83.80476074218751 -77.59794311523439
H 2.98736254131392 6.013054081946012 0.15397620349401248 66.94613037109376 3.373426055908203 92.34177856445314
C 3.600217373353397 4.005988147664183 0.2569255651773822 -22.099627685546878 175.38970947265625 59.772509765625
H 3.7001620628443668 3.4555887023657994 1.2156476514664285 85.9965087890625 -10.514126586914063 -77.5832275390625
C 2.139506602043292 3.7181873641321435 -0.12567109712563906 154.94637451171877 -130.03192138671875 -144.54228515625002
H 1.9480951308269645 4.111078783176937 -1.0884556317592518 -18.942771911621094 50.76780700683594 -80.31473999023439
H 2.171397579270979 2.6417359328078356 -0.2620262055453325 -61.519079589843756 -19.840811157226565 5.891705703735352
H 1.3375642836019972 3.970076510048559 0.493078930886599 -42.51402893066407 58.26906127929688 144.50361328125
C 4.5851377782842935 3.593737029009032 -0.9157867130127617 103.63336181640625 -310.61301269531253 104.79710693359375
O 4.55500157256056 2.4227403758137793 -1.386057338454488 -76.95740966796876 173.2841796875 6.183261871337891
N 5.684960893247642 4.318209223975396 -1.1553249074927827 -108.13856201171876 94.33239135742188 101.35751953125
H 5.906057918031586 4.940974481034155 -0.38237360820054744 24.73752136230469 24.249557495117188 -41.190179443359376
C 6.603415871907831 4.179965613468786 -2.256763711561491 154.94512939453125 -129.7508544921875 -51.62550659179688
H 6.847062749641243 3.0849686217359973 -2.3756875853299055 -29.268225097656252 97.28887939453125 7.57548828125
H 6.1308151958408725 4.506440171207893 -3.1948743388091043 22.09840240478516 12.728746795654297 23.631576538085938
H 7.596412092730901 4.676868312169978 -2.053819379431843 -110.16329345703126 -16.571868896484375 -19.98682861328125
22
6.991943359375
H 5.298229537201522 7.9039973656521365 2.146845233900655 10.812825012207032 4.953391647338868 31.529901123046876
C 4.48327970901828 7.525561208421285 1.5477545935937218 -53.38832397460938 105.57938232421876 34.269073486328125
H 4.4260807031259555 8.156989015367598 0.6783316247976477 43.50606994628907 -35.362734985351565 -71.02506713867187
H 3.5011943611146954 7.784175023416509 1.9891861005126696 50.01270141601563 -90.3646240234375 28.094253540039062
C 4.74136172214113 6.05962855140681 1.2543923058246864 -102.63590087890626 65.84400634765625 -84.29918823242188
O 5.83828974171436 5.572174912641063 1.4899242138647666 -30.966802978515627 -43.470288085937504 12.189208221435548
N 3.728108073366534 5.452772320974257 0.6034637069930644 -43.76534118652344 -75.02175903320312 -57.1104736328125
H 2.991168569441433 6.019049491164293 0.17214601757513437 50.12314147949219 2.9799190521240235 76.524755859375
C 3.5994193278291475 4.006196948444654 0.2563229416226047 -23.007676696777345 174.98795166015626 41.50836791992188
H 3.6911882973024737 3.4469381028272883 1.2041905861321023 90.90847778320312 -12.003067016601562 -60.21387329101563
C 2.1411951571358796 3.720472714262498 -0.12657631605718 122.37078857421875 -156.57182617187502 -123.35955810546875
H 1.9419768106391513 4.113749635630308 -1.0827261518837168 -16.408615112304688 55.322766113281254 -92.84535522460938
H 2.176727065327854 2.634533319938792 -0.265428842653951 -62.862890625000006 7.797535705566407 7.790275573730469
H 1.3262966035999602 3.9680973300233084 0.4948345716958716 -17.534902954101565 50.938671875000004 130.3669677734375
C 4.58345426630008 3.593186929369643 -0.9147758232341897 115.67935791015626 -296.674951171875 101.72460327148438
O 4.553731202590447 2.424232206348353 -1.3858322238166256 -78.42927246093751 165.6702392578125 4.22136116027832
N 5.686855976257882 4.317378175351109 -1.1540619327875592 -121.07843017578125 69.3175048828125 77.19172973632813
H 5.913923332883008 4.931214211093147 -0.3873678171529066 28.811538696289062 44.2117919921875 -15.651252746582031
C 6.6016184254314965 4.1777314375209516 -2.2580753864984238 133.0090087890625 -99.62867431640626 -65.21549682617187
H 6.854127374490355 3.0943706045485597 -2.364519173386341 -26.848010253906253 67.55926513671875 -1.2663366317749025
H 6.131785897139287 4.512733180203233 -3.199380811901526 21.58082275390625 1.1864625930786132 33.70555725097656
H 7.585831528107838 4.678803202291515 -2.07034339152489 -89.88856201171876 -7.2509765625 -8.129465484619141
22
1.720977783203125
H 5.297941932207183 7.9118036611079825 2.147477453764568 11.509979248046875 -0.31196012496948244 28.901242065429688
C 4.482695037197269 7.5252506531243 1.5521946665206412 -51.33024291992188 113.0717529296875 11.722946929931641
H 4.423541986667495 8.152577604893608 0.6718880400179689 40.948742675781254 -42.03196716308594 -52.133209228515625
H 3.506125912639364 7.781252549856001 2.000309120736981 42.333099365234375 -87.12789306640626 27.875372314453127
C 4.737980787144361 6.059607941387557 1.2535366993549137 -59.02024536132813 54.25184936523438 -68.55939331054688
O 5.840789062115741 5.573494359980699 1.4904189586985297 -53.041375732421876 -35.92607421875 6.798892974853516
N 3.731036417504732 5.450763504268369 0.5998866528210457 -34.780435180664064 -66.52456054687501 -33.040356445312504
H 2.996741399233718 6.02492335182037 0.19221246227055805 27.965771484375 5.133358764648438 58.012176513671875
C 3.5985799513015237 4.00659428855162 0.255843707671363 -21.482293701171876 171.99862060546877 17.737002563476562
H 3.6845477773948785 3.438309761057383 1.191133829479396 94.49324340820313 -14.47083740234375 -40.03821716308594
C 2.143161060238925 3.7224656366109583 -0.12771307844145516 81.3533203125 -176.53433837890626 -100.75269165039063
H 1.9354858984132584 4.117477774964325 -1.0790109719278669 -12.953286743164064 57.5534912109375 -99.30613403320314
H 2.1802230536006553 2.6275871419885215 -0.26877741160622437 -63.24125366210938 33.775820922851565 9.48538589477539
H 1.3147944086184906 3.9672099489067336 0.4998981648147726 13.255647277832033 41.913037109375004 110.30312500000001
C 4.581975482060512 3.5921300488244783 -0.9138595591725829 126.6585693359375 -277.1900146484375 101.57579345703125
O 4.552335262847103 2.425891060420829 -1.3855719000362035 -79.67503051757814 155.15673828125 1.0434748649597168
N 5.688718465289329 4.316687815114633 -1.152560505946559 -132.76331787109376 43.02495422363282 49.724255371093754
H 5.92235133913844 4.922161717571313 -0.393129912267555 32.59808044433594 64.07251586914063 10.946396636962891
C 6.600000951671115 4.175219967207955 -2.25958848424755 103.891845703125 -66.53589477539063 -75.59863891601563
H 6.860104752738626 3.1056272071518403 -2.35368867101704 -21.941958618164065 32.008889770507814 -10.134805297851564
H 6.133398408024147 4.5188932533481445 -3.2030843325769887 19.79541015625 -9.716804504394531 41.32672729492188
H 7.573177218511587 4.680267131783039 -2.087424736421318 -64.57427978515625 4.409318923950195 4.11064453125
22
-2.128173828125
H 5.297951874430533 7.920095152169983 2.148913164992558 10.293550109863283 -6.403239440917969 24.821887207031253
C 4.481947085790519 7.525309950791979 1.5566247563484803 -43.98552551269532 118.078369140625 -12.953379821777345
H 4.422116256429598 8.147319824749562 0.6640144083359455 37.665600585937504 -48.198315429687504 -31.114111328125002
H 3.5120553180980734 7.776037104016229 2.011976407335162 31.479058837890626 -81.71314086914063 28.55341491699219
C 4.734459592920679 6.059761410064164 1.2524012371903717 -14.021513366699219 42.02391662597657 -52.12317504882813
O 5.843185641367803 5.574831811843518 1.490860536033708 -75.68030395507813 -27.94354248046875 1.201266670227051
N 3.733849621398171 5.448606208610363 0.5961971669067462 -23.907588195800784 -56.82752075195313 -8.080127716064453
H 3.0030278981426815 6.03095129371936 0.213520635363733 3.867049026489258 7.812100219726563 39.08103942871094
C 3.5976042858877992 4.007152884425478 0.2553477862240252 -17.36071319580078 166.2451904296875 -9.011098480224609
H 3.68002748274457 3.4295491417297357 1.1770321227205434 96.76644287109376 -17.14589080810547 -18.725364685058594
C 2.1452947292056983 3.724180687645617 -0.1290228771537703 33.64329528808594 -187.51812744140625 -79.54850463867189
H 1.9286901131603782 4.122907253111897 -1.0777510688812475 -8.30778045654297 56.45614013671875 -98.06569824218751
H 2.1819693112853904 2.621642815475081 -0.27146030177415237 -62.66044921875 55.86510009765625 10.388977813720704
H 1.3036424176374617 3.967156436154211 0.507839122029917 47.81528930664063 31.928897094726565 85.76640625
C 4.580691038445643 3.590590388781248 -0.9130202665197219 136.49796142578126 -252.48056640625 104.04573974609376
O 4.550845025097832 2.4277167356039318 -1.38526495753035 -80.71215209960938 141.83989257812502 -3.3004844665527346
N 5.6904377000196815 4.3162161462541375 -1.1509008744193028 -141.8902587890625 18.095619201660156 22.489134216308596
H 5.931683187281504 4.914385010985378 -0.39872798013821287 35.02674255371094 81.24271240234376 35.37700500488281
C 6.598565798658985 4.1725237420895605 -2.261224135513929 70.49400024414062 -32.46932373046875 -82.51486206054688
H 6.86573180228161 3.1178461091629632 -2.343004566326035 -15.424769592285157 -6.343304824829102 -18.721951293945313
H 6.135083156550046 4.5248435889375305 -3.20576467383823 17.224754333496094 -20.043904113769532 46.472711181640626
H 7.559369564113698 4.6815732554165255 -2.1045641639882113 -36.82269287109375 17.498953247070315 15.961177062988282
22
-4.066986083984375
H 5.2983089960084095 7.928455733112587 2.1510864200158695 7.4777473449707035 -12.943569946289063 19.510174560546876
C 4.481110842775671 7.525646365466077 1.561030703419219 -31.321102905273438 119.51988525390625 -38.40745849609375
H 4.4217165963983 8.14058727628194 0.655218690371404 33.69632263183594 -52.677893066406256 -9.58695068359375
H 3.5191771357150077 7.768789585251734 2.0240495058143906 17.32742156982422 -74.38540649414062 30.360525512695315
C 4.730963217383993 6.060039566782701 1.2511745923427389 31.834768676757815 29.229483032226565 -35.37646484375
O 5.845649776442072 5.576152360252627 1.4913809930807238 -98.81695556640625 -19.58638610839844 -4.604561614990234
N 3.736664590204299 5.446370101977579 0.592470756407978 -13.145805358886719 -44.574038696289065 16.643220520019533
H 3.0093674398420056 6.037323350109471 0.23590686444551856 -19.94631805419922 9.633204650878907 21.020283508300782
C 3.5966497557220216 4.0080098547702105 0.2549385937177589 -11.594463348388672 157.08840332031252 -38.47396545410157
H 3.6776978473714603 3.42063572568387 1.162055661443573 97.87224731445313 -19.789312744140627 3.3963924407958985
C 2.147514927023301 3.7255524366643917 -0.1303883912311612 -16.58198394775391 -189.3359130859375 -62.24733276367188
H 1.9214010934628467 4.129609941197654 -1.0788926462854538 -2.3380212783813477 52.150122070312506 -89.25357666015626
H 2.1821673661393866 2.617089460080751 -0.2736740667205815 -61.14225463867188 72.88522338867188 10.577322387695313
H 1.2939597946110482 3.967478165508564 0.5177709023381541 82.49542846679688 21.982846069335938 59.443572998046875
C 4.579621802048585 3.588619917617064 -0.9121827831210388 145.13847656250002 -223.0633544921875 108.78392333984375
O 4.5492731388465195 2.429756569038275 -1.3849020388737074 -81.68518676757813 125.8227294921875 -8.68942642211914
N 5.692033446484705 4.315771035391769 -1.149083124769701 -147.61735839843752 -2.7915853500366214 -1.626284408569336
H 5.942153633292596 4.908032713123611 -0.40325993313221087 35.29261169433594 93.6910888671875 54.9793701171875
C 6.5972469992428096 4.169839972617398 -2.262997193939748 36.33555908203125 -0.7984399318695069 -84.21123046875
H 6.871076385001729 3.130068361874356 -2.3326428596722595 -7.933319854736329 -44.247351074218756 -26.747625732421877
H 6.137416487308165 4.5304173851616 -3.2071081834476436 12.980476379394531 -28.97900390625 47.67141418457032
H 7.54493556450159 4.683011019970874 -2.120979306231987 -8.328302001953125 31.169256591796877 26.838687133789065
22
5.85174560546875
H 5.307658681547837 7.847216735484559 2.156288347502961 31.368881225585938 51.2584716796875 2.6414012908935547
C 4.395064132551419 7.472352464489134 1.7325408274670993 156.60378417968752 -246.942333984375 -65.12059326171875
H 4.0744374876642535 8.060234250133501 0.8854530590124745 -54.842260742187506 49.10021667480469 23.352986145019532
H 3.744699706112526 7.260632866776165 2.5776153384782985 -62.025708007812504 53.000097656250006 -28.233905029296878
C 4.771880648997422 6.072323595505079 1.1583723602139384 -216.2365478515625 294.96188964843753 167.69610595703125
O 5.814268698612052 5.576715923577234 1.4401898932742179 143.5937255859375 -89.61371459960938 -7.076472473144531
N 3.7515123655492744 5.49068283156925 0.5767165942343667 14.54944305419922 -119.97108154296876 -85.39215087890625
H 2.9260068118218294 6.0027986500364605 0.3385649614593029 -2.1058465957641603 51.22412719726563 28.027328491210938
C 3.6692814342302564 4.075994972883704 0.24616452816471332 196.90093994140625 -83.59445190429688 -10.344842529296876
H 3.8801100004999824 3.439701957881499 1.1139043844848626 -22.837713623046877 49.41763000488282 23.513056945800784
C 2.2425045699878368 3.847482016659107 -0.15980802213630668 77.408447265625 -245.15478515625 34.89480895996094
H 1.9978135010948792 4.426949262798203 -0.9944879745743052 -77.00272827148439 101.66195068359376 -70.76050415039063
H 2.2864945233626326 2.818765410697491 -0.5298802828738784 -83.81561279296875 12.98527069091797 12.514860534667969
H 1.5888207251486095 3.7954656932543007 0.7065123841198926 -34.099481201171876 61.161657714843756 -7.6150558471679695
C 4.72514028495479 3.4964677276735485 -0.797965991471262 -253.44804687500002 26.447012329101565 -32.690686035156254
O 4.35618487984901 2.4852923147770736 -1.4688497267759657 168.51046142578127 119.70384521484375 68.5833740234375
N 5.791329974167279 4.2631405616892595 -1.0887533984123776 -38.86677856445313 -49.363076782226564 -84.79158935546876
H 5.983015291749648 5.103834526334636 -0.5866295229116685 -12.460007476806641 18.087646484375 70.13208618164063
C 6.498979061719949 4.085901469924832 -2.3261002689406896 57.3500244140625 -24.665631103515626 -71.84169311523438
H 7.032199953445202 3.117786071215727 -2.1676936154580573 -5.911944580078125 66.029541015625 -67.8246826171875
H 5.7694515290326045 4.0324597700337605 -3.1751449043412174 54.288299560546875 -20.09053955078125 61.6776123046875
H 7.188983618408466 4.9430826310249 -2.5438569226207437 -36.921347045898436 -75.6437744140625 38.65855712890625
22
3.61004638671875
H 5.3069040404407595 7.857843153199488 2.151492681998983 28.029470825195315 45.38814086914063 3.555544662475586
C 4.394649084282175 7.469565004859779 1.7357134556317597 170.13078613281252 -223.97478027343752 -71.44702758789063
H 4.06920640486785 8.052557882411694 0.8913057610648251 -56.76723022460938 53.46277465820313 15.225398254394532
H 3.7443819458764036 7.268083058371976 2.5742333671209843 -69.76475830078125 44.582678222656256 -11.202472686767578
C 4.773339976994299 6.075281575616013 1.1621370208686117 -241.36184082031252 270.29677734375 146.79033203125002
O 5.812769374554094 5.574875857157241 1.4369321772059367 154.03095703125 -87.37787475585938 0.3314281702041626
N 3.750317614652948 5.492068116171999 0.5756537766590578 11.40006103515625 -103.14912109375001 -84.7557373046875
H 2.921748554689534 6.00728964873213 0.3277469675354214 16.705389404296877 39.427529907226564 34.73290710449219
C 3.669590854062231 4.074388253096093 0.2495866289318236 196.2686767578125 -54.67155151367188 -12.075803375244142
H 3.8838823804347196 3.453818422192768 1.122152727530533 -24.018476867675783 35.58955688476563 29.18232116699219
C 2.244830590025285 3.8510141760498087 -0.16086135081142128 63.06412963867188 -267.69223632812503 72.39152221679687
H 2.0078863318293307 4.4270847805493805 -0.9974788913438821 -82.44602661132814 106.8259765625 -73.97654418945312
H 2.2946295056465718 2.8203476863228314 -0.5331027226355289 -88.87066040039063 20.455210876464847 16.062071228027346
H 1.5877344998895544 3.791026258700034 0.7197527118691633 -15.616317749023438 65.13970336914063 -42.158792114257814
C 4.7239529812439365 3.496475652465274 -0.792743496412345 -237.6849365234375 5.304639053344727 -66.93093261718751
O 4.355691997219746 2.4853195694163777 -1.472914852522815 171.35549316406252 135.19508056640626 85.53207397460938
N 5.792602210253371 4.262024233105791 -1.0903025731862739 -52.339080810546875 -29.524533081054688 -50.592813110351564
H 5.977386069825848 5.110553979990939 -0.5815259650785574 -11.69873275756836 -7.259339904785157 49.47109375
C 6.499972371767932 4.084114376000525 -2.3274933550641244 17.992510986328124 -24.030030822753908 -87.804052734375
H 7.03080922592349 3.123374564058969 -2.1829879286891987 8.662791442871095 45.94749145507813 -55.46688232421875
H 5.766642945167159 4.01306651600574 -3.1807159710192434 66.46605834960938 -8.76046371459961 75.65895385742188
H 7.1802956898800225 4.941499124263858 -2.535891869326172 -23.538235473632813 -61.17564697265625 27.477392578125002
22
1.429595947265625
H 5.30678092712349 7.869647435132485 2.1468766863456885 22.393052673339845 37.70023193359375 3.5812854766845703
C 4.39464730532615 7.466369052697107 1.73886465237571 180.38328857421877 -193.60256347656252 -76.34210205078125
H 4.062543871199992 8.04658017238502 0.897868817819661 -56.63963012695313 55.012939453125 8.838819885253907
H 3.7424761298442446 7.276609960921792 2.5703986450522933 -75.26185913085938 35.91633605957031 4.842150115966797
C 4.77420534651618 6.078732984566608 1.1662259127855659 -261.00998535156253 238.860107421875 124.55683593750001
O 5.811464205346594 5.572826292297223 1.4335675251613098 160.697119140625 -82.77342529296875 6.9884895324707035
N 3.7489551434808357 5.493325162727506 0.5743893288214167 9.599549865722656 -82.71023559570312 -82.72981567382813
H 2.918027101622698 6.013122898857874 0.31805876382386666 34.44714050292969 26.056253051757814 40.87410583496094
C 3.670239055741813 4.072670831206578 0.2529556662190797 191.78345947265626 -26.344409179687503 -13.25083465576172
H 3.886551073724899 3.468789992334109 1.1312351874318722 -24.24460906982422 21.648971557617188 34.263580322265625
C 2.24713353762697 3.854036411919898 -0.16170189610403882 47.10433654785157 -278.9913330078125 99.07874145507813
H 2.0162047875308646 4.430243535298381 -1.0020540263083273 -84.36536865234376 105.44149169921876 -68.96842651367187
H 2.3008773477825524 2.8226463266635755 -0.5358676756795182 -92.757177734375 24.457783508300782 18.183238220214843
H 1.5867029799550922 3.78808392565483 0.7314761374466748 1.1208580970764161 68.66399536132813 -72.88716430664063
C 4.722386446291325 3.4963447148442977 -0.7876678500365363 -218.3873046875 -13.258612060546875 -100.07386474609376
O 4.355432388055098 2.4856702146710092 -1.4768558117073227 172.27923583984375 148.24720458984376 101.34824829101564
N 5.79373479969704 4.26087301295788 -1.0918599461964782 -66.16921386718751 -6.990555572509766 -13.822715759277344
H 5.9714302144929725 5.117900644681593 -0.5749267447345334 -10.973829650878907 -36.557177734375 25.861380004882815
C 6.5009801081849785 4.082330864183072 -2.3291597054667843 -20.548925781250002 -24.49734344482422 -96.20442504882813
H 7.029594344271183 3.1302521818037827 -2.199911135250318 24.6097412109375 23.145156860351562 -42.520440673828126
H 5.765976598727348 3.993413811770128 -3.184219590880668 73.05884399414063 2.7650230407714846 83.24299316406251
H 7.170446395882157 4.938415875888031 -2.527374876858921 -7.118721008300781 -42.18984680175782 15.13993377685547
22
-0.32952880859375
H 5.30755335997816 7.882852725772025 2.14234770640342 13.514910888671876 27.691497802734375 2.239974594116211
C 4.394973886184832 7.462829956931943 1.7418516391010261 187.66524658203127 -155.89030761718752 -77.62750244140625
H 4.054389217619944 8.042081205494569 0.9050201312026389 -54.645397949218754 54.07088623046875 3.886208724975586
H 3.7388243603096782 7.2861316890449634 2.566596218770389 -77.6478271484375 27.27803649902344 18.466464233398437
C 4.774487783100521 6.082749350446561 1.1705341894565566 -274.2269775390625 200.72645263671876 101.45484619140626
O 5.810411513615966 5.570632948741459 1.4302358594116726 163.14952392578127 -75.60057983398438 12.816879272460938
N 3.7476216064667445 5.494520110537642 0.5729053808451611 10.036315155029298 -59.919366455078126 -79.08841552734376
H 2.9154797458323505 6.020034207406404 0.30932722642026367 49.639862060546875 12.129312133789064 45.98997192382813
C 3.671376125730816 4.070954257939746 0.25626490399101853 183.69215087890626 -0.18061269521713258 -13.45037841796875
H 3.88868953580979 3.4838915736733194 1.1409282965781984 -23.897254943847656 8.593721771240235 38.16708984375
C 2.2494632666977434 3.8564900996133913 -0.16227280838865824 31.38936767578125 -279.96318359375 113.91014404296875
H 2.023063490590732 4.435762129411673 -1.0082280276785938 -83.27830810546875 98.14146118164064 -56.40450439453125
H 2.3054362006537277 2.8253482538689663 -0.5380753793164914 -95.44360961914063 25.564436340332033 19.118692016601564
H 1.586140569571003 3.786425082264415 0.7411882775012907 14.974217224121094 71.566015625 -98.23406372070313
C 4.720523260402322 3.4959494573059198 -0.7827860652350629 -195.85344238281252 -28.32532653808594 -131.5992431640625
O 4.3553226349514365 2.486319191484622 -1.4806409723128238 171.36245117187502 158.584716796875 115.73271484375
N 5.79471591412709 4.259694713326403 -1.0934379302958837 -80.7061767578125 15.152458190917969 23.497961425781252
H 5.9653169280709495 5.124990990846564 -0.5674021389841578 -9.834931945800783 -66.7538330078125 1.2250523567199707
C 6.501984640697729 4.080528267357691 -2.331037575842638 -56.554968261718756 -26.270742797851565 -97.98214111328126
H 7.028772340331162 3.137712339629035 -2.2178040321292567 40.95070495605469 -0.36890821456909184 -29.60744323730469
H 5.767165941814244 3.9736897444509434 -3.185815146503001 74.68565063476562 14.073324584960938 85.18391113281251
H 7.159774970629016 4.934381062158625 -2.5187859333471514 11.02850570678711 -20.299473571777344 2.3037723541259765
