22
20.0523681640625
H 5.642994022246701 6.520836209739732 3.3045330051275283 87.59358520507813 -13.566197204589844 81.69154663085938
C 4.864757874579343 6.58140286023877 2.6066067284126264 -159.24727783203127 115.917724609375 -174.2520751953125
H 4.9121501092166024 7.502852104861873 2.002636979172832 63.71144409179688 -49.8544921875 5.268891525268555
H 3.8960858740592648 6.770173817359843 3.0524325360064064 -4.50584945678711 -57.44767456054688 53.11928100585938
C 4.808820747885057 5.363909785051212 1.6994190344844289 18.607546997070312 -62.606195068359376 19.138916015625
O 5.684491009642127 4.516194139676409 1.7555227202808377 9.276326751708984 0.30821235179901124 26.775942993164065
N 3.800522479482908 5.2601410602401835 0.8386332404069547 -8.481647491455078 236.91740722656252 -18.309083557128908
H 3.3632851870087777 6.201909666017563 0.6852657911857776 -13.046951293945312 -184.92680664062502 -16.192324829101562
C 3.5419809942988554 4.100049914520454 -0.052371610045165405 170.55406494140627 -3.8936946868896487 -39.685009765625004
H 3.684204115104956 3.2566841455691353 0.6231311173059759 -44.514947509765626 -44.81463317871094 -40.31886901855469
C 2.156657598128895 4.214978838366191 -0.6219229357041226 -125.3239501953125 167.05059814453125 340.4166259765625
H 2.1469891005768424 5.126433853400744 -1.1812249590925812 -22.60772705078125 23.616485595703125 -80.40126953125001
H 1.9798798971318838 3.3590431475377915 -1.1837661137055446 -82.86303100585938 -109.8873779296875 -81.42548217773438
H 1.4202475970407336 4.399766549366089 0.24961386097976238 97.72589111328125 -76.86849975585938 -147.8006103515625
C 4.53924126416762 3.9134791668818862 -1.2799897226165746 -83.7830078125 289.4083740234375 220.97243652343752
O 4.135799251661261 3.539780662876517 -2.3649561331698683 52.84132690429688 -103.71430664062501 -61.291796875
N 5.637348578778026 4.690218770219294 -1.1756216329616 237.1673583984375 -125.441015625 -195.44068603515626
H 5.853530797482318 5.246525243770716 -0.3660638831265622 -58.913360595703125 -35.05188903808594 50.76496276855469
C 6.804056331762212 4.5393110221796364 -2.1245376100717905 -139.68026123046874 61.574737548828125 70.22311401367188
H 6.707352532050952 5.271878910811626 -2.9113044328732522 -10.550402832031251 3.915626907348633 -40.695220947265625
H 7.745408820542071 4.722705145016211 -1.6572062670521828 42.85602722167969 21.430557250976562 61.372387695312504
H 6.876489573959895 3.5446070659252205 -2.5160351763052704 -26.81514587402344 -52.066949462890626 -33.93169250488281
22
24.991363525390625
H 5.635436882920912 6.507540586081019 3.2960232851857003 105.5966796875 -9.345597839355468 100.44371337890625
C 4.864098246216288 6.582406558784016 2.605203786293818 -167.66043701171876 75.39110107421875 -178.07652587890627
H 4.921145663974408 7.489670968071519 2.000815190113184 63.177868652343754 -21.177537536621095 -7.516924285888672
H 3.8970046811521635 6.76325993615174 3.053058226951773 -8.686856842041015 -51.593255615234376 53.760144042968754
C 4.810291401071134 5.362263664922926 1.7014918761406095 -12.491537475585938 -53.01401977539063 3.6773654937744142
O 5.682466667887728 4.516482857458287 1.7557783170175323 24.595144653320315 -11.259012603759766 29.8323974609375
N 3.7983254497370367 5.256736975697393 0.8396766543506805 2.223371124267578 255.13833007812502 -8.717666625976562
H 3.3679278633848386 6.204150360543686 0.6843154557880609 -12.343741607666017 -194.07606201171876 -15.615255737304688
C 3.5394787239338017 4.101637403577523 -0.055117509098650486 194.0342529296875 -61.399505615234375 -1.2022123336791992
H 3.6979101860390844 3.2415908314206026 0.6301293066894248 -59.833978271484376 1.9052963256835938 -75.17008056640626
C 2.1544817103865 4.2172228891574415 -0.6205151259442571 -103.4534912109375 225.35759277343752 286.0736572265625
H 2.1497713463177472 5.153159908151497 -1.1847905436917032 -24.142390441894534 -34.68589782714844 -48.583184814453126
H 1.9708335021407462 3.3628981793617703 -1.1804046129220285 -81.99910888671876 -111.47747802734375 -84.76987915039064
H 1.4318131886485197 4.405258163315594 0.24656060081364956 73.73939208984375 -74.43464965820313 -124.3124267578125
C 4.53988811159549 3.9129035001983743 -1.280060294854469 -87.56770019531251 297.9083251953125 222.4012451171875
O 4.137666676605965 3.537633281705192 -2.3652809857785564 52.73765258789063 -102.37875366210938 -59.384045410156254
N 5.637692100470256 4.69218568386361 -1.1742143918979266 264.74951171875 -121.77525634765625 -190.54305419921877
H 5.873315277343179 5.243277770601587 -0.3597542443277222 -73.97044677734375 -46.15367431640625 39.53900756835938
C 6.807111130877375 4.5389148408103575 -2.126530926800028 -187.83463134765626 156.30242919921875 75.44017944335938
H 6.694510308498871 5.2887217463802685 -2.911357332457327 0.2039440631866455 -22.8706298828125 -21.025332641601565
H 7.745903201269213 4.715560727024482 -1.6678253308772604 60.640411376953125 26.11834716796875 70.84498291015625
H 6.868719316342503 3.569149911437877 -2.508302028860914 -21.713902282714844 -122.480078125 -67.09608154296875
22
31.792877197265625
H 5.630110476818756 6.494195719130218 3.290664449001488 114.60809326171875 -5.2485397338867195 110.3661865234375
C 4.863087046385621 6.5835226132149085 2.603460280420393 -166.3583984375 33.126434326171875 -170.85274658203127
H 4.932074598044405 7.47589453223581 1.9987049881447947 61.873223876953126 8.214650726318359 -20.896583557128906
H 3.8979075249079225 6.7548047202424 3.0549784828983677 -12.740184020996095 -44.781768798828125 52.944671630859375
C 4.811640367124701 5.360485026828061 1.7035491243266188 -43.43419189453125 -41.6488037109375 -11.265104675292969
O 5.6804551883159204 4.516715292938206 1.7561371856221706 39.532073974609375 -22.837763977050784 32.64885559082031
N 3.796099506424358 5.253832349762199 0.8407064292986383 20.116883850097658 253.229248046875 1.7593040466308594
H 3.372524703884905 6.201031192292118 0.683248743627815 -18.278924560546876 -185.78386230468752 -16.663377380371095
C 3.5374165362499888 4.103207041762614 -0.05782554032869999 214.01760253906252 -115.76754150390626 36.25310974121094
H 3.7100080663136947 3.2261096447847004 0.6352228400605385 -74.42421264648438 47.176849365234375 -107.20148925781251
C 2.152055426494771 4.219904776885984 -0.6184919515452304 -75.368359375 269.623583984375 213.55668945312502
H 2.15204986810854 5.179184720635629 -1.1894223194708677 -26.09735107421875 -92.60598144531251 -16.16451416015625
H 1.9601258050232795 3.3639436919707055 -1.1794498412779184 -78.18856201171876 -102.71224365234376 -80.58479614257813
H 1.4453813113765588 4.408893996022008 0.24065948685588143 42.53033447265625 -68.85968017578125 -91.16534423828125
C 4.540485263345506 3.9125232935352816 -1.2796992942890595 -89.59786987304688 304.9089599609375 218.420849609375
O 4.139583708255014 3.5355087167114623 -2.36573917359783 52.77531127929688 -100.30191650390626 -54.89612426757813
N 5.638397801065435 4.69405443437676 -1.1730723819446973 288.3588134765625 -117.32763671875 -180.747021484375
H 5.89197779466316 5.239237236633693 -0.35269233444177533 -88.26704101562501 -57.23649291992188 26.173565673828126
C 6.809850299840191 4.538935433624076 -2.128340885039519 -226.423193359375 241.81301269531252 78.82582397460938
H 6.68149445527955 5.3047156710226195 -2.91204237089672 11.27040023803711 -49.27827453613281 -1.217368507385254
H 7.748127079818447 4.709325165328236 -1.6767670408766688 72.1476318359375 29.275540161132813 76.63233642578125
H 6.860446467444489 3.5908256724225844 -2.5022577229726033 -18.05208740234375 -182.97777099609377 -95.92690429687501
22
39.10400390625
H 5.627871787333704 6.480759480938651 3.2881664681265854 113.70914306640626 -0.649638319015503 110.94929199218751
C 4.861768964353006 6.584792285333265 2.6014466839331196 -154.97467041015625 -9.47376708984375 -153.34709472656252
H 4.944530588253667 7.462480106165515 1.9963013197053185 59.90949096679688 36.17526550292969 -33.841607666015626
H 3.8987036682500325 6.7454370803442565 3.058067453839397 -16.182862854003908 -37.33609313964844 50.805090332031256
C 4.812844817859979 5.35845425121107 1.705624034005437 -73.86768798828125 -27.847213745117188 -25.372952270507813
O 5.678526868680661 4.516867333700603 1.7565543485039512 54.06386108398438 -34.49727172851563 35.2699462890625
N 3.7939522785831903 5.2513453851739635 0.8417516010399638 42.69564208984375 234.6741455078125 12.210149383544923
H 3.376495117427468 6.193439239119981 0.681796743507223 -28.72957458496094 -163.69818115234375 -18.67736053466797
C 3.5358937472890717 4.1045715082326755 -0.060362999414095134 228.97170410156252 -162.08165283203127 68.87674560546876
H 3.720155153370124 3.2116868713715707 0.6375450766926337 -87.18904418945313 86.55325927734376 -133.09086914062502
C 2.1494694882470022 4.223095377527794 -0.6161381568482049 -42.99434814453125 296.2816162109375 129.33917236328125
H 2.1539221977662133 5.2030601987612455 -1.1943167754061652 -28.376318359375002 -145.492431640625 14.096194458007814
H 1.948447413360244 3.3622104670363706 -1.1806594246872355 -71.69745483398438 -84.33231811523439 -69.5962890625
H 1.4602043039562882 4.410960541278865 0.23256875730526452 6.448437500000001 -60.81275024414063 -51.016998291015625
C 4.54107675589688 3.9123523821676036 -1.2789045414256703 -89.72344360351563 310.30295410156253 209.10979003906252
O 4.141551181526982 3.533324176281547 -2.3663466022852 53.144012451171875 -97.3755859375 -47.63715515136719
N 5.639512647277724 4.695911911155795 -1.1721428258704747 306.88955078125 -113.3881103515625 -167.715576171875
H 5.909235788867818 5.234279209352923 -0.3452070898114471 -101.19441528320313 -67.21823120117188 12.153211975097657
C 6.8121228632741335 4.539445085418508 -2.1300159431888046 -254.3635986328125 310.70598144531255 80.30826416015626
H 6.668825316681546 5.319070322708477 -2.912774236623803 21.99591827392578 -72.83790893554688 16.549314880371096
H 7.751892371088829 4.703911143893086 -1.6841036351253005 77.45296020507813 31.09521484375 78.98793945312501
H 6.852115708496673 3.6080563082075674 -2.49866978210369 -15.987283325195314 -228.7472900390625 -118.359228515625
22
45.2357177734375
H 5.628752850080553 6.467296252100071 3.2883688440852503 103.21865234375001 4.729862213134766 102.52415771484375
C 4.860169882436024 6.58608121426104 2.5992123334304926 -132.74066162109375 -49.48942565917969 -128.13951416015627
H 4.958811413647167 7.450260485971495 1.9930209900127018 56.881866455078125 59.840832519531254 -44.348388671875
H 3.8996998115015864 6.735395752780775 3.062252670486002 -19.61415710449219 -29.25935974121094 47.59644470214844
C 4.814028042142416 5.356261585950607 1.7076358618927014 -103.974658203125 -11.896570587158203 -38.463720703125006
O 5.67666628823317 4.516952880555264 1.757044827841301 68.39254760742188 -46.30867004394531 37.66264038085938
N 3.7919500525774517 5.249312275370887 0.8428630202759526 68.70506591796875 201.35721435546876 22.065838623046876
H 3.379513181045932 6.181891512800137 0.6799868069177799 -42.75221862792969 -129.70418701171874 -21.413314819335938
C 3.5348210361990984 4.105743249906474 -0.06271196916320845 239.1097412109375 -197.86341552734376 94.71912841796876
H 3.7284502939791087 3.19928017914782 0.6365973299695526 -97.64385375976563 117.59261474609376 -151.15672607421877
C 2.1467880312122434 4.226838279410272 -0.6135964613519458 -9.184021759033204 304.0789306640625 39.75390319824219
H 2.155122719248931 5.2235300753576155 -1.1986696567341655 -30.70242614746094 -189.25435791015627 40.02273864746094
H 1.9356546871713054 3.358700381818121 -1.1838145005058776 -62.660437011718756 -58.56483764648438 -53.30186767578125
H 1.4752732061802207 4.411561223652825 0.2228947890860192 -32.06698303222657 -50.907159423828126 -6.393383407592774
C 4.541669813353561 3.9124883071756815 -1.2777987643996582 -88.36298828125001 314.1151123046875 195.662841796875
O 4.143551094635567 3.531159240089856 -2.3670333485549526 53.7468505859375 -93.79696044921876 -38.35209350585938
N 5.641043676151757 4.697684024312466 -1.1713657537053952 320.49609375 -110.04530029296876 -152.13214111328125
H 5.924886878379528 5.228375911433338 -0.33741418859848715 -112.4771484375 -75.75466918945312 -1.9257741928100587
C 6.813970141402544 4.540550053524193 -2.131506533886234 -270.97995605468753 358.47099609375005 80.36830444335938
H 6.6565655654419045 5.331490753804492 -2.9128918430337034 32.01694030761719 -91.99345092773439 30.77626647949219
H 7.757636969742161 4.69927940471206 -1.6899367337724822 75.76197509765625 31.64404296875 77.80379638671876
H 6.843748446885918 3.6199170832636773 -2.497721001082598 -15.170199584960939 -256.9912353515625 -133.32913818359376
22
48.50225830078125
H 5.6322323018180445 6.453974086594762 3.2907708261803155 84.67179565429689 10.96122283935547 86.5534423828125
C 4.858300898429073 6.587340428470929 2.5967258781143405 -103.36998291015625 -85.02344970703126 -96.7863037109375
H 4.974721275485327 7.43976893812047 1.9887627856958234 52.59918823242188 77.9128173828125 -51.52872924804688
H 3.9001734478646366 6.724975104073335 3.067515645776972 -21.114361572265626 -20.84590301513672 42.61741638183594
C 4.814809509795639 5.354032826662366 1.709564181465773 -131.45194091796876 4.547704315185547 -50.38523864746094
O 5.674836985734314 4.516948928896964 1.7575711690962248 81.25158081054688 -57.20174560546875 39.74971313476563
N 3.789997582076796 5.247691877299646 0.8438953409674366 96.85009765625 155.44218750000002 31.030398559570315
H 3.3812227635872585 6.166769523926959 0.6774982965410301 -59.69437866210938 -85.56813964843751 -24.71152038574219
C 3.534155889440562 4.106661617093577 -0.0649227775696486 243.82475585937502 -220.4044189453125 111.96239013671875
H 3.7344338889846647 3.1899451671802175 0.631909732278082 -104.9093505859375 137.43797607421877 -159.64332275390626
C 2.1441756739528 4.231122535594392 -0.6110604026482402 21.514170837402347 292.72197265625 -47.58946838378907
H 2.1554080791636556 5.239516791695288 -1.2019837160613807 -32.714483642578124 -220.64321289062502 59.89863891601563
H 1.9215394640171857 3.354130643881554 -1.1886808229848351 -51.12828369140625 -27.208792114257815 -32.85706481933594
H 1.4894237581171508 4.411040106097684 0.21310194313605357 -69.194873046875 -40.22614135742188 38.05985107421875
C 4.54217534867367 3.9129453619472554 -1.2764148210741901 -85.36204223632814 316.2688720703125 178.14652099609376
O 4.145477120952313 3.52891979403972 -2.367777441585182 54.6307861328125 -89.56437377929689 -27.12439880371094
N 5.642894919618645 4.699407416294044 -1.1707656699880056 328.049267578125 -108.69246826171876 -136.30775146484376
H 5.938464280126209 5.221268910420223 -0.3298664178887014 -121.21351318359376 -81.56183471679688 -13.991464233398439
C 6.815170877898677 4.5423245835877655 -2.1329636618719574 -275.41357421875 382.983837890625 79.97490844726563
H 6.644905432300792 5.341630094697351 -2.9122556203655945 40.88948974609375 -105.29814453125 40.57122802734375
H 7.765243036991586 4.695194520325944 -1.6939050289021385 66.41445312500001 30.914718627929688 72.68350219726562
H 6.834998319021942 3.6263677739978606 -2.5001022682033454 -15.128819274902344 -266.9526611328125 -140.32275390625
22
48.032012939453125
H 5.637807259100426 6.4408628507110315 3.295515213577846 59.22393798828125 18.09987487792969 63.902355957031254
C 4.856276382122083 6.5883057780423595 2.594113377540138 -68.17957763671875 -113.85733642578126 -61.52378540039063
H 4.991910357217556 7.431501785474484 1.9833587596395341 46.773486328125 88.68827514648439 -54.004754638671876
H 3.9001437970961583 6.714153434962959 3.073819563012299 -20.533853149414064 -12.23665008544922 35.862890625
C 4.815143005659431 5.3517580489723295 1.711421644960249 -154.35833740234375 19.991905212402344 -60.5677734375
O 5.67319546460828 4.516696910121928 1.7581998119989939 91.77046508789063 -66.36395874023438 41.465432739257814
N 3.7882686652520503 5.246302211717358 0.8449441005400066 125.05312500000001 100.90798339843751 38.323760986328125
H 3.3817362998456444 6.148907536033339 0.6741094564785175 -78.37395629882813 -34.74964904785156 -28.145727539062502
C 3.534016023770507 4.107296800458143 -0.06691519316486695 242.7006591796875 -229.31777343750002 119.89370117187501
H 3.738475572174642 3.1837822469592125 0.6231246395791157 -108.89027099609376 145.3362548828125 -158.00588378906252
C 2.141699601315024 4.235934555953505 -0.6086436294764324 47.81571655273438 263.4122314453125 -127.1715087890625
H 2.1549952632406346 5.25039182399003 -1.2040948358740242 -34.40550231933594 -237.94841308593752 72.8054931640625
H 1.9062979570693648 3.3491015495562007 -1.194372219552562 -37.51607666015625 7.3423004150390625 -10.047605895996094
H 1.5021103918362182 4.409495531850731 0.20405455111001627 -102.986669921875 -29.317877197265627 79.76746215820313
C 4.542646229846515 3.913663779969281 -1.2746071153702632 -80.69911499023438 316.79091796875 156.05498046875002
O 4.147392377142886 3.52662252243873 -2.3685518490801662 55.8658447265625 -84.57280883789063 -13.596026611328126
N 5.645061706510099 4.701076103886521 -1.1702343782754805 329.44287109375 -110.26651611328126 -122.6218017578125
H 5.950134222138422 5.212752690858103 -0.32319827540566803 -126.95539550781251 -83.58600463867188 -21.7398193359375
C 6.815848478543737 4.544859789896403 -2.134229142942243 -268.263134765625 382.3531005859375 79.13698730468751
H 6.634205035751227 5.348860575652687 -2.9107817447654982 48.13659362792969 -111.41270751953125 45.21522827148438
H 7.774737191814037 4.691634452036909 -1.6959954188317634 49.721588134765625 29.226055908203126 63.960198974609376
H 6.826090531545122 3.627504601424536 -2.5058740981551653 -15.342393493652345 -258.51923828125 -138.963818359375
22
43.60174560546875
H 5.645021659924206 6.42830367111631 3.3021164219252275 28.674588012695313 26.05263366699219 36.31556091308594
C 4.85419216705604 6.5890005096467785 2.5914949519070096 -29.149267578125002 -135.417626953125 -25.072529602050782
H 5.010085507339413 7.425540335531612 1.976606295063733 39.146340942382814 91.88194580078125 -51.219372558593754
H 3.899418084147981 6.703041604622345 3.080810043654911 -17.59613800048828 -3.4975963592529298 27.53341979980469
C 4.815111562211911 5.3495945451883875 1.7131146259035812 -172.07668457031252 33.70710144042969 -68.55345458984375
O 5.671904243470729 4.516290788320859 1.758931555776242 99.58800048828125 -73.43345947265625 42.69240417480469
N 3.7867695057582584 5.24512409845342 0.8460682879194055 151.584326171875 42.61386413574219 43.32308349609375
H 3.380916199014801 6.12971657984954 0.6698630201363536 -97.192138671875 18.015354919433594 -31.259030151367188
C 3.5344147652315065 4.107599792438092 -0.06864990686418414 235.0865234375 -224.43959960937502 118.53912353515625
H 3.7401390268092305 3.1807733343196536 0.6105839883073723 -109.21954345703125 141.30876464843752 -146.7761474609375
C 2.1392906479960745 4.241272209350156 -0.6064980325522047 67.48017578125 216.94716796875002 -191.88848876953125
H 2.153721685649829 5.255335093329434 -1.2046646317356722 -35.614907836914064 -238.85000000000002 77.31145629882813
H 1.890022421274917 3.344265737300783 -1.2003024597787553 -22.315493774414065 42.91052856445313 13.57529754638672
H 1.5123032569281114 4.40739726798321 0.19699930448146385 -130.48731689453126 -19.101115417480468 114.82196044921875
C 4.54312050379026 3.914700252869962 -1.272467562208464 -74.37249145507813 315.64694824218753 130.10213623046874
O 4.149402390995498 3.524291299118798 -2.369384754093415 57.30241088867188 -78.89688110351562 1.9490934371948243
N 5.647604448893702 4.702679454555263 -1.1697713125609606 324.41166992187505 -114.06103515625 -110.27987060546876
H 5.959798629472498 5.203243189836053 -0.317262293044578 -129.679833984375 -82.54782104492188 -25.931332397460938
C 6.815918780385097 4.548072959769355 -2.1352873080717383 -250.01481933593752 356.24431152343755 78.13363037109376
H 6.624557030989944 5.352673507234539 -2.9082735101865795 53.247711181640625 -109.26171875 43.87718811035157
H 7.785793752435483 4.68875566977441 -1.696490805696769 26.41110534667969 26.753067016601562 52.07965698242188
H 6.816783809892354 3.6235841012820313 -2.5150814524977276 -15.214231872558594 -232.57485351562502 -129.27376708984374
22
35.591033935546875
H 5.652657977821988 6.416337898607826 3.3094523357767516 -3.626139831542969 34.38336181640625 6.856990051269531
C 4.851999945177962 6.589416961029345 2.5888030749372115 11.170050048828125 -149.39665527343752 9.545550537109376
H 5.029276697619229 7.421847796457605 1.9685549281296209 29.47803955078125 87.69985351562501 -43.266015625
H 3.8981965628808335 6.692156163456651 3.0884612256376336 -12.700088500976562 5.22263298034668 17.796484375000002
C 4.814596178333951 5.34742571617625 1.714729543864415 -185.0328369140625 46.377847290039064 -74.44863891601562
O 5.670772855984907 4.515761388317201 1.7596952837721904 105.27937011718751 -78.95305786132813 43.56161193847657
N 3.785493290916475 5.244086257443943 0.847329172707637 172.64388427734377 -12.283293914794923 44.41460876464844
H 3.3778050385445857 6.1110253855955365 0.6644315137955025 -112.85986328125 65.57684326171875 -32.59313049316406
C 3.535250067347574 4.107570969897985 -0.07009687683976643 221.5099853515625 -205.5555419921875 107.42396240234376
H 3.7392223079931597 3.181027005729835 0.5941854471274541 -105.83048095703126 124.81978759765626 -125.92252197265626
C 2.1369998691351912 4.247034111791963 -0.6049039554630662 78.15917358398438 156.75408935546875 -235.33376464843752
H 2.1514004772375017 5.254619450628654 -1.2031376891057353 -36.16549377441407 -223.41948242187502 72.669921875
H 1.8730716742804039 3.3402211446007457 -1.205833238710959 -6.202888488769531 77.10721435546876 35.96949768066406
H 1.5189065795817556 4.404930653399126 0.19272007540895003 -148.97406005859375 -10.419076538085939 139.73016357421875
C 4.54364645787152 3.915973914373456 -1.2700601406141492 -66.82415161132813 313.040234375 101.04635620117188
O 4.151458159592105 3.5219346799735485 -2.370231788834008 58.96665649414063 -72.66683349609376 19.02297058105469
N 5.650481859171441 4.704193655920093 -1.1694054769244944 312.42160644531253 -120.4245361328125 -99.87601928710939
H 5.967012795188607 5.192408221819397 -0.3120214421545082 -128.77946777343752 -78.14271240234376 -25.97047119140625
C 6.815347542524499 4.55205890037451 -2.1361633173584407 -223.01708984375 304.6859619140625 75.19816284179687
H 6.615893677648799 5.3536891830245805 -2.904765682047858 56.234185791015626 -99.69414672851563 37.112701416015625
H 7.797595297488838 4.68650670228243 -1.695583767146458 -1.5305816650390627 24.016995239257813 37.994384765625
H 6.807214856756909 3.614466357548176 -2.5276384676967236 -14.319827270507814 -188.72947998046877 -110.93281250000001
22
25.361785888671875
H 5.660285584920209 6.405500829622884 3.3168598318996745 -35.381982421875 42.5287353515625 -22.233564758300783
C 4.849884079981817 6.589628730718774 2.5862739710836173 51.63995361328125 -155.46295166015625 38.64728393554688
H 5.049065291226297 7.4204228202282705 1.959270901704864 17.6412353515625 76.392529296875 -30.123645019531253
H 3.8969461442773805 6.68167278072688 3.096239557508496 -7.190624237060547 13.9224609375 7.805297088623047
C 4.813569499932417 5.345415769550431 1.716279875986855 -191.74176025390625 56.675024414062506 -77.9207763671875
O 5.669956846036853 4.515135854160403 1.760449653293092 108.1187744140625 -82.14266357421876 44.04082946777344
N 3.7845536325167872 5.243077096124936 0.8487121369105968 185.98952636718752 -58.895440673828126 40.92028503417969
H 3.3720576676445853 6.093912006876845 0.658120103990423 -123.71474609375001 103.7870849609375 -31.504620361328126
C 3.536532184609373 4.107270339221626 -0.07137105118398548 202.58017578125 -173.60595703125 88.15920410156251
H 3.7358821358361567 3.1845628674609183 0.5745141500077975 -99.07744750976563 96.52767333984376 -96.81807861328126
C 2.134897257311156 4.253156856607109 -0.6038195663191881 78.94347534179688 88.41071777343751 -253.54692382812502
H 2.148137548792141 5.248712733411553 -1.1997684526881716 -36.09930419921875 -193.214453125 59.675994873046875
H 1.8559243709426392 3.3381868972042628 -1.2102382139449925 9.694287109375 106.48464355468751 54.92155151367188
H 1.5214077176685845 4.402422515742071 0.19216426612742882 -156.64832763671876 -3.7249217987060548 151.86993408203125
C 4.544196543633702 3.917546567704897 -1.2674321343255932 -57.8291259765625 308.96354980468755 69.10407104492188
O 4.153601640129614 3.519572284473029 -2.3710727147052837 60.741796875000006 -65.93223266601562 37.3251953125
N 5.653706947333949 4.705594101419904 -1.1691355809088833 294.1517578125 -129.16978759765627 -91.80146484375001
H 5.972126368994088 5.180107614150841 -0.3074710026130977 -124.46029052734376 -70.62924194335938 -21.79242401123047
C 6.814295352398949 4.556755910485228 -2.1369420229851057 -190.56461181640626 229.779638671875 70.11581420898438
H 6.608339261811463 5.352104917465413 -2.900151711040206 56.99225463867188 -82.93706665039063 24.845013427734376
H 7.8093149167916796 4.6849206627830275 -1.693701676379535 -31.474868774414062 21.414163208007814 22.877978515625003
H 6.797526679983674 3.60084060634239 -2.543391873994722 -12.310155487060548 -129.1715087890625 -84.56697998046876
22
15.009246826171875
H 5.66713061590447 6.395498306105712 3.3237518432344015 -64.45798950195312 50.10568542480469 -49.09956359863281
C 4.847958625283347 6.589556141200231 2.583855734891104 89.36090087890625 -154.65150146484376 62.034393310546875
H 5.069353614541825 7.420757474933008 1.9493178710514516 3.89608268737793 59.697418212890625 -13.03375244140625
H 3.895598725807241 6.671724118012431 3.104214918947657 -0.5225498676300049 22.371011352539064 -2.7249176025390627
C 4.812080429832955 5.343551261382943 1.7177065567131877 -192.48963623046876 64.0719970703125 -79.43309936523438
O 5.669441796027508 4.514333240042861 1.7611219129591174 108.1542724609375 -82.9473876953125 44.19072570800782
N 3.7839385924123508 5.241933938745803 0.8501053681260523 189.7412841796875 -92.19237060546875 32.541986083984376
H 3.3632838916125634 6.079588772150627 0.6508969288604478 -127.60842285156251 128.12028808593752 -27.072021484375
C 3.538227876476732 4.106566695591111 -0.07243691541224734 178.58999023437502 -130.88983154296875 62.083953857421875
H 3.7299645598764446 3.190501653643294 0.5523554998150846 -89.41029052734376 58.60062866210938 -61.516021728515625
C 2.1329341652251803 4.25943577916288 -0.603247684537077 71.09136352539063 16.33410186767578 -245.1135009765625
H 2.14405854232423 5.2380073278415615 -1.1950342559137153 -35.5939697265625 -150.15657958984374 39.373138427734375
H 1.8392724333576627 3.3387820622135793 -1.2130188016030738 24.16919708251953 128.54556884765626 68.85776977539062
H 1.5198944713562503 4.39975182036086 0.19572767812184733 -153.3658447265625 1.033830165863037 150.44315185546876
C 4.544685094503839 3.9193470124172385 -1.2647001604354566 -46.65853271484375 303.9031005859375 35.638555908203124
O 4.155951079485015 3.517229053015187 -2.371866031487987 62.151416015625 -59.052642822265625 55.891552734375004
N 5.657280513845404 4.706797911756693 -1.1689662436832213 269.664599609375 -139.88826904296874 -85.88017578125
H 5.974913380227908 5.166691155028678 -0.30357820817297715 -116.76060791015625 -60.56077880859375 -13.837794494628907
C 6.812885641503775 4.56191640305192 -2.1376108916360708 -155.78790283203125 138.02340087890624 62.512567138671876
H 6.601973365935732 5.3482682443762215 -2.894872500791528 55.682409667968756 -60.626861572265625 8.352569580078125
H 7.820274651008646 4.683910908316439 -1.691460765993781 -60.953912353515626 19.14899597167969 7.941426086425782
H 6.787446330506222 3.5841221078863668 -2.5613558822531406 -8.891856384277345 -58.989819335937504 -52.150952148437504
22
60.1341552734375
H 5.385124056077392 6.158863312631299 3.401673857529477 53.60667724609375 38.05940551757813 95.01752929687501
C 4.825408753230856 6.478054807736559 2.5631026682240132 -43.572320556640626 -233.5498779296875 -59.705908203125006
H 5.224690653894241 7.272306306373649 2.031973471397894 95.53102416992188 101.48977050781251 -69.58021240234375
H 3.8277407556335175 6.749332450916099 2.818755141260318 -56.13603515625 14.671697998046875 54.42088623046875
C 4.777155153501168 5.208268218878737 1.7011949734687128 38.55773010253907 152.796337890625 170.35694580078126
O 5.642136473888324 4.35330450967898 1.7617066835588548 10.087586212158204 -14.36753387451172 -16.767385864257815
N 3.7211847310745445 5.184091836901786 0.9641986584504791 -133.2763916015625 11.319502258300782 -320.21074218750005
H 3.1615016059280725 6.059532314545906 0.9311535477684947 47.97075500488282 -114.1342041015625 22.357322692871094
C 3.484069553218856 4.204491108489542 -0.16406872965066138 15.684719848632813 -39.08006286621094 165.25982666015625
H 3.5267603525675635 3.15154278906209 0.37170840426287743 -21.740942382812502 216.78178710937502 -143.431494140625
C 1.9991814939658825 4.481986504501854 -0.6613947234244028 275.5037109375 97.57143554687501 -273.76826171875
H 1.9028652747279282 5.532359578370177 -1.1751877826970847 35.38627624511719 -221.295751953125 80.88671264648438
H 1.8042699651549332 3.6347278862719428 -1.3564368986532414 -36.713024902343754 73.601611328125 21.089349365234376
H 1.3347479075054614 4.469067486785642 0.10780457027222712 -127.92791748046875 -25.8126953125 167.16827392578125
C 4.595250601117543 4.15740141722424 -1.3370964256440523 -139.32333984375 -187.90993652343752 275.64243164062503
O 4.345440465503479 3.4224975356700056 -2.2591793563167464 -30.19783630371094 22.231326293945315 -156.382275390625
N 5.852923967089211 4.522793942113523 -1.0974839431665502 -158.16646728515627 31.218081665039065 -108.0192626953125
H 5.979067824357919 4.7985792160084415 -0.1555984047401976 114.096435546875 48.52784729003906 56.324432373046875
C 6.750363923229354 4.787352548486509 -2.2208540588480146 16.364297485351564 307.1016357421875 247.05419921875
H 6.515942304205935 5.8476540327334785 -2.545305310000864 45.098794555664064 -123.51107177734376 -13.107176208496094
H 7.772309710709658 4.711296410771188 -1.9039209160098036 47.48152770996094 9.245034790039062 24.773304748535157
H 6.624110565557274 4.093138889183113 -2.9234580365689906 -48.315258789062504 -164.954345703125 -219.3785400390625
22
53.13653564453125
H 5.387599621139881 6.160309211314678 3.416506089636906 37.89573974609375 42.63872375488282 66.51432495117187
C 4.82528476778467 6.476568538091816 2.5645492035490496 -23.64154052734375 -234.1472900390625 -35.4994140625
H 5.2337014060817975 7.265111557356797 2.0269346431919946 88.87874145507813 99.04978637695314 -63.658935546875
H 3.827260611992953 6.7442328201912405 2.8219396921800755 -56.053930664062506 19.533625793457034 51.34776611328125
C 4.775095538640107 5.209135447984662 1.7027365283443858 55.53687133789063 128.63099365234376 168.989990234375
O 5.64253463101224 4.351744417398468 1.7602854774983796 -0.6838922500610352 -2.1679367065429687 -14.883566284179688
N 3.7215408301531983 5.183128456093179 0.9634923585631638 -155.18489990234377 55.16367797851563 -319.47136230468755
H 3.164711326690497 6.073267361711531 0.9246088487123356 65.76309204101562 -149.86827392578127 23.661956787109375
C 3.4843730534985147 4.205040473274016 -0.16489727680203337 13.817848205566406 -0.5954792499542236 152.63050537109376
H 3.5346845922531194 3.1657136810498487 0.36261117457829584 -27.017681884765626 177.08109130859376 -122.69256591796875
C 1.9997010938156228 4.4853543314187725 -0.6636455492106821 275.0008056640625 41.07199401855469 -273.969970703125
H 1.9075225117560402 5.525699764197311 -1.173374408815318 30.418780517578128 -192.39017333984376 68.915625
H 1.8083587629086486 3.6309576704405577 -1.3670307124823728 -32.70980529785157 95.7198486328125 38.40952758789063
H 1.3326454364591345 4.462842313802643 0.10527780093511441 -125.50745849609376 -23.698348999023438 162.78480224609376
C 4.593857778464963 4.156550737702601 -1.3333808826053613 -116.87027587890626 -195.04241943359375 239.7000732421875
O 4.344095072373934 3.4206410084452137 -2.260419585452112 -28.374835205078128 34.12052001953125 -138.5064453125
N 5.856228334162369 4.523233588295525 -1.0989271404866523 -198.76751708984375 25.088955688476563 -82.80603637695313
H 5.9724690118991965 4.79311213235959 -0.15084213975108757 123.09724121093751 49.50697631835938 45.05718688964844
C 6.7473235182427125 4.792065588926226 -2.2199117038288865 58.40875854492188 264.5845947265625 272.7570068359375
H 6.520277751277932 5.840986818344344 -2.534431709113949 36.85830078125 -84.37634887695313 -28.87911376953125
H 7.77144589170452 4.7020716705352354 -1.891610966103613 31.335433959960938 16.783247375488283 16.174905395507814
H 6.631065346448973 4.093688901586072 -2.9169569542885254 -52.199761962890626 -166.68776855468752 -226.57626953125
22
41.65478515625
H 5.391134668730184 6.163272010654833 3.4328838544414793 20.147601318359378 46.9147216796875 34.18423156738282
C 4.825232379375687 6.474555656726075 2.565784672589558 -0.9341426849365235 -222.11552734375002 -10.202271270751954
H 5.244932833720743 7.260383995460018 2.0200146854113745 76.8512939453125 87.947607421875 -52.06639404296875
H 3.825490998180452 6.7395966267956 2.8263306752694835 -51.19898071289063 22.826893615722657 46.2725830078125
C 4.773252508512845 5.210261273008854 1.7045601601608147 69.7609130859375 100.90498046875001 163.810302734375
O 5.642938027075621 4.350058424121105 1.7588546082603695 -11.478216552734375 10.828703308105469 -12.504769134521485
N 3.721658114549611 5.182134315124014 0.9622850064660713 -164.93099365234377 87.27275390625 -313.95122070312505
H 3.169659224618285 6.083000764611004 0.9185826607778693 74.60072631835938 -172.67603759765626 24.15662078857422
C 3.4848669446151694 4.205446616831407 -0.16547510819569175 9.554905700683594 50.723208618164065 130.545654296875
H 3.5417118977654893 3.184234292074584 0.3503542119967195 -30.890713500976563 123.528857421875 -94.36381225585939
C 2.000865108817274 4.488726369319169 -0.6664071025845089 263.8321044921875 -24.89242401123047 -248.3088134765625
H 1.9131015239328641 5.513794810295144 -1.1698090011745383 24.470916748046875 -148.8008544921875 50.01695251464844
H 1.8118504945822755 3.6296774126283493 -1.376446745855848 -29.253161621093753 111.78934326171876 51.00907897949219
H 1.32714746945065 4.456023617420667 0.10692640668173636 -111.4867431640625 -20.392919921875002 144.849462890625
C 4.592149730993587 4.155598530838853 -1.3293993227270982 -92.43818359375001 -202.13502197265626 202.44237060546877
O 4.342761056819726 3.418833593143105 -2.2618734994116876 -26.924310302734376 46.40133056640625 -119.53206787109376
N 5.859421439395293 4.523586461951994 -1.1004008362463074 -236.90187988281252 21.690486145019534 -52.34418334960938
H 5.968218013140589 4.788722072316024 -0.14549485503288137 129.53677978515626 48.51234741210938 29.470779418945312
C 6.744322016134372 4.797388527467385 -2.2184865341227136 101.24489746093751 198.04290771484375 283.969677734375
H 6.525675986412899 5.831843812262089 -2.524217404937829 27.21724548339844 -37.50346069335938 -45.268750000000004
H 7.771568549675275 4.692927316385535 -1.8787937579283667 12.246226501464845 24.975021362304688 6.337616348266602
H 6.636460892351329 4.0904928612643525 -2.9158539343284136 -53.02628784179688 -153.84293212890626 -218.5230224609375
22
29.103790283203125
H 5.394735688976528 6.167470506046355 3.4497925348403746 2.360019302368164 50.01182556152344 1.1739015579223633
C 4.825223167659994 6.472069863879186 2.5669701436942 22.464683532714844 -198.37260742187502 13.4335693359375
H 5.258295857345971 7.257738886122036 2.011804362010973 60.13885498046875 69.51287231445313 -35.48566589355469
H 3.822611624061993 6.7358214332795106 2.831774710129836 -42.09136047363282 24.53496551513672 39.402093505859376
C 4.77153621972541 5.211575900159823 1.7066797626086927 80.98419799804688 71.03136596679688 155.22635498046876
O 5.6432683436415285 4.348357029439961 1.7574141846121423 -22.028610229492188 24.04366607666016 -9.743640136718751
N 3.7214696165595096 5.181315445202671 0.9606389620237701 -162.23018798828127 104.52882080078126 -304.2559814453125
H 3.1762790163748855 6.088219604562531 0.913072418453002 73.87127075195313 -180.22706298828126 23.703225708007814
C 3.4853279760849487 4.205725318621218 -0.16587162564127683 3.370111083984375 112.12672119140626 101.61703491210938
H 3.5475127886913405 3.2060815057113192 0.33579898728558444 -33.292572021484375 59.3802978515625 -60.44879760742188
C 2.002456158251044 4.492020654907238 -0.6696265394126808 242.49980468750002 -95.25401000976564 -199.67604980468752
H 1.9190019892411732 5.498141016616063 -1.1649991725274584 18.148316955566408 -94.85304565429688 26.188967895507815
H 1.8145707558406208 3.6311938736343303 -1.3846237191996833 -26.508270263671875 121.02005615234376 58.44517822265625
H 1.3186823946099246 4.448945910380582 0.11260910843560815 -86.94060668945313 -15.796992492675782 114.63679199218751
C 4.590037124726819 4.154603603893502 -1.3251568006266876 -66.37622680664063 -209.23056640625 164.061962890625
O 4.341331958578241 3.4170681671426313 -2.2634608259421976 -25.741314697265626 59.036956787109375 -99.58973388671876
N 5.862358802963615 4.523997686211684 -1.1018460079343075 -272.6287353515625 20.24846649169922 -18.38721618652344
H 5.966244325532815 4.785171473077497 -0.13986549059050454 133.63790283203124 46.07782897949219 11.232113647460938
C 6.74135651562117 4.803174738158434 -2.2164856403669098 141.81292724609375 112.9747802734375 279.09345703125
H 6.531425725235923 5.8216497374030185 -2.5149549319124627 17.333406066894533 12.530516815185548 -60.999969482421875
H 7.771943202643672 4.684247460575212 -1.8657553360013346 -7.490791320800781 33.50400390625 -3.964421844482422
H 6.6403601200091975 4.083677359114581 -2.9200383294064314 -51.29281005859375 -126.828857421875 -195.66317138671877
22
19.11932373046875
H 5.398348502893437 6.1727778733571546 3.466960916636747 -15.104328918457032 51.823986816406254 -31.988507080078126
C 4.825373720177046 6.469184523678361 2.5680992665594733 45.264825439453126 -164.58184814453125 35.79197998046875
H 5.273553548520246 7.256852678408584 2.0027099479647332 39.412088012695314 45.23098449707032 -14.845867919921876
H 3.8186185981974696 6.732955589377456 2.838302927098613 -28.430438232421878 24.52326354980469 30.673428344726563
C 4.770034254055377 5.212969229611105 1.7090780655067106 88.73338012695314 39.92388916015625 143.246484375
O 5.6435508394812075 4.34661206124818 1.7559394514382796 -32.04510192871094 37.067211914062504 -6.579039001464844
N 3.721007013395103 5.180748040391915 0.9585485058686688 -146.6545166015625 106.01203613281251 -289.789306640625
H 3.1850510105079204 6.089046484348717 0.9080255875226917 63.35591430664063 -171.75518798828125 21.977937316894533
C 3.4857971212577237 4.205945669150911 -0.16601561510907525 -3.939657211303711 177.336865234375 67.9632080078125
H 3.552335619457244 3.2290563527057903 0.31976532841485783 -34.53175659179688 -9.265580749511718 -23.843878173828127
C 2.0044543944583744 4.495052312012234 -0.6732512277533516 213.2910888671875 -165.06427001953125 -132.19439697265625
H 1.9251504465244689 5.4799940099579905 -1.159275564740877 11.736099243164062 -34.30465087890625 -0.817385482788086
H 1.8164072467566665 3.63585119951908 -1.3913895107110879 -24.458067321777346 122.387939453125 59.866711425781254
H 1.307856825876828 4.441426676131243 0.12107767094301508 -54.30723266601563 -9.855962371826173 75.31046142578126
C 4.587830111916345 4.1536292692626935 -1.3208070256453897 -41.0004150390625 -216.7154541015625 125.55115966796876
O 4.339893515943537 3.415260545035248 -2.2651637376349543 -24.51043701171875 72.12476196289063 -78.82594604492188
N 5.865042346623982 4.524300268841273 -1.1031855236304624 -304.1001708984375 20.869892883300782 16.785147094726565
H 5.966843646087975 4.78221678631125 -0.1343589646717356 135.259619140625 42.565185546875 -7.9689888000488285
C 6.738580051291913 4.809297967020621 -2.213957294259718 178.0375732421875 14.745040893554688 258.6868408203125
H 6.537395518042115 5.811549639879784 -2.5070156503321406 7.890745544433594 62.09192504882813 -75.18859252929688
H 7.772236174430715 4.676163147322444 -1.8529249484873624 -26.25008544921875 42.124932861328126 -14.041279602050782
H 6.643221571361258 4.073536472889057 -2.9288241861325224 -47.649148559570314 -87.28494873046876 -159.77019042968752
22
14.1976318359375
H 5.4013986768337565 6.179424549580235 3.48321733518055 -30.275299072265625 51.608148193359376 -62.08801879882813
C 4.825625072184769 6.466083149828421 2.569333850403635 66.5833740234375 -122.5009765625 53.72021484375
H 5.29002442308099 7.257199200810353 1.9928148625476705 15.562405395507813 16.829754638671876 8.953971099853517
H 3.81408659829247 6.7309716475665 2.84573830767431 -12.127378845214844 23.23038024902344 20.75501403808594
C 4.7687019923951794 5.214472799333979 1.7118481107668801 93.13322143554689 8.096318817138672 128.16019287109376
O 5.643697472259652 4.344910548191739 1.7544353327069095 -41.243890380859376 49.68439636230469 -2.9515342712402344
N 3.720367948805104 5.180444389713928 0.95611058604574 -120.2044677734375 92.98865966796876 -270.9311767578125
H 3.195330272606571 6.085595701580382 0.903770964820515 44.39948120117188 -148.33216552734376 18.949310302734375
C 3.486188934854526 4.206389716561397 -0.1660329590063625 -11.726441192626954 240.2754638671875 33.137918090820314
H 3.555709485609388 3.2515782630887022 0.3032405291593053 -34.70838317871094 -77.03330688476564 12.531830596923829
C 2.006878849647006 4.497838833957093 -0.6771708849339408 177.63441162109376 -229.20183105468752 -49.854992675781254
H 1.931595054673201 5.460605410525593 -1.1535563317917257 5.432292175292969 28.934667968750002 -28.911657714843752
H 1.817392881635421 3.643936719115195 -1.3962825579898366 -23.24543609619141 114.98518066406251 54.47862548828125
H 1.2953343957016241 4.433517113488071 0.13161275570216083 -15.475367736816407 -2.4545726776123047 29.223574829101565
C 4.5854930065017045 4.152584976643427 -1.316361136616415 -16.65194549560547 -224.19621582031252 87.10592651367188
O 4.33831849346498 3.41344601169842 -2.266981981244909 -23.250721740722657 85.40970458984376 -57.43050537109375
N 5.867300653514221 4.524535811345252 -1.1044515737125706 -330.34462890625 23.393841552734376 51.78741455078125
H 5.970184394089633 4.780046607860475 -0.12946796136316158 134.13233642578126 38.180371093750004 -26.751751708984376
C 6.736117412917587 4.815489336982242 -2.210852995572847 206.93520507812502 -88.16912841796875 222.41787109375002
H 6.54325105155496 5.803159174284803 -2.5010143499589232 -0.13707504272460938 105.63955078125001 -86.28992309570313
H 7.7719284136880304 4.669070485777497 -1.8405269413974619 -41.985101318359376 50.166543579101564 -23.11678924560547
H 6.644818638101425 4.060705963864382 -2.941484575237687 -42.436578369140626 -37.53478088378906 -112.89553222656251
22
15.536346435546875
H 5.403144381830664 6.187004872684772 3.4979744463905393 -41.990213012695314 49.13521118164063 -87.22212524414063
C 4.826029162663628 6.46277726952354 2.5706797555019683 85.16293334960938 -75.75944213867187 66.57661743164063
H 5.307201234257088 7.258063275174126 1.9832731513357764 -9.681543731689453 -12.857989501953126 33.805371093750004
H 3.8095564235189983 6.7295575289630625 2.85352688447082 5.050686645507813 21.161077880859377 10.262640380859375
C 4.7676423743182825 5.21598139075377 1.7147415902125522 93.84979858398438 -23.110047912597658 110.6007080078125
O 5.643764727887923 4.343318889073536 1.75298622985648 -49.27207641601563 61.2572509765625 0.8797104835510254
N 3.7195540689403623 5.180354234456579 0.9531944173664104 -84.224462890625 68.0545166015625 -247.55214843750002
H 3.2068918660814 6.078537055797461 0.8998549355189724 18.568545532226562 -112.09815673828126 14.832124328613283
C 3.486554561209437 4.207339791844083 -0.16597916539063795 -19.28641052246094 294.9714599609375 -1.2598683357238771
H 3.558229521317678 3.2723484225156914 0.2867855939781685 -34.37859802246094 -139.5176513671875 46.58338317871094
C 2.009735376921932 4.5000777244823205 -0.6812505403917012 138.80262451171876 -279.9893798828125 39.21227111816407
H 1.9385499007766618 5.442140665681102 -1.1487986929155256 -0.4173931121826172 88.029541015625 -54.753082275390625
H 1.817806444001041 3.6553342710429604 -1.3996814830627735 -23.033206176757815 99.01051635742188 42.77931823730469
H 1.2824975579431972 4.4257003570078295 0.14307659730254582 25.924136352539065 5.800418090820313 -19.571405029296876
C 4.583144132117858 4.151351790462382 -1.311921152202762 6.816627502441406 -230.40615234375002 49.80328369140625
O 4.336876274833819 3.4117210856000835 -2.269046371049292 -22.196835327148438 98.385595703125 -35.777410888671874
N 5.8691541668425256 4.524923678947451 -1.1055461748525397 -351.32634277343755 26.663372802734376 82.84607543945313
H 5.97661314267102 4.77848285601897 -0.12586113916628597 130.30634765625 33.66651916503906 -42.30213317871094
C 6.734025406096178 4.8216128131583975 -2.207358394169525 227.70891113281252 -186.21888427734376 174.23143310546877
H 6.549007094158405 5.797826048253945 -2.497213007016547 -6.113238906860352 139.27216796875 -93.33480224609376
H 7.770739396139134 4.662853680973536 -1.8287695153797368 -53.7805419921875 57.291748046875 -30.852862548828128
H 6.645394593172618 4.047066275971743 -2.9567573657148714 -36.489767456054686 17.25831451416016 -59.787109375
22
22.42291259765625
H 5.4036645227614875 6.195820999619719 3.5105355112406915 -49.510351562500006 44.05588989257813 -105.61383056640625
C 4.826575052325996 6.459300494761577 2.5722565105508925 99.98771362304689 -27.65988464355469 74.0397705078125
H 5.324304534214494 7.258350807517725 1.9748779824002483 -34.444879150390626 -40.72830505371094 57.35567626953125
H 3.805567350289192 6.728628246133419 2.8613559020945174 21.42547607421875 18.736021423339846 -0.08678159713745118
C 4.766793170138362 5.217448380695875 1.7178341628141236 91.5895751953125 -53.87734375 90.98358154296875
O 5.643787090122407 4.341766638070931 1.751705294646222 -56.44072265625 72.06115112304688 4.875931930541992
N 3.7185551279260203 5.180290123754449 0.9499565395507226 -41.27827453613281 34.66976623535157 -220.31953125
H 3.219150397339155 6.068597079234749 0.8960158500563326 -11.940877532958986 -66.3134033203125 10.005979919433594
C 3.486866641689427 4.208754140504744 -0.16579697011634892 -26.24398193359375 336.74460449218753 -32.440765380859375
H 3.559806480463691 3.2897785988565604 0.271348382771338 -33.816827392578126 -192.19549560546875 76.00288696289063
C 2.0129256995821434 4.501688592926095 -0.6851075193634966 99.63283691406251 -315.81003417968753 126.3849853515625
H 1.9455771272626377 5.425570114948127 -1.1454700076758066 -5.4647064208984375 139.62517089843752 -76.5453369140625
H 1.8174740061429282 3.6692376640572455 -1.4019790539131556 -23.368655395507815 76.79069213867187 26.713674926757815
H 1.2702568878420506 4.417953373319783 0.15403148246180726 66.25602416992187 14.38688201904297 -66.527880859375
C 4.580769612158864 4.149854505322064 -1.3074112668758577 29.015548706054688 -235.091552734375 14.26349334716797
O 4.335382884305027 3.41006026513264 -2.2710763846835698 -21.284873962402344 110.66788330078126 -14.51322479248047
N 5.870518630169984 4.5253540760875595 -1.1063323541980101 -367.08671875000005 30.001348876953127 108.50579833984375
H 5.985654515043448 4.777183648570906 -0.12367078182009614 124.20257568359375 29.43701171875 -53.434973144531256
C 6.732265967740546 4.827375871686792 -2.2034512124086825 239.59230957031252 -272.0263671875 117.02132568359376
H 6.553900143095271 5.796200266879067 -2.4954596621991967 -9.639563751220704 160.28194580078127 -95.78619384765625
H 7.768489433533787 4.657766406619997 -1.8177674292213988 -60.97322998046875 63.139355468750004 -36.88501892089844
H 6.645011475564195 4.03372335708418 -2.973389297191945 -30.20840759277344 73.10465698242187 -3.9995513916015626
22
32.26312255859375
H 5.402554334714768 6.205735415599611 3.5205915637219287 -52.334527587890626 36.56017761230469 -116.48800048828126
C 4.8272653523525015 6.455764913572342 2.573947226024675 108.77797851562501 18.37822723388672 77.28811645507812
H 5.34066432518708 7.257238290839205 1.9682029013733349 -56.894622802734375 -64.09894409179688 77.56076049804688
H 3.8020605022629477 6.728019703986349 2.869007245955652 36.93540649414063 16.10012664794922 -10.249050903320313
C 4.766187239218998 5.218754363533977 1.72108742922649 85.55520629882812 -83.02313232421875 69.08047485351562
O 5.643684305963111 4.340348598676497 1.7503933863062615 -61.94682006835938 81.31874389648438 9.210683441162109
N 3.7174292068821035 5.180199628315732 0.9462807653051125 6.502412414550782 -3.4162872314453128 -189.13992919921876
H 3.231452595737877 6.056703799247778 0.8924457907345626 -44.96314086914063 -14.671099853515626 4.53492431640625
C 3.4871304754602503 4.210707413154456 -0.16566674846933205 -32.27092590332031 361.430859375 -58.768212890625
H 3.5604197236863278 3.3025717459923296 0.2574934608503008 -33.29341125488281 -231.0281982421875 98.89384155273439
C 2.016310502508886 4.502654032270595 -0.688719589004005 63.02767333984375 -334.54020996093755 205.884375
H 1.9525783797498963 5.412104759200823 -1.1437626040216229 -9.626842498779297 180.66495361328126 -92.81721801757813
H 1.8163050969589043 3.6851704662785534 -1.4036947708955505 -24.133715820312503 49.969729614257815 7.507281494140625
H 1.2597626691731003 4.410438023350836 0.1636806587830797 102.60029296875001 22.724742126464847 -108.60936279296875
C 4.578487766998374 4.148127211051706 -1.3030889965751165 49.421337890625004 -238.16069335937502 -18.45354766845703
O 4.333831474123702 3.4084212675929306 -2.273139368898608 -20.34699859619141 122.10115966796876 5.961289978027344
N 5.871478510072751 4.525807114993268 -1.1068044354020419 -377.9746337890625 32.68407287597656 125.60499267578126
H 5.997077386940885 4.7762990288644485 -0.12363791942977204 116.25972900390626 26.090939331054688 -57.80109252929688
C 6.730898395644438 4.832463741504788 -2.1993802472254 241.26687011718752 -337.62082519531253 53.48663330078125
H 6.558119135220036 5.798922633756174 -2.4964119505321487 -10.608264160156251 165.931005859375 -92.77733154296875
H 7.764739109209171 4.654120353487779 -1.8078560674673982 -62.01082763671875 67.04569091796876 -40.58448181152344
H 6.643956245008131 4.021936287173991 -2.9903375642518264 -23.942166137695313 125.55894775390625 50.674841308593756
22
41.51483154296875
H 5.400179473038284 6.217090607202952 3.5278650251994237 -50.507205200195315 26.81365966796875 -119.4616455078125
C 4.828129391101941 6.452411297517383 2.575780076145411 111.6065673828125 60.28328857421875 75.70062255859375
H 5.355633179525054 7.254606729984041 1.9632560010468425 -76.08943481445313 -81.93251342773438 93.61463623046876
H 3.799383774443727 6.727636297032024 2.8762439940315296 50.45748291015625 13.63492889404297 -19.671951293945312
C 4.76578719710241 5.219949143725829 1.7243411880767199 76.72168579101563 -109.82631835937501 46.186840820312504
O 5.643448516004889 4.339139896185604 1.7490390279524215 -65.85562133789062 88.99634399414063 13.735964965820314
N 3.716261038673461 5.180088538960979 0.9422422926710172 54.226843261718756 -40.31366882324219 -156.0235595703125
H 3.2424772522314655 6.044379652927823 0.8888141235310131 -76.67380981445312 36.60396118164063 -0.7806523799896241
C 3.4872325544758196 4.213205920754682 -0.1657281386557259 -36.61015930175781 366.4397705078125 -78.03799438476562
H 3.5597291415587695 3.309889083883302 0.2458004106563319 -32.94063720703125 -253.2409423828125 114.005224609375
C 2.0197845567619757 4.503006161292691 -0.6919013897018743 31.340866088867188 -332.534619140625 271.07651367187503
H 1.9594640226992288 5.4033490635032235 -1.144339246450974 -12.711444091796876 206.58342285156252 -101.35099487304689
H 1.8143995822886931 3.7024688058092514 -1.4047596545212753 -25.304867553710938 20.056660461425782 -13.998049926757814
H 1.251781191197669 4.403291938055179 0.17102015129830672 132.23115234375 30.30792236328125 -142.61861572265624
C 4.576324645023188 4.146153042459022 -1.299005368687247 67.46658935546876 -239.470068359375 -47.8507568359375
O 4.332255361039959 3.4068354501974247 -2.2751904608622655 -19.381028747558595 132.4037841796875 25.223948669433597
N 5.87191534530887 4.526403999284563 -1.1069677550906039 -383.24724121093755 34.9001708984375 134.59619140625
H 6.010971551804818 4.775815118803367 -0.12559937898473267 106.29947509765626 23.375280761718752 -56.11700439453125
C 6.729991156922238 4.836771945324514 -2.1951773862557817 231.57814941406252 -377.9310546875 -12.427027893066407
H 6.562274117085696 5.80608434874638 -2.4995778510864466 -9.362430572509766 156.27413330078127 -84.50563964843751
H 7.758894085726986 4.652194984166247 -1.799099848918126 -55.1102294921875 68.34932861328126 -41.130950927734375
H 6.642672322024086 4.013046480905223 -3.0060225983268083 -18.134719848632812 170.22655029296877 99.8348876953125
22
46.71173095703125
H 5.396662973482295 6.229402979150232 3.532317090824555 -44.22209777832032 15.364077758789064 -114.54796142578125
C 4.829234204436945 6.449227264584028 2.5777815133203195 108.93758544921876 94.73046875 70.32168579101562
H 5.36871294630504 7.249500888458611 1.9604752995719577 -90.233154296875 -91.99190063476563 103.85269775390626
H 3.798332342771352 6.727536631886867 2.882702289118621 59.995361328125 11.83710174560547 -27.662026977539064
C 4.765643652861231 5.220950446430174 1.7277040965221153 65.67966918945312 -134.2691650390625 22.53649139404297
O 5.643278292642532 4.338104949014053 1.7477872523574867 -68.4722412109375 95.2564697265625 18.379600524902344
N 3.7152339964777594 5.179944156453925 0.9379306139316932 98.56365966796875 -70.28349609375 -121.40041503906251
H 3.251366221437216 6.033073798698244 0.885300270523373 -104.07733154296875 81.8650390625 -5.508199691772461
C 3.4873111381296766 4.216390138658155 -0.1658594406534397 -39.61197204589844 350.2199951171875 -90.56002807617188
H 3.557725115621621 3.3113791339328413 0.23627156450401046 -32.75226745605469 -257.61787109375 121.21912841796876
C 2.0232990826531267 4.502719017113366 -0.6944362241222708 7.659700775146485 -311.0308349609375 315.1878173828125
H 1.9658544076334963 5.3995069087057335 -1.1473811934679388 -14.694113159179688 216.39797363281252 -101.53212280273438
H 1.8119125049881637 3.720158614754215 -1.4059472953992276 -26.366986083984376 -10.102125549316407 -35.30836791992188
H 1.247371042026468 4.396481685677909 0.17489327737509291 151.8152587890625 36.49918212890625 -164.845703125
C 4.574331163864759 4.143926052584066 -1.295154250883817 82.95525512695313 -238.753271484375 -73.39631958007813
O 4.330668795663578 3.4053903671373433 -2.2771830645110356 -18.50366668701172 141.34952392578126 42.99208984375
N 5.871843651554184 4.5269944937603395 -1.106762731281343 -382.29069824218755 37.09958190917969 136.28056640625002
H 6.027333349066887 4.77541784551168 -0.12917528518832233 94.31826782226562 21.020178222656252 -49.591912841796876
C 6.729531300248245 4.840344932014687 -2.190979345689152 213.11992187500002 -390.3452880859375 -74.7879150390625
H 6.566313852989114 5.817408681246693 -2.5047405744777214 -6.354860305786133 132.31837158203126 -71.33852539062501
H 7.751751814043434 4.652100639450247 -1.7913202792320226 -42.477734375000004 67.27862548828125 -39.28959350585938
H 6.641121918772859 4.008190313661312 -3.018700749281924 -12.987539672851563 203.15736083984376 138.9990234375
22
45.53289794921875
H 5.391968851865289 6.242361769841308 3.534272163807761 -34.0981689453125 2.815862274169922 -102.72347412109376
C 4.830498462614311 6.446248146569786 2.5798644650437734 99.72371826171876 119.60350341796875 63.38572998046875
H 5.379240707343681 7.241621300083462 1.9603111992681332 -97.91144409179688 -92.955615234375 106.97288818359375
H 3.7987276689283207 6.727782550934459 2.8881823970398353 65.74939575195313 10.670092773437501 -34.1894775390625
C 4.765609404507179 5.221671375381277 1.7311394697661213 52.981622314453126 -155.76585693359377 -1.4137145996093752
O 5.643047302833677 4.337220698722614 1.7465407090351748 -69.71995239257812 99.95111694335938 23.178582763671876
N 3.7143398830677836 5.179752849861202 0.9334110639789914 136.523828125 -89.61732177734376 -86.95195922851563
H 3.2573869445592596 6.023764586807228 0.8815986815222954 -125.05301513671876 117.21209716796875 -9.062628173828125
C 3.4872104059023252 4.220192168032893 -0.16616447632710557 -40.331494140625004 312.323876953125 -95.20131835937501
H 3.5549216286722634 3.3070663286893307 0.2298052216960259 -32.95765075683594 -243.2386474609375 120.02850341796875
C 2.0267072998500497 4.50185076346597 -0.6962970585516113 -7.51605453491211 -273.01669921875003 333.951611328125
H 1.9715727027789032 5.400520317688141 -1.1527982078273382 -15.597929382324219 210.44045410156252 -93.51466064453126
H 1.8085403266809625 3.7374095812889276 -1.4082207934459854 -26.573513793945313 -37.634402465820315 -53.89551391601563
H 1.246572975270618 4.390234079661379 0.17444693602634398 160.02991943359376 40.79687194824219 -173.47542724609377
C 4.572503931525994 4.141482024949126 -1.29164089531391 94.940673828125 -236.1343505859375 -94.42275390625001
O 4.328910870041431 3.404147373941547 -2.279068283533908 -17.560897827148438 148.7283447265625 58.75863037109375
N 5.871140419593502 4.527598013376862 -1.1062307094571975 -374.81437988281255 39.19920654296875 130.50322265625002
H 6.045838018954606 4.775015029971172 -0.13440124114724705 80.57863769531251 19.06085205078125 -38.41435852050782
C 6.729400345612845 4.843137579747692 -2.1869504977489322 186.7597412109375 -374.92453613281253 -130.32039794921874
H 6.570122703261244 5.8319529460932715 -2.5116920093339807 -2.0913913726806643 96.67186889648438 -53.92772216796875
H 7.743317495385225 4.653758362172698 -1.784604990637231 -24.446011352539063 63.877862548828126 -35.17366943359375
H 6.639123392800056 4.0084113993775 -3.027952974124735 -8.615649414062501 221.9354248046875 165.90792236328127
22
-4.153594970703125
H 5.446925120355011 6.16763318981908 3.5882982608147254 -58.691113281250004 9.077424621582031 -53.104461669921875
C 4.873886174943099 6.404203383518158 2.6606171385151507 -16.042019653320313 69.87018432617188 -116.91151123046876
H 5.421733628449229 7.195565187623342 2.060932919491108 -36.794168090820314 -101.18043823242188 78.46865234375001
H 3.864845834599437 6.864094044342415 2.8066938009387976 75.22511596679688 -57.86694946289063 43.94195251464844
C 4.733657740251999 5.163962152818943 1.7470327034936715 36.6439453125 194.42237548828126 32.151327514648436
O 5.624296570522382 4.339249844618399 1.729357323884519 0.7504455566406251 -60.04351806640625 24.43975067138672
N 3.7536110908775644 5.224888196847016 0.8447940312638204 17.76162567138672 -135.7475830078125 -51.217932128906256
H 3.071964894397832 5.930025862712139 0.8775747200686523 -29.42366638183594 92.53032836914063 40.91124572753907
C 3.4864527276798962 4.213917804029025 -0.194876804956485 14.285240173339844 132.63311767578125 9.061614227294923
H 3.3519606714948402 3.3259807786055746 0.3077379637508648 32.75992431640625 -173.38876953125 64.26995849609375
C 2.109002996306804 4.496953137916658 -0.7541066262370513 -112.76455078125001 7.430957794189453 273.7995849609375
H 2.0746923981283913 5.498518263983193 -1.0676856912238075 -8.81427230834961 98.38840942382814 -74.59404907226563
H 1.8911710191362483 3.819279525779155 -1.5249592765783575 -42.07992858886719 -66.99080810546876 -91.91730346679688
H 1.345051094086641 4.399274461537631 0.10268547297169724 105.14276123046875 -1.2232867240905763 -140.57274169921877
C 4.562307843691447 4.0447854541634145 -1.290789600244382 80.58818359375 36.25552062988282 203.73035888671876
O 4.283096167234589 3.418195841902625 -2.2797371035389844 -2.4595901489257814 -18.110597229003908 -137.7406005859375
N 5.793361877414451 4.562698836419646 -1.0508173400749097 64.29147338867188 -1.2089651107788086 -217.84121093750002
H 6.14638812672157 4.671374606750442 -0.11962847941923418 -56.31787109375 14.01553955078125 66.17548828125
C 6.76345059732093 4.891899563709665 -2.1342583204407175 -96.92694702148438 -130.86534423828127 -202.35246582031252
H 6.62097494482885 5.912853857997675 -2.475623250645522 -16.939428710937502 18.671022033691408 19.115872192382813
H 7.810346941332844 4.835446108113813 -1.8156074554882784 -19.000508117675782 -35.78868103027344 8.210398864746095
H 6.53889850441381 4.251911489764904 -3.10185261438813 68.80534057617187 109.12005615234375 221.97607421875
