22
-2.943115234375
H 2.93909871423079 7.895688203671476 0.9985341823015927 -24.19312286376953 -40.651858520507815 -29.66510009765625
C 3.9371475857843174 7.6751309911501036 1.3463192585042076 -14.001980590820313 -16.253680419921874 62.633312988281254
H 3.9321645414791635 8.019262031390596 2.403281799913701 42.728179931640625 -44.49651794433594 -53.75130615234375
H 4.619115096394294 8.23471717855421 0.7379862034500818 34.66220397949219 41.66097717285157 -6.656473541259766
C 4.338161823772543 6.2003488963744715 1.2046386033740726 -1.2331911087036134 -145.77958984375002 -108.87429199218751
O 5.295391879205219 5.717970050102426 1.8070566555075718 -37.008935546875 67.27674560546875 36.225146484375
N 3.7228375875585673 5.411832507647686 0.27411954295539337 -10.977359771728516 314.79509277343755 114.648681640625
H 3.100273062961667 5.812059650749019 -0.40069514268348283 -17.09936981201172 53.5599853515625 22.17689666748047
C 3.7873652575795047 4.03152541359505 0.17246030652714658 9.004080963134767 -170.53277587890625 -66.57737426757812
H 3.951375424584157 3.4922375202091684 1.0593258537933186 31.016839599609376 32.70514831542969 154.00798339843752
C 2.3963667816293976 3.5804938132069353 -0.22572825646319325 -133.63294677734376 -17.29793395996094 36.5170166015625
H 2.0559411743480234 3.9565624939616906 -1.2062098561431434 44.8115478515625 -22.884136962890626 17.757070922851565
H 2.494534049756935 2.5078251358517183 -0.1911865642853422 -47.52701110839844 -46.06215515136719 -48.65696716308594
H 1.5850462288084877 3.8149615342299743 0.5271248454932715 111.49078369140625 5.409494400024414 -55.057098388671875
C 4.918848194178571 3.5003120700618795 -0.7076198827094337 86.9388427734375 -59.58435668945313 -197.40523681640627
O 4.927279488198489 2.3081887323532984 -1.0535647040314031 -13.174359130859376 55.15385131835938 23.81026611328125
N 5.840297581461261 4.363673753002221 -1.2152290212157033 -42.774365234375004 -20.039569091796878 136.80338134765626
H 5.902937715325799 5.190726995214554 -0.621593564276222 34.56661376953125 8.273581695556642 -77.05599975585938
C 6.828899747767666 4.083199105025215 -2.2882488815861115 -115.12740478515626 59.11738891601563 -77.5192138671875
H 7.861773772003091 4.176143614988538 -1.9747146852031374 12.480099487304688 7.771279907226563 30.872802734375
H 6.649050343857699 3.0694015176587013 -2.648162744555143 21.245530700683595 -7.663408660888672 -2.1026626586914063
H 6.629710098546958 4.763538557605215 -3.1655098771828456 27.805322265625 -54.477587890625 87.86916503906251
22
0.28759765625
H 2.947084103658782 7.892166355301697 0.9932158540587653 -32.13992919921875 -35.07315368652344 -22.223663330078125
C 3.9416558840518694 7.6788132573658725 1.3483338318050353 -37.669351196289064 -56.92806396484375 76.97031860351564
H 3.9436806759231215 8.01109684177591 2.4128465628335833 41.155520629882815 -36.67363586425781 -67.40155639648438
H 4.6033538942160686 8.224740626124806 0.7256400111812196 60.893811035156254 62.17413330078125 -17.841575622558594
C 4.334376201363646 6.200125236155547 1.202754568541481 32.06206970214844 -144.24080810546874 -86.280810546875
O 5.29518367031751 5.7171589641642395 1.8084532045288435 -54.78480834960938 72.71627197265626 23.96091766357422
N 3.7216187521058757 5.411099450540697 0.2739344677572722 -4.104593276977539 322.63427734375 129.17354736328124
H 3.090991285023732 5.813303972231231 -0.38405658907181056 -28.53582763671875 54.997998046875004 5.757601165771485
C 3.789191386026216 4.034531850813459 0.17376080720421028 3.213496017456055 -207.435302734375 -57.28612060546875
H 3.958361974238306 3.4820155186962687 1.0615212756427346 25.082434082031252 49.47389221191406 138.27930908203126
C 2.3960071656035287 3.5817991803766107 -0.2246194918453319 -158.65137939453126 5.315915679931641 5.025421905517579
H 2.0481712370212084 3.957440077730197 -1.2183132723587327 60.24039916992188 -33.99930114746094 52.660534667968754
H 2.4950943548346074 2.5125492148934008 -0.1924632626122364 -45.9258056640625 -55.49515991210938 -46.904003906250004
H 1.5720547789421924 3.812364434636196 0.5232851715136551 126.707763671875 4.392086410522461 -59.17872924804688
C 4.918223023353066 3.4970771180159996 -0.7072436337135404 105.45579833984375 -17.147386169433595 -199.05299072265626
O 4.927892361513942 2.3100332521165248 -1.0550487585781583 -18.183128356933594 34.17415161132813 21.080496215820315
N 5.844963358309958 4.362287467404485 -1.2143348375175391 -70.46133422851562 -81.22150268554688 113.30855712890626
H 5.901809770545362 5.178726981317508 -0.6353053410680389 40.70404052734375 60.18780517578125 -41.86394348144532
C 6.825209705063884 4.082351754050329 -2.2901059981822307 -110.81960449218751 78.66295166015625 -70.76576538085938
H 7.855981065509827 4.1866456854228655 -1.987233719380076 23.17953033447266 6.524946594238282 36.198648071289064
H 6.64854652177892 3.0716147132665927 -2.6336859200315095 19.56983642578125 -29.25567626953125 -14.877650451660157
H 6.623402853930913 4.760802701074233 -3.1653561479398418 23.01106872558594 -53.784460449218756 81.26148071289063
22
4.465728759765625
H 2.9546467495309594 7.887391527722128 0.9871547428907919 -38.85198974609375 -29.00080261230469 -13.581196594238282
C 3.9461862463682373 7.682516785958942 1.3504772021890779 -57.44261474609375 -97.36583862304688 81.54242553710938
H 3.956156830549327 8.001791329339644 2.4206386285546158 38.88415222167969 -26.801629638671876 -75.6258056640625
H 4.589215200059283 8.216145707568298 0.713190970616989 82.49915771484376 78.99386596679688 -26.171008300781253
C 4.330680297322318 6.199627682847227 1.200704149840873 65.73240356445312 -138.54298095703126 -61.87608032226563
O 5.294902828031518 5.716544756863568 1.8098716269473336 -71.83772583007813 77.13134155273438 11.819384765625001
N 3.7203954625675766 5.410997080364748 0.27388363887550743 0.5436484813690186 326.71562500000005 138.738525390625
H 3.081293817195736 5.815716761358935 -0.36743288829149734 -38.334661865234374 55.127722167968756 -8.252598571777344
C 3.79103173675973 4.037124461930575 0.17491548828842907 -1.0718962669372558 -242.72377929687502 -42.75226440429688
H 3.9662381465118335 3.4728790400983867 1.0665096167298347 17.886827087402345 67.79136962890625 116.91187744140626
C 2.395361404107798 3.5830977035740763 -0.22366308580254085 -173.0479736328125 18.038816833496096 -27.518295288085938
H 2.04176253471143 3.957442586589259 -1.2287414821684586 73.18280639648438 -42.21315002441406 81.84869384765625
H 2.494423078968419 2.515433462823112 -0.19516144005361546 -44.18626708984375 -59.8533203125 -44.589636230468756
H 1.5622707053303797 3.809732823543412 0.5174058906410874 134.0393798828125 5.390082168579102 -56.701593017578126
C 4.9180044057803185 3.493793126524056 -0.7073672453646762 120.29462890625001 25.54512176513672 -196.762548828125
O 4.928504070200017 2.312046680220441 -1.05645672781286 -22.490393066406252 11.71760711669922 17.22756042480469
N 5.8494787137784545 4.3608143220814375 -1.2132712061171567 -93.53358764648438 -139.70526123046875 87.9244384765625
H 5.901874300828639 5.167701492436026 -0.6498944208232598 44.84920959472657 110.62119140625 -7.250662994384766
C 6.8214606123179085 4.081712807915099 -2.292096573988272 -102.08037719726563 90.63104248046875 -57.19464721679688
H 7.851128809981184 4.197270198268757 -1.9991503221757276 30.318600463867188 5.126608276367188 40.18968505859375
H 6.648520229166442 3.0733029997775834 -2.6198962691558654 18.232136535644532 -48.51265869140625 -26.33778991699219
H 6.618067387066077 4.756528831736684 -3.1632131680196163 16.41453857421875 -48.110964965820315 68.41153564453126
