22
-4.45147705078125
H 5.659601272356159 7.627605973271275 2.4119250428713714 105.2263671875 -23.924989318847658 30.324771118164065
C 4.799322110456 7.33958834354652 1.87129813591835 -118.27895507812501 -50.64364929199219 -37.215606689453125
H 4.744294258519472 7.9392917082827585 1.0053253885722895 -23.434751892089846 89.19475708007813 -52.90848999023438
H 3.972111699531859 7.509013436113521 2.545402709502924 -41.23275451660157 -17.10037078857422 -12.071412658691408
C 4.828165217236526 5.925571879303812 1.3162402886402242 79.04685668945314 -52.852368164062504 98.16736450195313
O 5.907322880490349 5.3204758266419185 1.4674170238178617 -115.7260498046875 26.832742309570314 -53.60911254882813
N 3.7231123266856474 5.387725410722654 0.7300104316974978 193.51146240234377 -77.49458618164063 12.317527008056642
H 2.847385054839115 5.763130977835821 0.8618364266543088 -115.818359375 137.3671875 20.53030700683594
C 3.6614380379134728 4.0304218845767075 0.17595505082489885 -114.18753662109376 59.41279907226563 62.202606201171875
H 3.9880696213199833 3.396324656153704 1.0091012713287697 18.01118316650391 -30.209963989257815 -51.07575378417969
C 2.1805731890370907 3.69197007099212 -0.129442347401716 -145.8380859375 -124.11156005859375 78.37996215820313
H 1.7448004022702364 4.3584396932228335 -0.8689899622199505 21.43288726806641 26.29830322265625 -5.951812744140625
H 2.0734676809104835 2.6499331168492644 -0.5723287445098716 24.587704467773438 111.378173828125 68.76649169921875
H 1.5163218921898205 3.7235105655962393 0.7947396136886065 104.33109130859376 5.827993392944336 -94.7479736328125
C 4.490856623317708 3.7789985059341937 -1.074894863562639 -88.65980224609376 -214.04506835937502 88.74083862304688
O 4.161016904470006 2.851767394946333 -1.808950538942295 32.03761291503906 18.327980041503906 -64.77003784179688
N 5.605087943004273 4.412010599543267 -1.1817810047807225 12.138469696044922 25.142755126953126 -96.01301879882813
H 5.7527282173256635 5.145031290989418 -0.5636555130244425 41.62012634277344 89.26240844726563 112.09703369140625
C 6.621447035634809 4.112912325511812 -2.1061347506567265 348.37004394531255 74.58124389648438 -69.94754638671876
H 7.647251818214965 4.204523868089252 -1.616267348156748 -135.93303222656252 -24.459068298339844 -37.14598388671875
H 6.577546849176192 3.162940783412864 -2.5986849678398247 -49.92833557128907 -73.3117431640625 11.689237976074219
H 6.65358432911793 4.844968772910595 -2.9040649525524556 -31.276126098632815 24.527021789550783 -7.7593933105468755
22
-2.615509033203125
H 5.655333341048783 7.638554069604995 2.4215843563807167 104.04405517578125 -29.80926513671875 26.436553955078125
C 4.802707712300174 7.3407699793019905 1.8705646066367787 -125.41054687500001 -70.99041137695313 -25.991839599609378
H 4.749027542890683 7.930327390904557 1.0062616880371429 -24.622055053710938 103.85723876953125 -68.07059936523437
H 3.9704407545470133 7.497317879648445 2.5370164116843603 -46.099307250976565 -8.624486541748047 -8.024859619140626
C 4.823637510402845 5.924515941498298 1.3164119182613283 142.07723388671874 -53.003387451171875 114.3447021484375
O 5.908856391551177 5.321085335517349 1.4709533573168607 -138.6502685546875 32.872988891601565 -58.8318115234375
N 3.7249555131611944 5.387002738403298 0.7322354494536542 156.2015380859375 -70.84835205078126 6.279640579223633
H 2.8516342871294427 5.779364952346226 0.8734184662355013 -101.29616088867188 117.17911376953126 11.147885894775392
C 3.6615382880655423 4.026611831621356 0.17424359193763211 -126.69893798828126 85.17269287109376 70.43528442382812
H 3.995689545263218 3.402782444962436 1.0095613799366776 15.81189422607422 -40.24127197265625 -49.89527893066406
C 2.1776303923609563 3.692999883419548 -0.13185603334229412 -110.59096679687501 -150.57939453125002 129.485546875
H 1.76409026281238 4.342695134687904 -0.8728823415377994 -5.315852737426758 57.40861206054688 -37.49773254394531
H 2.0720117448576936 2.6500766292177507 -0.5618985390381055 22.360488891601562 101.60107421875 61.49317016601563
H 1.5161048129085661 3.7274723907717444 0.7973305668248437 103.63724365234376 9.329640960693359 -104.58400878906251
C 4.48610646244916 3.7802865965404098 -1.077179384805996 -60.458428955078126 -208.6218017578125 86.23992919921875
O 4.160845259760751 2.852760780223213 -1.8099685928895481 26.021258544921878 13.676704406738281 -69.82261352539062
N 5.606889965253522 4.4102782828556535 -1.1809380039882333 -8.669016265869141 -0.058441913127899175 -105.62034912109375
H 5.750348687120919 5.1375597093628125 -0.5668154631415049 47.952935791015626 110.01198730468751 129.07388916015626
C 6.621455063529016 4.116147680395692 -2.108008862599784 360.64326171875 54.147210693359376 -77.72236938476563
H 7.65509796221914 4.201726478139204 -1.6212735188520966 -151.1425537109375 -19.017256164550783 -40.86896667480469
H 6.584409344419053 3.151873981316844 -2.592402489587334 -51.306396484375 -47.69105529785156 17.105392456054688
H 6.644536108730119 4.855276119252004 -2.903810464265625 -28.489437866210938 14.2278564453125 -5.111584854125977
