22
42.600555419921875
H 5.583731160833908 7.09246600006865 3.0406990384234316 39.12382202148438 -15.98744354248047 -12.098132324218751
C 4.688924922968661 6.867515105393274 2.476788577177963 61.350244140625 -214.4107177734375 -76.07776489257813
H 4.492536021247313 7.716047215786343 1.85480874490713 -54.2111083984375 38.96678466796875 -16.925865173339844
H 3.9601131334922863 6.60408563308697 3.2400694604635034 -42.18801574707032 44.26949157714844 -21.87360076904297
C 4.877202727263153 5.575146741289289 1.58464037424743 -268.701904296875 270.84833984375 96.15776977539063
O 5.885508372842953 4.952141272280378 1.743859606645233 74.617626953125 -128.81431884765627 -50.45401306152344
N 3.8037437888684917 5.282626189466081 0.7754361189648751 299.76926269531253 -61.72276611328125 114.86160888671876
H 3.209175943783882 6.06789333852067 0.5734116529989387 -51.200244140625 -34.58525085449219 -5.450805282592774
C 3.645390774292125 3.9891554135130165 0.0492385588237506 -247.1506103515625 -58.58027954101563 -237.88308105468752
H 3.8636029639334946 3.046671994567016 0.5323968614167017 -8.403277587890626 38.767434692382814 139.81468505859377
C 2.11986602129497 3.959568525004058 -0.42867838659035096 293.8730712890625 275.892724609375 6.226950454711915
H 1.9771806480170515 4.821985747884697 -1.1391978657391046 -9.109098052978515 -71.72930908203125 72.31524047851563
H 1.8574941981459927 3.1113541882374833 -0.9435576268484686 -37.96029357910157 -176.679150390625 -57.765496826171876
H 1.5798775986048377 4.12510842073889 0.43848323275205964 -137.70626220703124 -5.18881950378418 104.63236083984376
C 4.508796947295517 3.7777317704500812 -1.1994646353674479 87.54066162109376 329.8144775390625 -142.6123291015625
O 3.992676414882306 3.724830963742212 -2.334052612769132 51.7947021484375 -114.73228759765625 66.34019165039062
N 5.755138203666727 4.32546932681401 -1.1310470511116966 -142.23553466796875 -149.02165527343752 -57.64902954101563
H 5.963000881334817 4.795699317808816 -0.2762205006708752 64.75873413085938 3.374436950683594 47.24385986328125
C 6.72035210690169 4.266184259987698 -2.2314416687740968 -48.90964050292969 189.9739501953125 -82.64412841796876
H 6.269924435871887 4.620988442712817 -3.2207259942649067 40.43330383300781 -42.76378173828125 135.19847412109377
H 7.554727999929797 4.932924199436338 -1.9764670126469106 -3.484983825683594 -24.147938537597657 -15.461946105957033
H 7.062015455280413 3.2760719251263932 -2.363884516416937 37.99956970214844 -93.54392700195314 -5.894968795776368
22
43.98370361328125
H 5.60125090517815 7.105045644388575 3.0504713335013163 -10.88392333984375 -33.940878295898436 -43.105316162109375
C 4.688001623195005 6.868168520536812 2.4794009919624296 112.12047119140625 -216.190185546875 -27.837124633789063
H 4.502673266520285 7.713134083052907 1.859995850313751 -63.55444946289063 52.828955078125006 -26.812356567382814
H 3.962264773558965 6.6039834335405025 3.2514455037717416 -36.43333129882813 48.74148864746094 -31.809246826171876
C 4.874213733588416 5.575546039790392 1.586021568919358 -239.474560546875 261.46213378906253 103.75037841796876
O 5.886432586040059 4.951322247828346 1.7442181118305844 58.818090820312506 -118.80067138671876 -52.23602294921875
N 3.8057502809787986 5.2830840674099715 0.7746737570200624 277.65842285156253 -65.59459228515625 99.06354980468751
H 3.209253916220943 6.069893794117958 0.5739330846430368 -46.743569946289064 -40.450268554687504 -4.18881950378418
C 3.6424075604841692 3.985059914519656 0.0467789946001184 -236.89506835937502 14.957000732421875 -235.3196533203125
H 3.869685885217252 3.0696582929019307 0.5338109404018198 -3.4655403137207035 -13.755804443359375 158.0021728515625
C 2.1209269782131717 3.958889294793363 -0.42970961532624335 306.45969238281253 275.053271484375 -37.533807373046876
H 1.9821882893675002 4.823332515365109 -1.1423331661492375 -9.428453826904297 -74.768359375 79.15521240234375
H 1.860089857591719 3.119399100208965 -0.9539126811087153 -39.871987915039064 -184.57353515625002 -61.232275390625006
H 1.5809341826211014 4.116742558896295 0.42011362243819655 -159.74831542968752 1.9958517074584963 141.929443359375
C 4.505125594078402 3.7780557864599533 -1.1999822451402882 118.33470458984375 329.09892578125005 -132.8258056640625
O 3.99221339645778 3.725083427037177 -2.330173042087033 41.16710205078125 -116.47745361328126 43.27451782226563
N 5.756175065322844 4.325126791478796 -1.134006351615936 -154.5790771484375 -132.2657470703125 -13.1184814453125
H 5.954461879792795 4.806685745794231 -0.26667087371597653 62.07902221679688 -19.421942138671877 1.3531931877136232
C 6.724283369994959 4.267318579730334 -2.235305012688458 -89.97363891601563 150.75623779296876 -34.1072998046875
H 6.276642197831381 4.616418767230744 -3.209085125035451 25.950161743164063 -27.221524047851563 93.95213623046875
H 7.532861420472141 4.929456577274304 -1.9659413862076291 43.274755859375006 4.9891498565673835 -11.916159057617188
H 7.059827238678345 3.2763829847973636 -2.3620980020421767 45.18949584960938 -96.42203369140626 -8.438270568847656
22
46.613311767578125
H 5.618625081275699 7.116766816952933 3.0588952025672675 -58.78446655273438 -51.56775512695313 -71.83316040039062
C 4.687341544882539 6.868436639862563 2.481934163518793 157.26888427734377 -209.9995849609375 15.642085266113282
H 4.510944325319193 7.711599609805289 1.8646168505211957 -70.5616943359375 61.8280029296875 -33.61196594238282
H 3.963674968558628 6.604698187656071 3.2617850003747324 -30.324368286132813 52.27058715820313 -40.87075500488282
C 4.870621202793407 5.576552582133022 1.587620307000766 -203.02004394531252 246.1073974609375 111.05208740234376
O 5.887418037455804 4.9503450531909206 1.7445697476839057 39.484185791015626 -106.0993408203125 -54.1511474609375
N 3.808249877556718 5.283370407367687 0.7740974244825427 249.239501953125 -68.17479248046875 79.93185424804688
H 3.2083277986053913 6.070824768728808 0.5743244622853791 -40.942108154296875 -46.42500610351563 -2.0631776809692384
C 3.6387764339007616 3.981104381839936 0.04394775371051682 -219.0770263671875 83.07164916992188 -226.7618408203125
H 3.8753765396687885 3.091949298388452 0.5380026129510332 0.4000114917755127 -60.08997192382813 171.9470947265625
C 2.122600076885051 3.958764495669458 -0.4308491173401755 302.69565429687503 257.15781250000003 -71.213818359375
H 1.986453204324442 4.82316366429318 -1.1435853951612274 -9.919155883789063 -72.14931030273438 80.93565063476564
H 1.8620472387098452 3.1229243018998254 -0.9659733105010536 -37.56849670410156 -179.31414794921875 -57.60267944335938
H 1.5781649480705537 4.108658590638341 0.4054990737010014 -172.52222900390626 6.8158813476562505 166.111767578125
C 4.501897713259509 3.7786728999600183 -1.2007349888546859 143.36760253906252 326.450341796875 -120.73155517578125
O 3.9917188560224104 3.725189237339169 -2.3261897618258116 31.327957153320312 -118.17958984375001 19.322314453125003
N 5.756812288677659 4.324648891429805 -1.1368982947121828 -161.92117919921876 -113.93073730468751 28.447427368164064
H 5.947424050496392 4.817222726169544 -0.2581415712104146 58.847833251953126 -42.158398437500004 -42.062390136718754
C 6.727954286572171 4.268625622270092 -2.239163273066035 -121.7186279296875 102.27572631835938 19.22022399902344
H 6.283864442004563 4.610953448311171 -3.1947910276713 8.079220581054688 -8.954592895507814 45.62117919921875
H 7.512089422534329 4.926049032264602 -1.9558537468075703 86.26764526367188 33.02733459472656 -7.4961189270019535
H 7.058835768909942 3.2744681791818935 -2.3607951486890064 49.380899047851564 -91.96152954101564 -9.833059692382813
22
48.838134765625
H 5.6345033484022435 7.127148035931858 3.065366054421138 -100.73444213867188 -67.79816284179688 -95.99644165039064
C 4.686951632340285 6.868265348712178 2.4845537313957102 194.04937744140625 -194.61751708984377 49.718484497070314
H 4.517394632147498 7.712070706449845 1.8685612289858118 -74.94446411132813 64.35416870117187 -36.301962280273436
H 3.964666361786972 6.606997351761633 3.2709653864151673 -24.996633911132815 54.06506958007813 -47.934112548828125
C 4.866559956501646 5.5781213786374275 1.58946288655401 -160.8710693359375 224.98505859375 117.60452880859376
O 5.88847666677726 4.9491934258827825 1.7448911136530996 17.12105712890625 -91.02173461914063 -56.06048583984375
N 3.81113401086841 5.283509073084782 0.7736274226731195 216.18691406250002 -69.12925415039062 58.62266845703125
H 3.206797381607258 6.070911478335425 0.5746685314130375 -34.37554931640625 -52.22974243164063 0.5420101642608642
C 3.6346215690594446 3.97743456961309 0.04073970738663787 -192.93897705078126 141.915771484375 -210.6034912109375
H 3.8814713381027186 3.112853972316756 0.5458152636649785 1.989767074584961 -97.15429077148438 179.5919189453125
C 2.1249493459452897 3.959085835615506 -0.43209892859566346 281.18896484375 222.2637451171875 -92.21539916992188
H 1.990231051681105 4.821242179855737 -1.142383561802411 -10.734901428222656 -62.988537597656254 76.537548828125
H 1.863180684836209 3.1220033985053686 -0.9797483270942795 -31.054580688476562 -161.3953369140625 -46.699578857421876
H 1.570960908551566 4.101262727579812 0.3950021624592828 -174.34986572265626 9.034805297851562 175.57847900390627
C 4.499189407603946 3.779608873982246 -1.2017990322089087 162.44544677734376 322.0670166015625 -105.7093994140625
O 3.9912778265692643 3.725286433955657 -2.3221295617008155 22.175674438476562 -119.88568115234375 -5.759639358520508
N 5.757028440855461 4.3240939201575195 -1.139681564074911 -164.60170898437502 -96.57496948242188 62.186132812500006
H 5.942015538337259 4.8266274973535195 -0.2519134319040033 55.54161376953125 -62.165826416015626 -78.2140380859375
C 6.731279213269408 4.2701133441370605 -2.242926711234935 -142.58824462890627 47.997833251953125 74.64327392578126
H 6.291247184512121 4.604683611605486 -3.1792486594608995 -11.828845214843751 10.841903686523438 -6.1651245117187505
H 7.493454556181327 4.923451803419123 -1.946049470886321 122.76500244140625 57.72648315429688 -3.262124252319336
H 7.059185538919075 3.2704457111704537 -2.3598376968802843 50.555474853515626 -80.29078979492188 -10.103236389160157
22
49.29107666015625
H 5.647641565659115 7.135980961683273 3.06920658401471 -132.991943359375 -81.60486450195313 -113.46839599609376
C 4.686971128022749 6.867688187003404 2.4872678319700117 219.02019042968752 -172.06832275390627 72.34171752929687
H 4.522420786182414 7.714252764216055 1.8717346769255214 -77.0399658203125 60.99603271484375 -35.26964111328125
H 3.965248550235629 6.610940723357138 3.2789012599282796 -20.42517547607422 54.15580444335938 -53.01221313476563
C 4.862149139929767 5.580106823551269 1.5914893364947589 -113.4202880859375 199.14031982421875 123.84061279296876
O 5.889678146498638 4.947837900710999 1.745206360790597 -7.956092834472656 -73.9363525390625 -57.96898193359375
N 3.814453103037765 5.283513150406522 0.7732551024126767 178.32530517578127 -68.50508422851563 34.958700561523436
H 3.204532302271881 6.070054270876986 0.5747719407457785 -26.719427490234377 -57.88448486328125 3.828682327270508
C 3.6300917088956526 3.9741747926826587 0.03712098979976238 -158.22976074218752 188.1201171875 -184.91604003906252
H 3.8881370637737698 3.131462278300669 0.5577435282660749 0.32366614341735844 -122.19149169921876 178.997802734375
C 2.1279636202413155 3.959745489200761 -0.4335639067749706 242.5059814453125 172.88057861328127 -101.15662231445313
H 1.9936298035099207 4.817818453458058 -1.1392841580056619 -11.890862274169923 -48.47256774902344 66.96656494140625
H 1.8637366578711116 3.1167252830658794 -0.9947392977528074 -20.730816650390626 -132.281884765625 -29.15083923339844
H 1.5595276402340386 4.094032709310602 0.38854323201375884 -164.9973876953125 9.104759216308594 170.76702880859375
C 4.497058132014523 3.780900072695963 -1.2030665323376717 175.5555419921875 316.0684326171875 -89.04231567382813
O 3.9908658691465537 3.725320781557862 -2.3180716113988455 14.121353149414062 -121.55045166015626 -31.05207214355469
N 5.756880389681912 4.323566192536761 -1.1423396068328613 -162.92998046875002 -82.59171142578126 84.430712890625
H 5.938523573526928 4.8341684933450955 -0.24893966146184798 52.434661865234375 -77.08089599609376 -103.24042968750001
C 6.734335763303668 4.271730911316169 -2.246517844699867 -151.92276611328126 -7.439340972900391 130.3066650390625
H 6.2983720433234724 4.598559293825217 -3.1633783973963525 -32.306826782226565 30.475970458984378 -58.166107177734375
H 7.477755604704708 4.922862732311153 -1.9364384463610649 150.3586669921875 76.58746948242188 -0.355493712425232
H 7.061030049731771 3.2644660763816353 -2.358808245305412 48.91593933105469 -61.922052001953126 -9.639314270019533
22
47.03375244140625
H 5.657465716461591 7.142746995384989 3.070309906548103 -153.96218261718752 -91.98092651367188 -123.60860595703126
C 4.687370902241592 6.866792450592271 2.490112793429802 231.0560302734375 -144.29501953125 82.40877075195313
H 4.525332165171124 7.717743278972367 1.8740074461589784 -76.86486206054688 52.310906982421876 -30.66064453125
H 3.9656139888834607 6.616115497348352 3.285396169550923 -17.025654602050782 52.601818847656254 -55.662731933593754
C 4.857370129375356 5.582464088891092 1.5936850294798213 -61.717993164062506 169.81513671875 129.92752685546876
O 5.890842336755289 4.9464362897395135 1.7455033907129733 -34.82591552734375 -55.558666992187504 -59.78692626953125
N 3.8180960693237282 5.283466409863593 0.7730534196607317 136.79781494140624 -67.84505004882813 9.371958923339845
H 3.2016747987018928 6.067953778895021 0.5747597132277933 -18.883316040039062 -62.078216552734375 7.537969207763672
C 3.6250614240733325 3.9714732117048284 0.03313121689729261 -113.9176513671875 218.450537109375 -148.6245849609375
H 3.895064048680163 3.146572972521946 0.5738013655459223 -5.50908317565918 -132.73515625000002 168.38421630859375
C 2.131506270681382 3.9606767246897476 -0.4352209747018254 187.21690673828127 113.75377197265625 -96.85125122070313
H 1.9965376349023944 4.813421927460366 -1.1341874708094064 -13.291557312011719 -29.568997192382813 52.88472900390625
H 1.8639438654896776 3.108339611037092 -1.010552320175757 -7.733757019042969 -95.35028686523438 -6.739271545410157
H 1.5440798927862633 4.087126149530562 0.38638940526530496 -144.0355224609375 7.115242767333985 151.72332763671875
C 4.495469326798023 3.7825073293018874 -1.2045909943995199 181.95787353515627 308.6219482421875 -70.49146728515625
O 3.990357370534424 3.7252356958065502 -2.314096066751824 7.383683013916016 -123.13508300781251 -56.3080322265625
N 5.7562819799010185 4.322913521669301 -1.1447920645651104 -156.83858642578127 -73.3922119140625 92.665576171875
H 5.936809760990579 4.839402019845695 -0.24981244942402073 49.684671020507814 -85.38665771484375 -114.79499511718751
C 6.736971219498129 4.273276837407861 -2.249888344735022 -150.33526611328125 -59.687390136718754 182.48309326171875
H 6.304545508624186 4.593243732231576 -3.148970057167446 -51.07670288085938 48.02398376464844 -105.30413818359375
H 7.465662887553707 4.924497651508364 -1.9267518605981426 167.4227294921875 87.96664428710938 0.1236466407775879
H 7.064438628035932 3.2566928918899873 -2.357675238559691 44.49834289550782 -37.64631958007813 -8.678162384033204
22
38.69110107421875
H 5.668128736028679 7.036435200490748 2.926829246690545 82.53421020507812 22.86481475830078 63.88838500976563
C 4.713241724907784 6.848559575802908 2.5236463808265985 -142.30457763671876 15.061030578613282 -53.2512451171875
H 4.41898987206489 7.698555017899448 1.9378885087989772 5.019411849975587 22.924627685546877 -45.43600769042969
H 3.937205522782201 6.761714114901125 3.2857871093324587 23.296601867675783 -38.95033569335938 6.762763977050781
C 4.819595433779027 5.616838536589923 1.6585829031805643 236.9308837890625 -254.64943847656252 -86.67341308593751
O 5.882826139906459 4.929121914866173 1.7386515533547464 -195.52374267578125 105.35395507812501 -5.081122589111328
N 3.872730851076029 5.270122619209224 0.7569528783819256 -175.88900146484377 -16.631973266601562 -41.447583007812504
H 3.129550782328398 5.920113576437434 0.6144406467350475 -6.751046752929688 47.39246215820313 27.497952270507813
C 3.571816744494149 3.97786250019827 -0.0019111730124744654 381.331494140625 176.99364013671877 267.4177978515625
H 3.8270001825462496 3.266399417129469 0.8091507098489358 -49.474734497070315 -54.120312500000004 -101.79599609375
C 2.1530539054079636 3.958173518709591 -0.4586794959277901 -114.474365234375 208.7345947265625 -11.663752746582032
H 1.9699354469587123 4.8726590197497766 -1.0797405980990709 7.076368713378907 -76.89366455078125 33.3403564453125
H 1.9896510952930113 3.112583698972755 -1.0290135460610306 -40.575592041015625 -137.3128173828125 -87.48859863281251
H 1.4277045315660628 3.9625687484919903 0.31359614531353747 -23.268176269531253 -1.1782526969909668 97.14708862304688
C 4.520689838696137 3.836643377480769 -1.2217865435512527 -234.4966552734375 87.15585327148438 72.3771240234375
O 3.9765801868797706 3.7100412337390343 -2.281323844864181 44.03218688964844 -118.62331542968751 -196.4015869140625
N 5.726423008027 4.296355635517754 -1.1820218572365153 354.57402343750005 103.43023681640625 50.821533203125
H 6.064412106795424 4.830309349490242 -0.37114066905024884 -85.30830688476563 -80.99256591796876 17.901605224609376
C 6.754692901350827 4.279615533773013 -2.240542715050197 -119.50924072265626 179.6861572265625 -129.65877685546874
H 6.272227040832243 4.6529808661516725 -3.236017540897671 96.8573486328125 -80.49537963867188 174.8835205078125
H 7.564296605328859 4.996611601761187 -1.9342659426312259 -57.09727783203125 -66.51174926757812 -40.11811828613281
H 7.164610085652475 3.2916931229142015 -2.348165889580386 13.020191955566407 -43.23760070800782 -13.02192840576172
22
37.4765625
H 5.690085043230696 7.028544930370729 2.9282431908383066 28.984249877929688 21.06873474121094 43.91168823242188
C 4.712410114457361 6.84815035188822 2.5234600537946124 -88.33515014648438 7.806061553955079 -11.07248992919922
H 4.4102312865987985 7.689748980048783 1.9425383623543313 5.245323562622071 39.87254028320313 -58.174591064453125
H 3.934817477124897 6.767278533545974 3.2879978528259555 29.969659423828126 -42.62895812988282 3.9738567352294925
C 4.821537192063165 5.616319171466725 1.6631170564115683 198.7046875 -256.414501953125 -115.81105957031251
O 5.880084364075096 4.929052600315081 1.73768266177001 -175.12696533203126 97.13681030273438 1.8045236587524416
N 3.8745352873690337 5.268810927198594 0.7548354609346964 -173.0565185546875 5.792308807373047 -16.855268859863283
H 3.122248970311971 5.91442780276104 0.6206844278453618 2.2129661560058596 42.023095703125 27.553494262695313
C 3.5736013722253057 3.979970023286392 0.000465960517368103 344.2568359375 210.20488281250002 207.51030273437502
H 3.8078904317036226 3.2793458927424375 0.7951147904399941 -25.560581970214844 -96.2613525390625 -55.22614135742188
C 2.1504338816838695 3.957959889910392 -0.4590489003961451 -50.89966430664063 238.8845947265625 -52.72239990234375
H 1.9651890610961846 4.8795492465082395 -1.0794359003113085 8.587564086914062 -91.878759765625 40.572427368164064
H 2.0014334774889613 3.1145016799881113 -1.0244989853224031 -48.06427612304688 -150.9676025390625 -99.55867919921876
H 1.4414953950756213 3.9539039306466424 0.2973219861262823 -68.15096435546876 -1.5472841262817383 144.08282470703125
C 4.522390109364498 3.840456071870437 -1.2209547347562828 -255.42983398437502 73.05133666992188 57.47426147460938
O 3.9755745017160224 3.708163060335499 -2.2815398214628346 49.72556762695313 -115.61019287109376 -184.34080810546877
N 5.726076041083793 4.2946504124220795 -1.1855884330010595 382.49418945312505 135.55364990234375 102.08524780273439
H 6.0714672286454485 4.830005726838689 -0.3642607017482897 -100.07046508789062 -101.24884643554688 -14.862936401367188
C 6.754937257641707 4.2814647961939 -2.2387569999822667 -126.64222412109376 150.2479248046875 -134.4668701171875
H 6.281582432962676 4.6501423768934576 -3.2264694485296626 80.02899169921875 -70.44536743164063 147.21514892578125
H 7.562869919338042 4.984452072007635 -1.9508940420030978 -32.87321472167969 -35.729470825195314 -19.920822143554688
H 7.170796913808014 3.3019941896337563 -2.3492101565398595 13.999810791015626 -58.90960693359375 -13.171719360351563
22
38.5343017578125
H 5.712624938873176 7.02134486305976 2.931116902071664 -28.526995849609378 18.935893249511718 22.183764648437503
C 4.7113252670136845 6.847854099525375 2.5232571129145804 -28.798538208007812 2.2068944931030274 28.470260620117188
H 4.401854538323749 7.68185478150698 1.9454834150749205 5.717685317993165 53.63792114257813 -68.1453369140625
H 3.9334703651824983 6.771882025208767 3.2905140726392483 34.833404541015625 -45.84721374511719 1.7275325775146486
C 4.823679574530781 5.615348724425884 1.6673741618566877 156.96218261718752 -253.82041015625 -143.44243164062502
O 5.877038441971784 4.929146313931286 1.7367231289291898 -152.0440673828125 86.72074584960939 8.393875122070312
N 3.875915710450082 5.267605950805191 0.7528244673631618 -167.43798828125 28.79977722167969 9.951119232177735
H 3.1152567135694254 5.9096736754803025 0.6276958439021117 10.963995361328125 35.99093017578125 26.9320068359375
C 3.575916222066371 3.982531237594676 0.0033154418444053414 303.53349609375 241.23251953125 144.85255126953126
H 3.788943460948522 3.2906214118303767 0.7797436222695958 -2.8306318283081056 -137.37077636718752 -8.346273803710938
C 2.147727851419769 3.958349592194845 -0.459579790250087 6.391319274902344 250.949560546875 -88.64910278320313
H 1.9602804289014464 4.8843115919128 -1.0782781719755934 8.857880401611329 -100.16469116210938 43.83709716796875
H 2.012178821537284 3.1127514766975644 -1.0226106995250845 -52.963470458984375 -152.74089355468752 -103.5376953125
H 1.4538492864677919 3.945020321593207 0.28454779251808937 -106.33039550781251 -2.443770408630371 182.87686767578126
C 4.523650683788308 3.844211664142627 -1.219837430725263 -271.12863769531253 60.36311645507813 39.747143554687504
O 3.9744435634034825 3.706309393929532 -2.2820355649161743 55.45784301757813 -112.26496582031251 -170.26790771484377
N 5.726223235675793 4.293299390339945 -1.1890705614595263 399.79020996093755 160.27294921875 147.28824462890626
H 6.076005700335606 4.827933956472132 -0.3581764478505009 -109.70729980468751 -115.73592529296876 -41.13893432617188
C 6.75474244062495 4.283613627005031 -2.237293567650076 -125.89569091796875 109.36278076171875 -127.83914794921876
H 6.29273130875405 4.6456132496219755 -3.213207877314197 57.24888305664063 -55.7668701171875 107.52469482421876
H 7.560624352162511 4.971477866008022 -1.968046534201064 -6.574554443359375 -3.3752944946289065 0.16898813247680666
H 7.177393869553179 3.310628575397201 -2.3506062198671165 12.481361389160156 -68.9422607421875 -12.587324523925782
22
40.866363525390625
H 5.7341103214410225 7.014582763765086 2.9346678313113146 -84.49705200195314 17.309722900390625 0.9792828559875488
C 4.710240017334244 6.847571450422648 2.5231558332896387 29.97431335449219 -1.7989156723022461 61.618505859375006
H 4.393898779761097 7.675186737384864 1.946404731603386 6.946781158447266 62.922766113281256 -74.26857299804688
H 3.9333117020626425 6.7749149071721515 3.293217106228863 37.85880737304688 -48.28701171875 0.2485985517501831
C 4.826068827386054 5.613819418268743 1.6712878477775628 112.75794677734376 -246.6156005859375 -168.96983642578127
O 5.87382014629264 4.9293236576784425 1.735784968850132 -126.58388671875001 74.115966796875 14.576745605468751
N 3.8770711991641127 5.266472053217015 0.7508418280456683 -159.72261962890627 51.88466186523438 38.473052978515625
H 3.1087363803669987 5.9057315852342125 0.6353061061272609 19.496449279785157 29.438336181640626 25.70358581542969
C 3.5787205386066487 3.9854896921539487 0.006417382378751111 261.21044921875 266.2640625 84.40679931640625
H 3.770469420306552 3.2986807724271037 0.7641222901050158 17.524586486816407 -173.58193359375002 34.536126708984376
C 2.145039612463908 3.9592998588057435 -0.46022245638628917 54.190277099609375 243.4015869140625 -115.60196533203126
H 1.9556173379139399 4.886311108826309 -1.0760908012863086 7.573916625976563 -100.28095092773438 42.25942687988282
H 2.021681003534387 3.107358942223807 -1.0233453172217986 -55.64447631835938 -142.598876953125 -99.34598388671876
H 1.4634854658005256 3.9365688278706434 0.2763255396448343 -134.383251953125 -3.6162349700927736 210.149755859375
C 4.524507685124644 3.847845916557926 -1.2185460347699753 -280.80490722656253 49.458105468750006 20.644561767578125
O 3.9733744804041438 3.70435100167237 -2.282661840115029 60.709100341796876 -108.72030029296876 -155.46988525390626
N 5.72701249305589 4.292197039850389 -1.19233151384265 405.57968750000003 175.95660400390625 183.430615234375
H 6.0784008421889375 4.823391801927601 -0.35351112618463654 -113.56280517578125 -123.05247802734375 -58.29686279296875
C 6.754287958389755 4.286028380272863 -2.2360312176186388 -117.31466064453126 60.6600341796875 -112.495947265625
H 6.305009377715994 4.6398159772769105 -3.197254749652574 30.400958251953128 -37.76060791015625 59.3193359375
H 7.5583406839633716 4.958481989782333 -1.985104035269467 19.714723205566408 28.39120788574219 19.21378631591797
H 7.184287601249519 3.3175441518491744 -2.3526318269792075 8.575646209716798 -73.4901611328125 -11.111109161376953
22
42.93341064453125
H 5.753029577166517 7.008302619096902 2.9381997793415433 -134.56923828125 16.516741943359374 -17.90301971435547
C 4.709160280094971 6.847262987336946 2.5231432964363694 83.28121948242188 -3.4322097778320315 86.29871826171876
H 4.386593968230636 7.670307607379419 1.945427505054087 9.230241394042968 66.8936279296875 -76.22548217773438
H 3.9340766888459604 6.7765925160421006 3.295792129635365 39.05615234375 -50.0206787109375 -0.2650176525115967
C 4.828641746057443 5.611824172667715 1.6748446538141417 66.5633544921875 -235.134130859375 -192.40554199218752
O 5.870422012959019 4.929609623109014 1.734802123087051 -99.04343872070314 59.536712646484375 20.322384643554688
N 3.877911642288548 5.265517437670876 0.7489911349228111 -149.30244140625 73.84393920898438 68.24921875
H 3.1028073088299495 5.9024389599989515 0.6435670513869798 26.916091918945312 23.182725524902345 23.831195068359378
C 3.5819163600979738 3.98890466087948 0.00965701038293197 218.755712890625 282.1341064453125 30.196905517578127
H 3.7525980109923007 3.302526264697408 0.7494195314939772 34.69926147460938 -201.58404541015625 69.72597656250001
C 2.142523108251812 3.960819261284305 -0.46113180268753007 89.52070312500001 215.64443359375002 -130.36822509765625
H 1.9508967111919255 4.885563593650607 -1.0727623366123868 4.880120086669923 -92.08959350585938 35.68067932128906
H 2.030043693213467 3.0982573871724393 -1.0266160774774868 -56.442456054687504 -120.57600097656251 -87.28291625976563
H 1.4696316418219908 3.9282119083371336 0.2733839881824892 -149.78553466796876 -4.555256271362305 223.20625
C 4.524831544899978 3.851306848176953 -1.2171752340225226 -283.7659423828125 40.76191101074219 0.6558102607727051
O 3.9722454110844554 3.70227192072609 -2.283435235227686 65.43765869140626 -105.03936767578125 -140.3833251953125
N 5.728400164665315 4.291434370713828 -1.1953609151060465 399.463818359375 182.45987548828126 210.22575683593752
H 6.078660414877578 4.816393291406249 -0.350257932543832 -111.63568115234375 -123.32302246093751 -66.23358154296875
C 6.753647850400496 4.288642793629122 -2.234887180227327 -100.53913574218751 8.561644744873048 -91.63239746093751
H 6.317487621982708 4.633158739810511 -3.1799731153863497 1.788584899902344 -18.094105529785157 6.8632965087890625
H 7.5570701995440075 4.946213203563184 -2.001480665855259 43.15535888671875 57.10645141601563 36.220278930664065
H 7.19138089385552 3.322665834034467 -2.3550191100247835 2.3356229782104494 -72.79376831054688 -8.776953125
22
43.4853515625
H 5.768607716282892 7.0023354877423625 2.9411933598774382 -175.70695800781252 16.89942169189453 -33.298614501953125
C 4.708234330069 6.846981299018888 2.5233595252733543 127.2819580078125 -3.1455085754394534 100.73878173828126
H 4.379925041471202 7.667305191388162 1.942390009872621 12.873484802246095 65.17911376953126 -73.50560913085938
H 3.935850693647949 6.776927070005415 3.29851979757004 38.75536193847657 -50.92239074707032 -0.06424877643585206
C 4.831281230596726 5.609271822830582 1.67802823482227 19.889015197753906 -218.90053710937502 -212.5597900390625
O 5.86688656411733 4.929909453336826 1.733858453390764 -70.0599853515625 43.17528991699219 25.458418273925783
N 3.8785463677529464 5.264794981983493 0.7473340225315401 -136.0957763671875 93.1400634765625 98.2193359375
H 3.0977638449802916 5.899363984057087 0.6524159687671236 32.096307373046876 18.41723175048828 21.387312316894533
C 3.5855109226600197 3.992912265177415 0.01279310546943543 177.4265869140625 285.36594238281253 -13.849807739257812
H 3.7359863444332047 3.301433699021464 0.7364716631027852 48.04920349121094 -218.22502441406252 94.15087890625
C 2.1402427866776943 3.9628450458202726 -0.4623293468973966 112.27423095703125 170.67860107421876 -131.95882568359374
H 1.9461444630549654 4.882426607165009 -1.0684701717675962 0.8837162017822267 -76.58101806640626 24.876824951171876
H 2.037316325530794 3.0865074172410183 -1.0323232701004423 -55.8900390625 -89.01460571289063 -68.93595581054687
H 1.472038976651444 3.9196559850757944 0.275586050796374 -152.26123046875 -4.772360992431641 221.73740234375
C 4.524732906384999 3.8545814255278077 -1.2157368612679982 -280.79855957031253 34.309548950195314 -20.62716979980469
O 3.971124151390109 3.7000656875375695 -2.2844019381629237 69.87833862304687 -101.19955444335938 -124.873828125
N 5.73038221392622 4.290907774834868 -1.1980364596639583 382.0428466796875 179.80030517578126 226.192236328125
H 6.076826725654034 4.8068834418519515 -0.34861496794522934 -103.82087402343751 -116.46959228515625 -64.16663208007813
C 6.752885010348379 4.291257806793638 -2.233923727817281 -76.33892211914063 -44.244439697265626 -67.41030883789062
H 6.3299829403724726 4.625901724766237 -3.1625715839303736 -27.334707641601565 2.0261310577392577 -46.78912048339844
H 7.5568945526766305 4.93517796118984 -2.016852854914492 62.772595214843754 81.590380859375 50.852236938476565
H 7.198428261136592 3.325782545406014 -2.3577916258300813 -5.916594314575196 -67.10699462890625 -5.573517608642579
