22
7.9873046875
H 1.9742246349157813 7.183606780143673 0.29123542194363966 63.99454956054688 16.696757507324218 71.26964111328125
C 2.4958612204960495 6.988102617352694 1.2629897491445377 -92.66951904296876 70.5080322265625 -101.94363403320312
H 1.722646015418219 6.671448762650527 1.9427516224619936 10.740181732177735 -36.11468200683594 44.21327514648438
H 3.0279802765320256 7.832853883352522 1.6433883127275972 -19.285267639160157 82.76984863281251 15.345272827148438
C 3.558621452321835 5.995905152771906 1.0521834500615772 0.7844297409057618 -64.59031982421875 -63.34869995117188
O 4.656115117609792 6.104009639221663 1.5433598246469438 66.2110595703125 3.7576480865478517 62.29932250976563
N 3.250673372453927 5.026804442491866 0.2248942851556911 -152.62626953125002 -93.37479858398439 -96.76491088867188
H 2.359078012845763 4.962108508846751 -0.22500768452486403 -38.21483154296875 89.24848632812501 25.179888916015628
C 3.9628149908558252 3.837071611637387 -0.03520798183855884 303.5748291015625 6.963294219970703 -18.000715637207033
H 4.163674894216452 3.391883304294463 0.9222088481177088 67.35848388671876 7.433541870117188 42.371514892578126
C 3.1295356226490045 2.776728816840643 -0.6858691478910943 -67.66460571289063 -17.1015869140625 -60.559259033203126
H 2.651655443335463 3.051387809883977 -1.6329141549091717 35.29394226074219 32.904919433593754 7.5590560913085945
H 3.8320179952537625 1.9892304617202206 -0.8447791727027476 7.806951141357422 -78.81266479492189 -37.86149597167969
H 2.368807064597447 2.4104771121976714 -0.02372896655356652 -33.124725341796875 -3.8282699584960938 41.42381591796875
C 5.324599003828595 4.073396944960157 -0.8452936923803362 -143.75920410156252 51.31065063476563 33.1982666015625
O 5.310029122128058 4.247782347956411 -2.057771985071348 -58.393505859375004 -36.3212646484375 -32.04065856933594
N 6.495957411551684 4.10784359154321 -0.23345095440042934 198.40727539062502 -97.11091308593751 -32.056671142578125
H 6.584959289830358 4.457733373267508 0.7041020781452083 -45.08979797363281 -21.96895751953125 34.555136108398436
C 7.769483790816323 3.726715052464611 -0.961465564259215 -115.7984375 155.6219482421875 15.91199188232422
H 8.484137175992558 3.223121757490662 -0.28599671498008455 -26.55367126464844 16.21166229248047 -25.886999511718752
H 7.500377581139464 3.0778403912669994 -1.8362238440290994 45.4509521484375 44.256997680664064 61.11631469726563
H 8.176823448606026 4.7243701188208735 -1.3127650034376368 -6.442832183837891 -128.4603271484375 14.01954345703125
22
11.92510986328125
H 1.9765138929631545 7.179516979035949 0.2821232475218423 74.82221069335938 16.043110656738282 94.70152587890625
C 2.499786327077947 6.9893616776552125 1.2644584318325083 -160.37639160156252 38.849987792968754 -114.1315185546875
H 1.7137672085187319 6.66936990898551 1.9504551719893137 39.89496459960938 -22.773298645019533 20.160179138183594
H 3.030344118229893 7.822298228003854 1.63725662580644 -3.906117630004883 113.83356933593751 28.494091796875
C 3.555722061761391 5.998677486656968 1.054681023434467 26.323052978515626 -88.94001464843751 -70.75067138671875
O 4.658641609799977 6.106729285422373 1.5412727748021837 52.323779296875 2.844512176513672 58.712316894531256
N 3.248271656696316 5.025564438782291 0.22556098562947852 -150.627880859375 -82.50187377929689 -91.20930175781251
H 2.362030550195317 4.964657471594933 -0.2350850439314806 -39.797583007812506 89.56409912109376 26.862719726562503
C 3.9603780370091557 3.83511256518996 -0.03484097854939744 314.9624755859375 4.3203071594238285 -7.155602264404298
H 4.170399033685113 3.3970947856289873 0.931551763786324 59.126025390625 9.887976837158204 22.756236267089847
C 3.127912813490861 2.7734575591806907 -0.6892224573496213 -87.260791015625 -3.7296909332275394 -7.164848327636719
H 2.646340358785397 3.0506646467765517 -1.6240442375848567 27.397567749023438 37.11528625488281 -14.540081787109376
H 3.828314160702131 1.9941456140423406 -0.8453028087897024 19.56055145263672 -97.63600463867188 -43.130529785156256
H 2.3623183948570006 2.4144951910316994 -0.015524752459018302 -16.173260498046876 -1.3319407463073731 24.32736511230469
C 5.32295153095946 4.071969662274482 -0.8471250517611195 -123.80396728515626 51.01446228027344 58.359570312500004
O 5.309729817549802 4.246707598112273 -2.056865662592478 -60.695159912109375 -34.8122314453125 -44.66631164550782
N 6.4996264082977415 4.107640099660939 -0.23305816278155594 168.65633544921877 -97.31171875000001 -36.961578369140625
H 6.58225585347893 4.455893245240693 0.7064694681946977 -39.92832946777344 -23.29976806640625 31.485134887695313
C 7.772178639659487 3.72889348524161 -0.9621004631628496 -114.56064453125 152.38790283203124 20.285400390625
H 8.488162701091781 3.2183393275373335 -0.2821452823931635 -35.371664428710936 29.125219726562502 -38.51741943359375
H 7.493331967635202 3.073953621373844 -1.8334504286684123 51.93458862304688 51.492852783203126 65.321044921875
H 8.164876087987757 4.73743956871594 -1.3149392364311336 -2.4997634887695312 -144.14274902343752 16.76227264404297
22
15.7508544921875
H 1.9808866462590071 7.176003441091511 0.27541280706055465 80.43626098632814 16.465057373046875 110.28365478515626
C 2.503326910690781 6.990545131895757 1.2656490729131078 -218.3714599609375 12.376643371582032 -114.92617187500001
H 1.7059493769391487 6.666966895947274 1.959131958106087 68.09880981445313 -9.57427749633789 -4.371553039550782
H 3.032637134712759 7.81441242404227 1.632145173312149 8.503157043457032 137.9048583984375 38.64699096679688
C 3.5528839178219385 6.001319181308109 1.057072657114152 51.8841796875 -112.58669433593751 -78.100830078125
O 4.661204393541334 6.109383179782486 1.5393724070500172 37.79830322265625 1.825691032409668 54.87225341796875
N 3.2455993476257543 5.024212604542998 0.22609551517956641 -148.27208251953127 -69.51892700195313 -84.66029663085938
H 2.364147395248812 4.969618712090243 -0.24463982085922187 -39.97490539550782 87.93283081054688 28.167556762695312
C 3.9585028080872138 3.833155531626447 -0.03446205309102493 322.8684326171875 0.9106738090515137 5.528079986572266
H 4.178454799872007 3.403080842204954 0.9415816408034341 50.0821533203125 12.197864532470703 1.4489495277404787
C 3.12609294068611 2.770166741686994 -0.6925183491401992 -101.72706298828126 3.724893569946289 46.574493408203125
H 2.641790945255928 3.0507689159249973 -1.6151191198506154 18.749287414550782 41.23077087402344 -36.68660888671875
H 3.825209426020755 1.9961678933016935 -0.84659780953445 26.596209716796878 -110.16376953125001 -46.97607116699219
H 2.35511689144193 2.4185085681336242 -0.0069342499076194665 1.95106201171875 1.6860429763793947 5.8552398681640625
C 5.320982011407979 4.070546986991721 -0.8488974851811658 -99.5172607421875 50.87441711425782 82.22714233398438
O 5.309303236495254 4.245548443213979 -2.0560463258635737 -63.39644775390625 -33.34833679199219 -56.6683837890625
N 6.503604303742566 4.107365142670221 -0.2326926850712929 133.66253662109375 -96.52049560546875 -41.364382934570315
H 6.57854880693834 4.453810775857933 0.7090527701524562 -33.556845092773436 -24.816046142578127 27.987091064453125
C 7.77455089264021 3.7313082846338808 -0.9625960542712914 -113.9666748046875 145.28592529296876 29.1331787109375
H 8.491344670848235 3.2146659943776514 -0.27913061433767156 -41.98006591796875 40.284783935546876 -48.61415405273438
H 7.487759760685602 3.0714796838109724 -1.8288783649345648 56.1093994140625 54.917840576171876 64.58461914062501
H 8.152885473219076 4.746798578537814 -1.3166643445766766 4.022996520996094 -151.08974609375 17.05921173095703
22
18.483489990234375
H 1.9874569834263542 7.1728834129873515 0.27161419637549966 80.31900024414062 18.235887145996095 116.542529296875
C 2.5065239656772276 6.991810033883842 1.2665541922551073 -262.1923828125 -7.4351242065429695 -104.89976806640625
H 1.6998872494896735 6.664358446942602 1.967542679054779 92.85242919921876 2.651163482666016 -26.990026855468752
H 3.0352373100024543 7.809960932497633 1.628140693213499 16.836154174804687 153.45743408203126 45.316629028320314
C 3.55022417770479 6.0037238776519475 1.0592811415133343 76.88052978515626 -134.25390625 -84.90328369140626
O 4.663832935508581 6.1120226375687885 1.5375777621720346 22.949603271484378 0.5977696418762207 50.835733032226564
N 3.2427975613905775 5.0227816159869265 0.22650842870177962 -146.03374023437502 -55.55452880859375 -77.75776367187501
H 2.3653768460559608 4.976612610333385 -0.25351018153775795 -38.393984985351565 84.59414672851562 29.370898437500003
C 3.957190416687568 3.8310315186397945 -0.03399928137765705 327.46796875 -1.886435890197754 18.700230407714844
H 4.187707083497486 3.4097300533015673 0.9516833626024368 40.518218994140625 13.711256408691407 -19.845628356933595
C 3.1240751469162866 2.7669138203109056 -0.6957071560837609 -109.89248046875001 5.804135894775391 96.30017700195313
H 2.6376209486093933 3.0520380519553574 -1.6069822763041774 10.57102279663086 44.58326110839844 -56.35982055664063
H 3.823166027032561 1.9953255198467834 -0.8489678413133326 28.10328063964844 -115.72900390625 -49.22535095214844
H 2.347989730542281 2.422679700011568 0.001680304207643898 19.48444366455078 4.367792129516602 -12.563684082031251
C 5.318832777594734 4.069013595908576 -0.8503848510899972 -72.18064575195312 51.012506103515626 102.88768310546875
O 5.308740227160632 4.244343325857216 -2.0553424206054354 -66.3387939453125 -32.10354309082032 -66.74686889648437
N 6.507890458238624 4.106839819606167 -0.23237088741931936 94.92115478515626 -94.46392822265625 -43.80303039550782
H 6.574449546233869 4.45115700855972 0.7121078126641643 -26.46358337402344 -26.778976440429688 23.16969909667969
C 7.776606624030635 3.7339442198505046 -0.9630560989180244 -114.47392578125 134.4124755859375 41.96138305664063
H 8.493421829429057 3.2120211062214166 -0.2772915868349152 -45.78086547851563 49.370086669921875 -55.712011718750006
H 7.48369255607968 3.070471107365908 -1.8226567229921151 57.857336425781256 54.44978637695313 58.902539062500004
H 8.140813197403464 4.752436290862193 -1.3179974993479555 12.989260864257814 -149.04224853515626 14.819728088378907
22
19.41302490234375
H 1.9960489102293386 7.170233833114988 0.27109148605253086 74.24414672851563 21.134295654296878 112.78228759765625
C 2.509229214834016 6.993111442333574 1.2672312370887482 -289.872998046875 -19.163523864746093 -84.41862182617189
H 1.695907839785081 6.662024717669016 1.975527814854613 112.84644775390626 13.229884338378907 -46.626965332031254
H 3.0379451323724203 7.809343592750836 1.624886249625561 20.826594543457034 160.00394287109376 48.469155883789064
C 3.5477698892479976 6.0060149623279155 1.0612973468746496 100.53816528320313 -154.22551269531252 -91.37035522460938
O 4.666469466760309 6.114724230830059 1.5358408455355868 8.167281341552735 -0.6516006469726563 46.793634033203126
N 3.239853913798103 5.021339174405181 0.22682231466413738 -143.60133056640626 -40.79375915527344 -70.39973754882813
H 2.3658754585308452 4.985281755737652 -0.2618183250547631 -35.37894897460938 79.84400634765626 30.558087158203126
C 3.956401411964567 3.8288755952997358 -0.033450634401193724 328.6076171875 -3.830921173095703 30.318716430664065
H 4.19777028188489 3.4167016172316593 0.9608665773390501 31.037329101562502 14.076011657714844 -38.975894165039065
C 3.1218395173586715 2.763762877878327 -0.6986229079522048 -111.2726806640625 3.446562194824219 137.66966552734377
H 2.633951862772157 3.054391474332001 -1.600542953350414 3.7783420562744143 46.74787902832031 -71.45712890625
H 3.8219034832615812 1.9914745102521598 -0.8527343990395406 24.15528106689453 -114.106005859375 -49.497134399414065
H 2.341300160151226 2.427108664590682 0.009686841775748054 34.83728942871094 6.166180419921876 -29.407324218750002
C 5.316492622415733 4.067587581023913 -0.8516108739076378 -42.308465576171876 51.216845703125 120.3080810546875
O 5.307989670433857 4.243118596160367 -2.0548140003376174 -69.4198486328125 -31.060827636718752 -74.83963623046876
N 6.512342454012245 4.106266496968955 -0.23204817069707678 52.93589477539063 -91.68615112304688 -45.57541198730469
H 6.569722720903178 4.4480051872275626 0.7153446029032652 -18.539370727539062 -28.747891235351563 18.220498657226564
C 7.778315896085828 3.736819881530586 -0.9633955616484622 -115.623095703125 119.84307861328125 57.89247436523438
H 8.49446258768829 3.210208118166464 -0.2766534998540517 -46.98475036621094 56.5754638671875 -59.87858276367188
H 7.4813233502859 3.0708031149344572 -1.8150794284903469 57.132397460937504 50.536929321289065 49.07522888183594
H 8.128953815393416 4.754470992643281 -1.319191120448767 23.89471893310547 -138.5548828125 10.35895004272461
