22
1.682220458984375
H 3.7119798771789525 8.064737276082031 0.11214286482733202 55.51237182617188 54.79437255859375 -71.98505859375
C 3.6203224597914936 7.606293129238462 1.0587995932902494 -82.77863769531251 -106.81131591796876 145.80803222656252
H 2.557661593014797 7.650514003427073 1.2961760471104686 -0.7274723529815674 -56.422149658203125 -11.609223175048829
H 4.03767368927514 8.122804725597703 1.9093858770432393 58.7709228515625 41.72027587890625 -17.45213623046875
C 4.193853574836627 6.180408014107779 1.0468421622747832 120.38333740234376 176.6912841796875 -68.4635498046875
O 5.375628775549426 6.00104916224979 1.3422065086227306 -77.05098266601563 1.0547579765319826 84.78834838867188
N 3.4791844668121357 5.311909587271896 0.3880929955186902 -140.40352783203124 -176.1631591796875 -58.046356201171875
H 2.5776874291713643 5.688323505203404 0.06583732107586879 64.68340454101563 -63.06964111328125 10.563124084472657
C 3.736742296925646 3.816381381935074 0.20823929824738663 -36.43427429199219 -6.695169067382813 162.9314697265625
H 3.8717438980461023 3.378444688808883 1.2458424730161584 -15.364633178710939 51.82245483398438 -111.9598388671875
C 2.4643881237337557 3.1897713102223313 -0.3844432647204585 6.164804840087891 36.05613403320313 -47.94220581054688
H 2.319697381074622 3.482535662169439 -1.4130537208695595 12.221418762207032 27.475918579101563 -28.535003662109375
H 2.5167066608014794 2.1376281486110695 -0.38739902059654213 35.55510559082031 -105.7017578125 9.437689208984375
H 1.5763621129261995 3.4243458633043473 0.15047414410386767 -43.715875244140626 45.42478637695313 62.070812988281254
C 5.004560612314306 3.3777063191144547 -0.5783016010689521 220.0388916015625 469.35244140625 -9.125642395019531
O 5.159119137776016 2.3824223827415447 -1.2181415951112426 -68.92803344726563 -187.3208984375 -41.48187255859375
N 5.93392368958662 4.398988750951826 -0.7267905154018478 60.63515625 -149.09742431640626 -194.1284912109375
H 5.800738134766107 5.221062394813364 -0.1857167032239268 -21.29299011230469 36.94539184570313 57.248181152343754
C 7.020004892080802 4.523218488367284 -1.8006772471429275 -164.19306640625 -116.59101562500001 53.717443847656256
H 6.747405823413125 3.763025443659635 -2.5855127649112335 62.03291625976563 72.49507446289063 48.29132080078125
H 7.081428214457959 5.522705166970525 -2.2520967889063357 -38.754998779296876 -15.60123291015625 15.323809814453126
H 8.010163022881656 4.335360758644889 -1.3864452568680583 -6.353828048706055 -30.359136962890627 10.549142456054689
22
3.697845458984375
H 3.7025544678627 8.068770904070078 0.11722313306347489 59.94855346679688 61.786022949218754 -85.60161743164063
C 3.621889249265184 7.60815823495383 1.0578588274712242 -65.14092407226563 -127.07747802734376 185.45830078125002
H 2.5601238267527315 7.6414626582364775 1.296223190153891 -2.2450300216674806 -50.49737243652344 -7.842777252197266
H 4.052402744093573 8.117114178861378 1.920677858363008 41.251501464843756 32.886419677734374 -43.646374511718754
C 4.195393456187513 6.175653715190332 1.042263613773241 117.6669677734375 213.245361328125 -61.168652343750004
O 5.374528456254928 5.999092715556297 1.3410955994721867 -67.83922729492188 -5.31907844543457 84.61259765625
N 3.4794968343725707 5.311788932662724 0.38838225861471354 -136.59725341796874 -171.5690673828125 -54.223608398437506
H 2.5808220627499017 5.695299499274662 0.07644957639858292 53.019073486328125 -66.02029418945312 3.2225303649902344
C 3.7362610366697906 3.821768498978501 0.20895430836292944 -31.609783935546876 -46.60341186523438 161.47696533203126
H 3.877243158546166 3.3648431445201488 1.24295247179892 -21.080618286132815 68.70333862304688 -118.9926513671875
C 2.463167133254953 3.1934639671092735 -0.38241965309110554 3.7241321563720704 19.131265258789064 -62.92570190429688
H 2.3065997460457686 3.488400193652212 -1.413686351645235 20.67586364746094 21.242784118652345 -17.4001953125
H 2.5258490755058904 2.134818303236204 -0.37784439445467494 30.96292419433594 -85.56387329101562 5.653442001342774
H 1.5688733302503788 3.4232009239322703 0.14321088964338569 -41.120397949218756 46.31371765136719 69.46636352539063
C 5.004674933853265 3.3754128374638706 -0.5784914801597427 234.987255859375 508.99003906250005 -6.964618682861328
O 5.160201862977857 2.381685007909464 -1.2161343232086113 -70.4150390625 -198.18315429687502 -45.92593688964844
N 5.937463503198015 4.402223517451316 -0.7300201292989839 11.884186553955079 -188.518994140625 -174.6220703125
H 5.791953157734552 5.220054396760655 -0.1917158558458633 -15.440716552734376 50.42269287109375 59.74681396484375
C 7.015761023868469 4.521797151961633 -1.7967632702243972 -154.749951171875 -113.99982910156251 4.330379867553711
H 6.751572654038607 3.7526032647521976 -2.585896216400629 61.70029907226563 85.13268432617188 65.43870239257812
H 7.073162746640672 5.520055564434392 -2.2619510986441105 -37.25093383789063 -25.481686401367188 24.093536376953125
H 7.999923772463246 4.33483700261826 -1.381233406979557 7.669111633300782 -29.02010498046875 15.814561462402345
22
5.329681396484375
H 3.6942994274032603 8.074447810763868 0.12050446154010568 62.89864501953125 64.59645996093751 -91.92829589843751
C 3.6234106764731164 7.60980122745782 1.057293242291708 -44.98117370605469 -141.92945556640626 216.6690673828125
H 2.562625861757249 7.631451520416881 1.2961324203044735 -4.06189308166504 -44.32279663085938 -3.7307884216308596
H 4.068168080557815 8.11246126238262 1.930964499745165 22.745132446289062 23.541372680664065 -69.45681762695312
C 4.1971535747877535 6.171212515513101 1.0376128485430856 112.1572265625 246.67392578125 -55.062060546875
O 5.373273479998715 5.997043316911625 1.3400786811684782 -57.398590087890625 -11.36619338989258 84.66828002929688
N 3.479527160177305 5.311409472988499 0.38853910521025836 -125.168994140625 -167.63936767578127 -47.05344848632813
H 2.5851783746256123 5.700562088419662 0.08730904361073438 35.4843505859375 -65.90234375 -5.768063354492188
C 3.7357611362296956 3.827091854610334 0.20995445512837013 -27.069891357421877 -82.26244506835938 150.24859619140625
H 3.8821682164569933 3.3527914730940154 1.2370781232442143 -25.564149475097658 81.77640991210939 -116.9034912109375
C 2.461946577195767 3.197272510148625 -0.3804504422308453 -1.7617885589599611 -3.3461456298828125 -75.1588134765625
H 2.2938404032570086 3.4948236806275386 -1.4146482988740348 29.253921508789062 14.616633605957032 -5.194800186157227
H 2.535896668170367 2.1296788819541574 -0.3681604083314199 24.961436462402347 -58.088171386718756 1.4148699760437013
H 1.56020806797836 3.4229193147745725 0.137421473307193 -34.076455688476564 45.61174011230469 73.67237548828125
C 5.005227523639054 3.3738991417012 -0.5785886509707805 245.87841796875 540.074609375 -6.858171081542969
O 5.161220327826222 2.3806843048506416 -1.214214971145068 -71.7666015625 -205.1878662109375 -48.20173645019531
N 5.940891837233191 4.405098344340497 -0.7336093264711128 -36.19164123535156 -215.7777099609375 -148.39481201171876
H 5.783450022317535 5.2207560028798685 -0.19634491323251935 -8.340763092041016 55.62573852539063 56.704235839843754
C 7.011074865374144 4.5202081112531145 -1.7927560520926866 -139.6864990234375 -108.87147216796876 -39.246340942382815
H 6.757008048191996 3.7441727378961254 -2.584614955960089 58.662023925781256 92.39098510742188 77.02904663085938
H 7.0643446087562145 5.516544577191384 -2.2709962428121027 -35.512689208984376 -33.213775634765625 32.08931884765625
H 7.990035650420779 4.333538469924454 -1.375993670983278 19.53998260498047 -27.000137329101562 20.46185302734375
22
6.271240234375
H 3.6876644361287685 8.081762790144424 0.12184628461337298 64.39932250976562 62.902807617187506 -90.31100463867188
C 3.624846333949614 7.611215668509521 1.0572138882236473 -22.85276336669922 -151.86082763671877 236.23259277343752
H 2.5652721588286083 7.620845517235589 1.2959211885966695 -6.5996345520019535 -38.01246032714844 0.7646799087524414
H 4.084749685855694 8.108334164661493 1.9395219787690148 4.309332275390625 14.850802612304689 -92.57434692382813
C 4.199130148506536 6.167166845913847 1.0328088932576147 103.9769775390625 276.6793701171875 -49.73158264160156
O 5.37188976096555 5.99490885608808 1.339172033645217 -45.98795776367188 -16.97040252685547 84.83547363281251
N 3.4792675434749376 5.310805929470104 0.3885849114762675 -108.02327880859376 -164.1231201171875 -37.67687072753906
H 2.5903216100295845 5.704198365822993 0.09771529720385176 13.98291473388672 -63.269500732421875 -15.464196777343751
C 3.735293780216416 3.83230425444697 0.2112314447973303 -23.05732421875 -112.868701171875 129.7608154296875
H 3.8863076430940136 3.3424289860023104 1.2284191841506693 -28.593682861328126 90.68365478515625 -106.09645996093751
C 2.4607860019190975 3.201201872884056 -0.37861816239657037 -10.454519653320313 -28.73042907714844 -83.2554931640625
H 2.2820652381500532 3.501253356336607 -1.415844210371075 37.544549560546876 8.076750946044923 7.0261680603027346
H 2.546531556732505 2.1232461987327382 -0.35839563445668887 17.70666961669922 -26.257299804687502 -3.189274024963379
H 1.5504320186883311 3.423811482249075 0.13326716781721643 -22.25266571044922 43.281130981445315 74.28458251953126
C 5.006247546262119 3.37333111287215 -0.5786007843268314 252.150390625 561.425390625 -8.663321685791017
O 5.162075502262659 2.379424019636307 -1.2123523671255416 -72.83994140625 -207.837158203125 -48.136791992187504
N 5.9441888407691055 4.4076135295110985 -0.737385154836812 -82.12314453125 -231.44838867187502 -117.56904296875001
H 5.775494259705635 5.223245065614205 -0.20017235178404744 -0.32308659553527835 53.58478393554688 49.299572753906254
C 7.006004957356511 4.518370602291651 -1.7888423068916741 -117.94178466796876 -99.29216918945313 -74.81231079101563
H 6.763563061767449 3.73817558553844 -2.581543724172102 52.89781494140625 93.12167358398438 82.07398071289063
H 7.054880162797314 5.512617052322282 -2.27925978604569 -33.499395751953124 -39.882110595703125 39.58584289550782
H 7.981159907264304 4.331384954162965 -1.3705871905526816 27.581225585937503 -24.053787231445312 23.61695251464844
22
6.337890625
H 3.682715724565852 8.0906100306855 0.12111185198841683 64.49846801757813 56.37327880859375 -80.50275878906251
C 3.6263294419661785 7.612267090512348 1.0576402180401012 -1.6049711227416994 -156.5005859375 242.70708007812502
H 2.567744950973503 7.60953210112433 1.2959465979847626 -8.457330322265625 -31.603259277343753 5.135620880126954
H 4.101456932835742 8.104860894346686 1.9457627510278979 -12.932656860351564 7.319160461425781 -111.3205322265625
C 4.201344367570816 6.163568624702783 1.0280490154311293 93.62009887695314 302.35422363281253 -45.38391723632813
O 5.370536052602347 5.992635404347234 1.3384190121935877 -34.109518432617186 -21.954927062988283 85.0920166015625
N 3.4787514021224553 5.3099944497764255 0.38853177159955765 -86.60511474609376 -160.54515380859377 -26.55550537109375
H 2.5957515658784387 5.705977628744985 0.10735933617698694 -9.953321838378907 -58.3724853515625 -25.216598510742188
C 3.734841960209711 3.8374173223050345 0.2128506502588572 -19.493212890625003 -138.5774658203125 100.59162597656251
H 3.889269958246398 3.3338671670601867 1.2174114525976618 -29.928033447265626 95.31843872070313 -87.37634887695313
C 2.459661202631693 3.2051301698004737 -0.3769048037416174 -21.273616027832034 -55.346337890625 -86.87724609375
H 2.271271225926816 3.5076338318215554 -1.4169996764996045 45.26678466796875 1.819244956970215 18.63451690673828
H 2.5574463273262094 2.116038296816757 -0.3486093663515375 9.458688354492187 8.058493804931642 -8.202871704101563
H 1.5400958587088014 3.425557775335143 0.13106505991487866 -6.663339233398438 39.63446960449219 71.72673950195313
C 5.007770809730971 3.373745826955421 -0.5785436702667144 253.203857421875 572.635595703125 -11.944491577148439
O 5.162771670805634 2.377905314950152 -1.210494822926968 -73.59376220703125 -206.11113281250002 -45.7989990234375
N 5.94732261851853 4.4096895395588325 -0.7413153431462283 -125.10955810546875 -235.0054443359375 -82.82174072265626
H 5.76854983055079 5.227500178604543 -0.20308684904514748 8.5076904296875 44.227044677734376 37.758795166015624
C 7.000662931293834 4.516253451781432 -1.7850570353858675 -90.58094482421876 -86.28231201171876 -100.45409545898438
H 6.771307991010809 3.734956523578848 -2.576540948658745 44.51668701171875 86.44141845703126 79.92865600585938
H 7.044590927926695 5.507628500622442 -2.2864144807498157 -31.01368408203125 -43.63266296386719 45.60586853027344
H 7.973165030954289 4.328432179434445 -1.3648190589464735 32.246786499023436 -20.2496337890625 25.27417449951172
22
5.748291015625
H 3.6796426765736134 8.1007829946684 0.11826474902373302 63.30140991210938 45.345983886718756 -63.072460937500004
C 3.6277939338981566 7.613074662686444 1.0584396326287893 17.775332641601562 -156.893896484375 235.22634277343752
H 2.56990244145322 7.597439215102951 1.295884812282805 -9.512791442871094 -24.917134094238282 9.367208862304688
H 4.117998104958712 8.101733507330216 1.9491602882584222 -28.236193847656253 1.686897659301758 -124.3039306640625
C 4.20375509484428 6.160624066933208 1.023167208514304 81.64982299804689 322.88371582031255 -41.79563598632813
O 5.369219483281437 5.990257376609666 1.3377484106441762 -22.177363586425784 -26.002896118164063 85.32743530273439
N 3.477996957165055 5.3089672563167625 0.38836794960780974 -64.10419311523438 -155.06446533203126 -14.854010009765625
H 2.600575691591235 5.7063288975805975 0.11628255086443146 -33.40174865722656 -52.65828857421875 -34.16401977539063
C 3.734392755067122 3.8424557999443056 0.21465347987605127 -16.317271423339843 -158.8567626953125 63.86664428710938
H 3.8913712108011067 3.3278185054109115 1.204480916678083 -29.777178955078128 95.25197753906251 -61.69661254882813
C 2.458560626526675 3.2089976530014095 -0.37548750805123426 -33.16473388671875 -80.61672363281251 -84.67914428710938
H 2.261300699690476 3.513669774186412 -1.4176908348286001 52.18959350585938 -3.6731109619140625 27.936407470703127
H 2.56879045159025 2.1092241600725954 -0.3388209844432904 0.41532735824584965 41.432403564453125 -13.658953857421876
H 1.5295398257673396 3.427891967658165 0.1305282694462884 11.715428161621094 34.940267944335936 66.61639404296875
C 5.0097494650231 3.3751729047435597 -0.5784571895802393 248.87065429687502 573.368310546875 -16.676646423339843
O 5.1631880544800435 2.3761815279083622 -1.208768580668793 -73.9242919921875 -199.88116455078125 -41.172586059570314
N 5.950144686092504 4.411363035465995 -0.745320421938742 -164.17593994140626 -227.528564453125 -45.80134582519531
H 5.762302379787502 5.2333902106437025 -0.2055873216681289 17.919757080078124 28.822708129882812 23.137225341796878
C 6.995067382319799 4.5139705847452305 -1.781448175803373 -58.92930297851563 -70.19949340820312 -116.26899414062501
H 6.780272019450555 3.7341784740344037 -2.5695444480815786 33.9531494140625 72.85769042968751 70.95899658203125
H 7.0333754354839195 5.501724293483225 -2.2925600701005995 -28.102288818359376 -44.630590820312506 50.03246765136719
H 7.965921904295984 4.325019975523123 -1.3587881810000415 34.03284606933594 -15.666818237304689 25.67520446777344
22
-2.199310302734375
H 3.5848764554561026 8.055760368673646 0.15776458770432522 -3.6438438415527346 -55.517266845703126 128.1072021484375
C 3.762528906589619 7.575057498147425 1.172197545957245 -96.89512329101564 56.12348022460938 -41.77956848144532
H 2.910518569750764 7.559467211762993 1.8720051442180763 -5.459290313720704 7.013748931884766 -70.88721923828125
H 4.491900294513097 8.118786104731274 1.715838618983615 78.56776123046876 45.562014770507815 13.833937072753907
C 4.2425582497506085 6.178110284655554 1.010631611769699 106.96104736328125 -156.49688720703125 -123.2780517578125
O 5.384595735868256 5.829991421072641 1.3462469386126539 -85.1158447265625 90.498046875 72.34900512695313
N 3.4938874226673233 5.320877845458148 0.29090217538770047 -70.16154174804687 30.961972045898438 67.48638305664063
H 2.617972640720793 5.592964104541846 -0.1055711561078166 -11.771368408203125 63.0220947265625 5.827331924438477
C 3.6894532553994686 3.8846521686078024 0.2700685980586155 123.7542724609375 102.12403564453126 -155.5458740234375
H 3.7971603729244547 3.6592832592767803 1.318495370660764 45.14034729003907 -88.3576416015625 15.465937805175782
C 2.418570068217151 3.258290688082472 -0.3097804184261701 -4.407175445556641 -18.538894653320312 38.760317993164065
H 2.2353478504866526 3.5558826537637653 -1.3359468770854352 -27.618765258789065 59.314489746093756 1.4755882263183595
H 2.640102819438245 2.2362145707630035 -0.4488216603246723 -0.2614449977874756 -108.38265380859376 18.82081756591797
H 1.5612740666967753 3.313619380486097 0.38417602935358075 21.94186248779297 29.348010253906253 -38.882257080078126
C 4.9632395117590375 3.5313553416677816 -0.6360754384895737 62.89052124023438 390.08203125 137.6297119140625
O 5.1093167975068345 2.435536625847426 -1.0267355898443953 1.6297615051269532 -262.134765625 -94.83776245117188
N 5.890195308087693 4.524603688561407 -0.9737843247129998 -228.928173828125 -108.99586181640626 205.03945312500002
H 5.912754729717525 5.35054245876709 -0.32269717301615286 -7.437937164306641 -96.49371948242188 -110.47376708984376
C 6.987380872796361 4.30501046980474 -1.8584808933955421 83.17700805664063 64.16994018554688 80.80641479492188
H 6.991340824884387 3.2822410543837703 -2.183549439915299 27.676605224609375 -44.58470153808594 -33.37754821777344
H 6.861695864075825 4.9807152170917 -2.6672204831431086 7.200353240966797 31.415179443359378 -83.58150634765626
H 7.907586975181005 4.57252209246059 -1.3098804967392972 -17.239033508300782 -30.1326416015625 -32.95855407714844
22
-3.0927734375
H 3.5751124581303735 8.032752998099426 0.15714197512337064 -0.3479446887969971 -34.57861022949219 115.64935302734375
C 3.762856161180453 7.579124458006939 1.1746984710049115 -86.44294433593751 14.062222290039063 -39.48155212402344
H 2.9085933698895245 7.569947707072812 1.8685860269563246 -6.957096099853516 3.901808547973633 -63.99034423828125
H 4.500063226035751 8.114680743314647 1.7159246316188241 76.00315551757812 52.858575439453126 9.83659896850586
C 4.244449246564198 6.174564568151606 1.0124861476306743 87.42409667968751 -122.82058105468751 -116.09829101562501
O 5.384947045012699 5.8303095038788335 1.3480054682269549 -75.08322143554688 80.29722290039064 72.204052734375
N 3.493608398615782 5.322304616027438 0.2916451380954693 -56.831762695312506 25.521636962890625 64.93994140625
H 2.6275533418435106 5.604601685011311 -0.11315950998480623 -20.94916534423828 59.96415405273438 2.819907379150391
C 3.6898933610155193 3.885762853036066 0.26824309868007623 116.47462158203126 104.7408447265625 -129.6250244140625
H 3.800739320833108 3.670521599290275 1.3262040000539252 42.31574401855469 -89.78442993164063 -5.6158897399902346
C 2.417048315991084 3.2565435303025394 -0.30879993208779566 11.895647430419922 -5.72489242553711 30.29562683105469
H 2.2293924077912077 3.5543813413829195 -1.3301351245996609 -26.723965454101563 61.06001586914063 -9.155855560302735
H 2.6356364111614368 2.2406470699742145 -0.446405036020574 6.4094490051269535 -126.28950195312501 14.890235900878906
H 1.5625265503878536 3.3041179476681566 0.3727889658275316 3.205355453491211 34.52456970214844 -15.84384765625
C 4.962792409605475 3.532966266629401 -0.6372108475498383 73.85166625976562 391.32705078125 128.00543212890625
O 5.108071901620919 2.4363600416614926 -1.0249260972719643 1.6845619201660158 -263.862353515625 -94.59431152343751
N 5.892838460600388 4.524900414029018 -0.9801972550728366 -265.4830810546875 -120.66962890625001 227.06494140625
H 5.908044926099012 5.346833592851991 -0.3266221883827056 1.0499160766601563 -87.86279907226563 -110.79332275390625
C 6.985962151643359 4.3005885816487694 -1.8571050786323473 88.30975341796875 56.108795166015625 49.331948852539064
H 6.995787573551996 3.2719586373203455 -2.186451620525939 27.55817565917969 -26.939581298828127 -23.993301391601562
H 6.864575600660774 4.9781618531843135 -2.665657609053287 4.03648567199707 27.62904968261719 -84.21377563476562
H 7.898016695822333 4.585385138020713 -1.3160133523466797 -1.3994378089904786 -33.46356201171875 -21.632501220703126
22
-4.632568359375
H 3.56550020130098 8.00860078657486 0.15917518998582958 1.6795410156250001 -11.558592224121094 96.20126953125
C 3.762878455525759 7.583107490514772 1.177028453396475 -67.766357421875 -27.59653015136719 -29.881884765625003
H 2.906602411879472 7.580343655575801 1.8636190770251704 -10.215623474121095 0.8828086853027344 -54.7744384765625
H 4.509882209090183 8.11184954118946 1.7160999649202018 68.66671142578126 56.74183959960938 3.0147937774658207
C 4.24654871024347 6.170717889572477 1.0139662090542259 66.55393676757812 -86.54097290039063 -107.91640625000001
O 5.3851787849944355 5.830681275079421 1.349919805800687 -63.923107910156254 69.42800903320312 71.91705932617188
N 3.493115991087179 5.323846958829364 0.2924886250712883 -44.99927673339844 19.985816955566406 61.99156494140625
H 2.63682081137918 5.617585263501997 -0.12053763491121923 -28.163375854492188 55.55430297851563 0.40795383453369144
C 3.6906453587300003 3.8869121317667514 0.2661593387769681 107.60765380859375 107.61457519531251 -101.71990966796875
H 3.8053185163080827 3.679582358806412 1.3333866348663246 39.003509521484375 -90.17477416992188 -27.606890869140628
C 2.415554656394352 3.2548174534855345 -0.3077175732594949 30.441156005859376 -0.06490914821624756 18.11982116699219
H 2.2228306245883065 3.5543228292015545 -1.324397047473877 -25.130960083007814 61.642059326171875 -18.097215270996095
H 2.6310188655589144 2.241861363671437 -0.4433946798714611 11.492021942138672 -135.65894775390626 11.510282135009767
H 1.5638988664929938 3.295421246147907 0.3607915566294256 -16.29134979248047 39.61995239257813 8.159412384033203
C 4.962358052916292 3.5354236635371716 -0.6381488408175549 82.96969604492188 381.52866210937503 115.90993652343751
O 5.106754871089256 2.4367271777714543 -1.0233527577166024 1.2753199577331544 -259.381103515625 -92.32557373046876
N 5.894816056979492 4.524916446396049 -0.9863723193305489 -295.938037109375 -137.50948486328124 238.37319335937502
H 5.903968837944319 5.3407871233215465 -0.3335402116285725 8.182349395751954 -69.51851196289063 -102.21221923828125
C 6.984596329993105 4.296230410509738 -1.855548731638041 91.68989257812501 46.434277343750004 12.302416992187501
H 7.000740115319397 3.2608541948322403 -2.189856098295019 26.858770751953127 -6.445393371582032 -13.375257873535157
H 6.867614801092602 4.97600135915538 -2.666262014037461 1.3854783058166504 20.630870056152347 -80.12533569335938
H 7.888729429280011 4.597268506584218 -1.3227895454172254 14.622042846679689 -35.61392822265625 -9.872582244873048
22
-6.427978515625
H 3.555991791200541 7.98420675122403 0.1638162327275084 2.4773710250854495 12.166392517089845 70.93632202148437
C 3.7628096851461557 7.587056176681658 1.1793367560656836 -42.08454895019531 -67.27921752929687 -14.507386779785158
H 2.9047949633852093 7.590525075423455 1.8574282689296928 -15.049270629882812 -1.9166889190673828 -43.403417968750006
H 4.521104472497737 8.111049972371028 1.7159733380962994 57.055352783203126 57.19317626953125 -6.023336791992188
C 4.248855701650052 6.166733156798205 1.015268720718476 45.02711486816406 -48.58968811035157 -99.15374145507813
O 5.385361569891241 5.831244498565904 1.3519681541936497 -51.73261108398438 58.055145263671875 71.74542846679688
N 3.4925653330447934 5.32551059548393 0.2934920873502159 -35.8328125 16.048127746582033 58.393218994140625
H 2.645794410746485 5.632240883976322 -0.1278553774241416 -32.46635437011719 49.16226501464844 -0.9122356414794922
C 3.691777072690128 3.888310413240844 0.2638831204405507 97.13895874023439 109.7404541015625 -72.94793701171875
H 3.8106897433043767 3.6863585860864156 1.3398047595530347 35.374612426757814 -89.44970092773438 -49.64573669433594
C 2.4141971916534883 3.2531924253547917 -0.3066145680692874 49.87219848632813 -3.2850433349609376 3.302488708496094
H 2.2157548038834154 3.5558248356144473 -1.319057507370339 -22.843731689453126 60.92235107421875 -24.621205139160157
H 2.6265865623522293 2.239179239418856 -0.44003836884973535 14.527052307128907 -134.26328125 8.995102691650391
H 1.5651229678556917 3.287607972442223 0.34917044864959335 -34.66484069824219 44.4806396484375 31.173941040039065
C 4.962110390394477 3.538792992803189 -0.6387092071851773 90.06713256835938 360.94406738281253 101.42385864257812
O 5.105528053681515 2.4367202128860783 -1.0219672482825384 0.35664820671081543 -248.59621582031252 -87.97462158203126
N 5.896249240929578 4.524779876379007 -0.9921534767361904 -319.4090087890625 -158.25600585937502 239.57145996093752
H 5.901275208132887 5.332944230786972 -0.34308903381036515 13.440664672851563 -42.87308959960938 -85.63410034179688
C 6.983386221086945 4.292042586372422 -1.8538064041808224 93.69636230468751 36.72873229980469 -29.264144897460938
H 7.006247626997606 3.24938641571124 -2.193246848718813 25.597761535644533 15.644522094726563 -2.138500785827637
H 6.870876111982671 4.974563356077545 -2.6689392469198197 -0.7825663566589356 10.192779541015625 -71.200927734375
H 7.879990662746596 4.608364138194735 -1.329940904215855 30.234521484375 -36.76970520019531 1.8854757308959962
22
-7.84405517578125
H 3.5464522494998136 7.959893256429268 0.17008593842753825 2.521042633056641 35.241400146484374 42.61556091308594
C 3.762606702994642 7.590756069375737 1.1816130193450975 -11.244019317626954 -102.99326171875 4.491141128540039
H 2.902672263674247 7.600659489383456 1.8501882929232407 -20.39109344482422 -4.662423324584961 -30.749942016601565
H 4.533452984014936 8.112138099031837 1.715571688948998 41.35014343261719 54.335986328125 -17.045326232910156
C 4.251265381593561 6.162613978802085 1.0163524954524656 23.378987121582032 -10.082120513916017 -89.76759643554688
O 5.385412369834298 5.831816974704571 1.3540971135385313 -38.811380004882814 46.518167114257814 71.76941528320313
N 3.4919707273827405 5.327239640919016 0.2945399843062914 -30.56679382324219 14.435200500488282 53.709301757812504
H 2.654113317955406 5.6486966286519 -0.13513575129817945 -32.78555603027344 40.12268676757813 -0.5496112823486329
C 3.6932291717315993 3.8898461651611056 0.2615040030495592 84.99887084960938 111.40296630859376 -46.52418823242188
H 3.8166702011341402 3.6906804710360817 1.3446994590360182 31.736993408203126 -87.89534301757813 -69.31974487304687
C 2.412979919965293 3.2515254783352803 -0.30560600646003666 67.68661499023438 -13.737132263183595 -12.940965270996095
H 2.2082794808699653 3.5587224582783716 -1.3146636788397037 -19.688825988769533 58.538421630859375 -27.690475463867188
H 2.6228252231711586 2.23295554980583 -0.43616963614497495 15.527479553222657 -123.29041748046876 7.150541687011719
H 1.565329096008884 3.2805255590391513 0.33843385049965197 -49.57080688476563 48.94566040039063 51.299108886718756
C 4.962016184847718 3.542842474160233 -0.6391017264291536 94.7095703125 331.065185546875 85.82710571289063
O 5.10435204946439 2.436292849991482 -1.0207773394766184 -0.8562679290771484 -232.5360107421875 -82.04857788085938
N 5.897127938749094 4.524352397104937 -0.9975272583760042 -335.57407226562503 -182.16439208984377 230.81572265625002
H 5.899699267079201 5.323641301151149 -0.35530523781217926 16.877177429199218 -8.928879547119141 -61.86854858398438
C 6.982402520776568 4.288041499728949 -1.8520673880602565 94.02335205078126 27.892166137695312 -72.68829345703125
H 7.011967064326661 3.238329244690434 -2.1965200180519053 24.019635009765626 37.131961059570315 8.966258239746095
H 6.874190550055901 4.973297625967623 -2.6734317731602215 -2.6181919097900392 -2.343110275268555 -58.797277832031256
H 7.8718859087479585 4.618605148796703 -1.3373783948686955 45.277139282226564 -36.996728515625 13.346397399902344
