22
36.231475830078125
H 5.465190132409271 7.180479088412277 2.9908445346275663 64.23189697265626 -56.08722534179688 30.643145751953128
C 4.900478340851764 7.067798067375013 2.08912716380135 43.51711730957032 30.81817626953125 -8.298578643798828
H 5.401423187490297 7.636172963042156 1.3114891908541824 -35.93731689453125 51.342498779296875 3.400544357299805
H 3.9386620974162097 7.3927048374125786 2.4033311649633204 -80.74803466796875 37.44064025878907 -41.052163696289064
C 4.839250993958411 5.681109139393822 1.5520433798136062 -172.13916015625 -237.9999755859375 -241.5108642578125
O 5.770048227396707 4.880698728558205 1.7123467854129915 -41.009521484375 74.27265014648438 52.61851196289063
N 3.778389678476739 5.329296202094306 0.6912729994810372 123.98753662109375 211.74296875000002 228.4718017578125
H 3.09446571260108 6.0333182476134795 0.40975106480881474 41.277734375 -20.20612945556641 38.77142944335938
C 3.5807175405839913 4.0234901548684165 0.11722574962445964 93.17327880859375 -133.13077392578126 -5.209085845947266
H 3.862181326210849 3.28523108272011 0.9135045342704872 -16.86443634033203 40.83038024902344 -78.19886474609376
C 2.10027545104012 3.797182767640744 -0.2479400017817293 298.82260742187503 -238.5115478515625 88.62048950195313
H 1.9121529275827402 4.4043099230243365 -1.03460242364111 -125.76960449218751 173.54884033203126 -128.60087890625002
H 2.182167216122737 2.774777585627664 -0.6805964665322413 -98.39853515625 36.456329345703125 55.83382568359375
H 1.5482436743955965 3.859557699716909 0.6707469032064697 -84.17919311523438 16.51079864501953 4.206507873535156
C 4.524025297696383 3.8080707104102514 -1.1257862382731125 87.97565917968751 322.0777099609375 248.78095703125
O 4.069446080294961 3.5110695570542956 -2.169832477212656 -87.57465820312501 -162.375439453125 -215.8366455078125
N 5.715611066315288 4.476153580970728 -1.1086846659061653 -85.53863525390625 -119.64501953125 27.57122802734375
H 6.0207305319701865 4.917055380603305 -0.20966064836945753 -18.075595092773437 -63.72957153320313 -108.37366943359376
C 6.658707802550028 4.229891543538847 -2.198040104417372 219.447265625 -51.64966430664063 -22.24706268310547
H 6.977639704979226 5.104773995885589 -2.748316761679223 -35.51094055175781 60.952996826171876 26.168756103515626
H 7.60530786396655 3.8701844113874544 -1.7058532539658 -85.42548217773438 0.8344951629638673 -63.44053955078125
H 6.331945429768221 3.5303316984805164 -3.0165762519648704 -5.2619880676269535 26.506854248046878 107.68114013671875
22
40.054351806640625
H 5.481148678675035 7.170849179598293 2.995774118143893 47.88049926757813 -55.333959960937506 15.585064697265626
C 4.902364639164114 7.06657461216661 2.0933923983540623 49.84556274414063 55.546630859375 -3.080988693237305
H 5.403295928119411 7.642297678807393 1.3136510955287573 -42.2982177734375 40.88468627929688 13.399340820312501
H 3.9349782665999813 7.390406671221516 2.4027962073583433 -69.19774780273438 36.48023986816406 -37.33590393066407
C 4.8360974905640095 5.687479031482603 1.5519633102098072 -130.56337890625 -295.472314453125 -238.7659423828125
O 5.772185795357263 4.879923772869578 1.7103536721243384 -69.8408203125 102.1425048828125 49.026580810546875
N 3.7769750853655024 5.328081038075286 0.693847555567103 143.15455322265626 221.4458984375 234.03422851562502
H 3.1165299474390897 6.041471185049541 0.406810718601608 14.789300537109376 -11.298988342285156 26.903134155273438
C 3.57964546416744 4.024652210244385 0.11578682310535088 103.05926513671875 -162.882080078125 24.301210021972658
H 3.8566940381552866 3.282967001772106 0.9300683265283063 -22.373880004882814 62.90582275390625 -111.5976318359375
C 2.101866406790342 3.7946522214357605 -0.25248237168549525 279.66162109375 -246.9337890625 137.7412353515625
H 1.914243388543182 4.405155339751037 -1.0247630136122412 -130.7608154296875 188.19822998046877 -148.74407958984375
H 2.1841594364737476 2.7742656904192526 -0.6896506580807366 -97.74356079101562 36.60474548339844 54.759472656250004
H 1.5422441506871432 3.853106910596096 0.6755016669368445 -65.33720092773437 13.622395324707032 -23.118724060058597
C 4.524298451316607 3.8061721977621805 -1.1286386846037308 87.58075561523438 326.16374511718755 271.0955322265625
O 4.0691883672297395 3.512954684227485 -2.169974226785925 -90.96173095703125 -166.64219970703127 -230.94541015625
N 5.714831830837469 4.474217559841573 -1.1099755369526916 -86.07754516601562 -101.81268310546875 63.0054931640625
H 6.012786100102413 4.92996109177889 -0.20390489397581962 -22.906101989746094 -82.67878417968751 -141.1740234375
C 6.657273763428443 4.227538607482354 -2.1960278434852323 242.30388183593752 9.992399597167969 2.5814842224121097
H 6.974132545652676 5.109368043426029 -2.7483671961395624 -40.037896728515626 45.779901123046876 33.92283935546875
H 7.601309102698916 3.8786059898541336 -1.7009926171445076 -74.67590942382813 -5.217292022705078 -59.713311767578126
H 6.344936148978382 3.539660825209301 -3.002289375174614 -25.50062255859375 -11.495106506347657 68.12037963867188
22
42.539825439453125
H 5.498287616809762 7.159974327644885 3.001283908645862 28.905224609375 -53.7981201171875 -1.8452268600463868
C 4.904221247059839 7.065514576132475 2.0976724280207177 53.93345336914063 79.366455078125 4.4155128479003904
H 5.403855365817102 7.64989257466084 1.3162116396904615 -47.68040161132813 29.721978759765626 23.060052490234376
H 3.929805758872665 7.389126574596205 2.4010631215963034 -54.085461425781254 34.043286132812504 -33.438134765625
C 4.832707806709376 5.693300872429984 1.5514399774853156 -87.09987792968751 -346.865869140625 -232.9288330078125
O 5.774196723157605 4.879364386482539 1.7083528196660613 -97.96911010742188 128.20782470703125 45.09565124511719
N 3.7756523869968817 5.327263034049107 0.6966645929928366 159.18690185546876 226.1541748046875 237.3843994140625
H 3.13870542365728 6.049271361171976 0.4045063381343381 -11.087367248535157 -1.061532211303711 14.536302185058595
C 3.5786698847231935 4.025703799586992 0.11436293585382647 111.85645751953126 -185.40972900390625 49.20616455078125
H 3.850841543386603 3.2819972965467894 0.9436426434466793 -25.529835510253907 79.40995483398439 -138.5680908203125
C 2.1040217193501656 3.791703196912992 -0.25679674119303986 250.9533203125 -238.313720703125 173.37296142578126
H 1.9133130358509414 4.410901308965959 -1.0187828811608777 -130.124658203125 189.56605224609376 -153.80571289062502
H 2.183850041762467 2.7742710968948137 -0.697644430851666 -95.5633544921875 33.747448730468754 51.63220825195313
H 1.5350973497563605 3.847216481931688 0.6796045632727726 -44.88724060058594 10.310450744628907 -50.27909851074219
C 4.524748145697956 3.804631888140864 -1.130861830030164 82.9240478515625 326.9408203125 286.2478271484375
O 4.068703548977917 3.514711397338333 -2.1705092425054646 -92.29832763671875 -169.32143554687502 -240.81047363281252
N 5.713750031422049 4.472252142161835 -1.1112326594844166 -86.52467651367188 -89.14553833007812 84.63472900390626
H 6.004444244507617 4.941031554416216 -0.20252540547750056 -23.895710754394532 -95.23610229492188 -159.6790283203125
C 6.656370145433116 4.2252857383570905 -2.193943453947761 255.18134765625 74.61128540039063 26.465545654296875
H 6.9695000989989975 5.115576431039145 -2.7472587096937233 -43.85206604003906 29.026898193359376 41.05946655273438
H 7.5954608452270955 3.8868639950455015 -1.6973347645807548 -57.956878662109375 -12.59955062866211 -52.84697265625
H 6.357406246976924 3.5483013472598457 -2.986445402914677 -44.385778808593756 -49.35505065917969 27.090762329101565
22
42.7249755859375
H 5.516401111475399 7.147483490094681 3.0069689025596116 8.049005126953125 -51.14208984375 -20.537979125976562
C 4.90615282709259 7.064541318730967 2.101949955685511 54.75447387695313 100.36373291015626 14.362103271484376
H 5.403154690029973 7.658311282688315 1.3196646115887625 -51.280249023437506 19.023495483398438 31.064804077148438
H 3.923489747107942 7.388951613106762 2.3984549629277616 -35.64775390625 30.123764038085938 -29.422351074218753
C 4.829267008948246 5.698309782105251 1.5505269755009707 -42.95456237792969 -390.163232421875 -223.8081787109375
O 5.776033163683141 4.878944526331839 1.706354650748232 -124.304736328125 151.4640869140625 40.985504150390625
N 3.774567399320905 5.32682723295267 0.699880660827847 170.5355224609375 225.65676269531252 237.22421875
H 3.160534599154192 6.056675788615147 0.40259789913377647 -35.0473388671875 9.625074005126955 2.429707145690918
C 3.5779657648015553 4.026433816974308 0.11304908092148137 118.54622802734376 -198.50179443359377 67.48926391601563
H 3.8444661528247797 3.282741206539645 0.9537304786690465 -25.726715087890625 88.67279663085938 -157.11103515625
C 2.1066630911392794 3.7881835337319685 -0.2607610293760905 214.83500976562502 -211.95119628906252 193.63442382812502
H 1.909257010615537 4.421307017325836 -1.0166501414932356 -123.87630615234376 177.16140136718752 -143.88431396484376
H 2.1810407407891454 2.7748653469768154 -0.704357975995098 -91.71688842773438 27.28848571777344 46.12855834960938
H 1.5274672498218655 3.8411206883743336 0.6824784550983327 -24.46537322998047 7.009378814697266 -74.8823974609375
C 4.5255505479857465 3.803410270519026 -1.132463825498784 73.394970703125 324.11777343750003 294.5116455078125
O 4.068057712143097 3.5161987353615993 -2.171436805503265 -91.36527709960939 -170.33948974609376 -245.20292968750002
N 5.712483054919977 4.4701594505491205 -1.1122771110203236 -86.78563842773438 -83.12079467773438 89.83878173828126
H 5.995893597693577 4.9497494321304085 -0.2059679817975574 -20.897126770019533 -99.78596191406251 -161.66920166015626
C 6.6559861281329535 4.223084853590361 -2.1917573696737183 257.9149169921875 137.06846923828127 48.27122192382813
H 6.963499854997044 5.122446397609397 -2.7446368305669964 -46.22807922363282 12.999458312988281 46.378692626953125
H 7.588406167684445 3.8948251281145225 -1.694761484760066 -36.74266357421875 -20.771896362304688 -43.49341430664063
H 6.369032321742685 3.555650566064485 -2.970338512182735 -60.99141235351563 -84.79826049804689 -12.307167053222656
22
40.295379638671875
H 5.535097806793438 7.133904841124153 3.0126721035194075 -13.969558715820312 -47.27602233886719 -39.98728637695313
C 4.9082370110171585 7.063924333360433 2.1061687024843883 51.67142944335938 116.84051513671875 26.474414062500003
H 5.400934904446003 7.667175576200678 1.3237936525991643 -52.661859130859376 9.679916381835938 36.88133544921875
H 3.9163730331395366 7.3897967396158135 2.395441217278444 -14.469897460937501 24.97754669189453 -25.387193298339845
C 4.825748195815477 5.702524633924474 1.5492185340310252 1.5048745155334473 -424.25908203125005 -211.172607421875
O 5.777628134944303 4.878842592424797 1.7043274373998174 -148.4352783203125 171.35638427734375 36.780029296875
N 3.773686734129681 5.326881087173755 0.7034281944653835 175.20672607421875 222.72658691406252 232.78737792968752
H 3.1814575970157084 6.0645527228302045 0.40073254926571966 -55.09053955078125 18.19652099609375 -8.368356323242187
C 3.577404243047682 4.027049121532644 0.11186147499642321 123.04812011718751 -201.80253906250002 77.76874389648438
H 3.8373161767215453 3.285596754537199 0.9598371960279971 -22.77478942871094 89.911474609375 -165.86927490234376
C 2.1096981860406725 3.7842514020352214 -0.2643795697068968 172.59486083984376 -168.32618408203126 197.48837890625
H 1.902533433392878 4.436160461442005 -1.018373359398706 -112.17518310546876 151.1723876953125 -119.98591308593751
H 2.1760209261571797 2.776199985349763 -0.7101083847146604 -86.49381103515626 17.52532196044922 38.71843566894532
H 1.5194876487014564 3.8351080974138023 0.6835359058240187 -5.030490493774415 3.780503845214844 -95.51217651367188
C 4.526666427229691 3.802601963527999 -1.133391984939542 58.899731445312504 317.85654296875003 296.2872314453125
O 4.067300984349186 3.517586720026542 -2.1727123370988326 -88.22050170898439 -169.8039306640625 -244.346435546875
N 5.710931130158025 4.468068251784767 -1.1129382980546445 -86.17507324218751 -84.72942504882813 77.02009277343751
H 5.987191094090977 4.955901594117305 -0.21444545525766806 -14.041018676757814 -95.05813598632812 -145.82296142578124
C 6.65608443419925 4.221270530086081 -2.189423182078136 250.45170898437502 193.52261962890626 64.49757080078125
H 6.95622671770034 5.130127982217381 -2.7410376793382616 -47.35919189453125 -2.624829864501953 50.39443054199219
H 7.580651661759525 3.902177601668555 -1.6933300875913535 -12.487362670898438 -29.027502441406252 -32.20811767578125
H 6.378961878811928 3.560887101918402 -2.9550338205760966 -73.99288940429688 -114.63865966796875 -46.43775024414063
22
35.68988037109375
H 5.553916442703388 7.119117308551832 3.01768968762748 -35.74543151855469 -41.98334350585938 -58.09821166992188
C 4.910563945594286 7.063529816416708 2.110365126170777 44.58680725097656 127.9630126953125 38.42923278808594
H 5.39745805384058 7.676101001477972 1.328653400813016 -51.892242431640625 1.9518333435058595 40.42849426269532
H 3.908857198187813 7.391078560851318 2.3919000745028653 8.294113159179688 19.14983673095703 -20.979223632812502
C 4.822352484539268 5.705851021648063 1.5476319446118711 44.4404541015625 -448.7255859375 -195.77191162109375
O 5.778934253632818 4.879045050513627 1.70235658342792 -169.41508789062502 187.1763916015625 32.600189208984375
N 3.7729394632631803 5.327306027747994 0.7073814180384401 174.18548583984375 217.58195800781252 224.1475341796875
H 3.2012300073058775 6.072834435170003 0.3989404435483469 -71.12535400390625 24.192901611328125 -17.565213012695313
C 3.5771497810436093 4.027317304485499 0.11077129548875858 124.34190673828125 -193.84755859375002 79.27280883789064
H 3.8293696772987493 3.290638168780559 0.9615360712337171 -16.382992553710938 82.22235717773438 -163.60319824218752
C 2.113143888784705 3.7798575040388434 -0.2674247657219002 126.44796142578126 -109.784423828125 184.82113037109377
H 1.8931935742677364 4.454599892241041 -1.0230960142875474 -95.3332275390625 112.9684814453125 -84.55285034179688
H 2.1690234951963654 2.7779710599093037 -0.7145355027028826 -80.15504150390626 5.0165149688720705 29.668325805664065
H 1.5118703923397048 3.829135999826308 0.6823397834856025 11.93128662109375 0.7957098484039307 -109.9952392578125
C 4.528022374349803 3.8019943618791685 -1.133698557664378 40.66358947753906 308.6265380859375 291.76230468750003
O 4.066436799465976 3.518851742318639 -2.1743352082838365 -83.21893310546875 -167.91510009765625 -238.71086425781252
N 5.709126496683696 4.46587318916622 -1.11335042011887 -84.83993530273438 -94.11781005859376 47.871585083007815
H 5.9785562569004815 4.959309547335076 -0.22775902752317323 -3.892765808105469 -80.95574340820313 -113.2574951171875
C 6.656665845915492 4.21986144995563 -2.1868957187251903 233.78779296875 239.59853515625002 74.89805908203125
H 6.947598996402186 5.137717132216364 -2.7361695856874246 -46.71409606933594 -15.68560791015625 51.95135498046875
H 7.57282471296553 3.908639622990999 -1.6929715517798734 13.26625213623047 -36.730352783203124 -19.52485046386719
H 6.387370248110966 3.5632471698523807 -2.9408423377923714 -83.23055419921876 -137.49854736328126 -73.79198608398438
22
71.64022827148438
H 5.624983061053705 6.891798566751053 3.0023220189226034 8.442484283447266 56.435864257812504 48.87375183105469
C 4.950614397628394 7.074414072437467 2.180663375988727 -23.941206359863283 -163.37136230468752 -178.16025390625
H 5.308936633344458 7.861605151369786 1.503196942877072 30.908087158203127 -56.72935791015625 -0.3318306922912598
H 3.984438343781443 7.433451574933829 2.4669817444022017 -47.754632568359376 -16.567291259765625 57.40772094726563
C 4.83440072749921 5.648966054446713 1.4960087998307978 -38.551516723632815 447.9189453125 176.38475341796877
O 5.751085253217186 4.927297412153846 1.6658279508997813 124.45628662109375 -186.54158935546877 6.45013427734375
N 3.7611321461353198 5.3893166945200015 0.8018651699430681 -35.239279174804686 -288.619384765625 -223.5413330078125
H 3.2885488021954217 6.140155901965221 0.3534065234757156 -45.62132263183594 54.143157958984375 38.24468078613281
C 3.614853782577614 4.033078185809514 0.09433623845017143 -22.24911804199219 -130.13206787109377 225.77578125000002
H 3.847355832329746 3.1715130435810335 0.8256132267036586 -7.916224670410156 159.9841064453125 -90.96345214843751
C 2.1592062418728033 3.7361855741372567 -0.32850313042211776 -115.1591064453125 -118.49714355468751 250.2984619140625
H 1.7487085368093613 4.490508504754884 -0.8262809828527007 -60.85597534179688 207.1526611328125 -191.84318847656252
H 1.917291783646542 2.776199907450651 -0.8038567712543816 87.510498046875 9.484010314941406 -17.07626190185547
H 1.4720311034372022 3.7305372288782173 0.5302564453853104 69.16732788085938 -4.389733505249024 19.676393127441408
C 4.526607944950708 3.7948557981165454 -1.0930766043054057 -217.53908691406252 78.21630859375 -374.36740722656253
O 4.035900539871422 3.5292140165188934 -2.2387121062916506 74.87028198242187 -67.60785522460938 207.45278320312502
N 5.669027413037215 4.403193133148705 -1.1332585658116292 281.9287109375 121.8114990234375 161.7481689453125
H 5.945294337423387 5.056552726016349 -0.3717417793482256 -63.62384033203125 -112.27198486328126 -31.770367431640626
C 6.700312090711664 4.238388695200196 -2.1367703485797773 0.2045440196990967 19.1139404296875 51.57529907226563
H 6.722989906841565 5.237351898803539 -2.6068984457765296 51.370739746093754 -60.90256958007813 -36.55723876953125
H 7.668095022295801 3.914996477710945 -1.672339394764466 -66.44594116210938 52.5211181640625 -31.585202026367188
H 6.366582993533992 3.4359375467901465 -2.7773269757860093 16.038308715820314 -1.1512689590454102 -67.69136962890626
22
55.72149658203125
H 5.608077348112094 6.9332422959348 3.079058118629492 -27.939877319335938 15.55725555419922 -89.22808227539063
C 4.955242769403677 7.059478542093146 2.1763219427565668 -44.148406982421875 -15.525167846679688 139.0513427734375
H 5.347930336560696 7.86556657381702 1.5447702730134452 1.9443880081176759 -51.7373046875 -21.36326141357422
H 3.993211177383888 7.418960814209941 2.6331650146867287 58.78670043945313 -65.08619995117188 -75.7236328125
C 4.85411724515372 5.660183351178113 1.5011187866666131 -240.60686035156252 415.30209960937503 75.48616333007813
O 5.741386480947087 4.936581242879535 1.652265386243827 225.614697265625 -237.004150390625 35.307977294921876
N 3.7499978429763847 5.395952249101425 0.8108798787511905 66.19935302734375 -227.61052246093752 -161.10799560546877
H 3.2249270900466116 6.162372525064519 0.4233890713524463 -24.02381591796875 3.225078582763672 41.42079772949219
C 3.6338653347799026 4.035831455358125 0.10732135825226523 -199.9064453125 -60.30768432617188 -41.65086364746094
H 3.906249502090502 3.195625748862769 0.7447915196197221 10.719198608398438 41.0837890625 58.644256591796875
C 2.1543319691871456 3.722779782261678 -0.3370822726824073 -137.39158935546877 290.27880859375 175.32886962890626
H 1.6854760696598305 4.589051662339739 -0.8938070446376888 87.47885131835938 -89.36591186523438 24.666621398925784
H 1.956076516910774 2.8190592248844286 -0.8616947253755411 49.96173095703125 -79.76257934570313 -41.87062072753906
H 1.5263102866301317 3.6984244943379325 0.5745868909692995 42.736486816406256 -20.38257751464844 -30.447271728515627
C 4.491860176643265 3.777067341810132 -1.1185178451717661 82.49270019531251 245.54055175781252 -176.84487304687502
O 4.030466046700124 3.5307927552998613 -2.24404438197963 -7.579071044921875 -97.04877929687501 72.94346923828125
N 5.678523976652969 4.394061653386894 -1.125181138565405 17.72087860107422 -196.03603515625002 -141.27690429687502
H 5.8984826554531 4.988089733036988 -0.435519860658247 34.855569458007814 123.97965087890626 247.1137451171875
C 6.715592305556085 4.241775621086417 -2.119521440562772 -108.5885986328125 178.35335693359377 10.685790252685548
H 6.730619779175243 5.209661289895314 -2.6411584040373066 40.75195007324219 -38.141046142578126 -17.152737426757813
H 7.648384820808896 3.9825328859126086 -1.703976954279024 92.82990722656251 -11.179287719726563 55.14746704101563
H 6.4056581725538555 3.4878922406933754 -2.7462050310449406 -21.907713317871096 -124.13328857421875 -139.13023681640627
22
52.242462158203125
H 5.602121841939328 6.942575042579488 3.0837724389438597 -21.256195068359375 5.626572036743164 -92.04407958984376
C 4.955437205692857 7.057108791251011 2.176215227522455 -48.726809692382815 0.9689537048339845 167.10972900390627
H 5.3541260044415715 7.858900267509073 1.5497308966843806 0.3745841979980469 -41.286737060546876 -28.320892333984375
H 3.9984987301161707 7.410895701990132 2.652736436893738 59.23470458984375 -63.2638427734375 -88.50249633789063
C 4.855568083623091 5.665200856607113 1.5029510449694694 -251.930419921875 374.889306640625 57.46010131835938
O 5.741194629124331 4.936586842239996 1.6503576328913399 224.28237304687502 -226.79582519531252 37.57497863769532
N 3.748597558068969 5.395388591635756 0.8111250932640951 75.55071411132813 -194.916357421875 -148.32906494140624
H 3.2133324185032874 6.167718813621428 0.4369635688663967 -16.694956970214843 -15.290646362304688 42.44888000488282
C 3.6352779553114827 4.035706202716249 0.10944608094380083 -224.16518554687502 -27.727899169921876 -95.99298706054688
H 3.9137493451702494 3.210031402332511 0.7325808129161306 19.788044738769532 1.9884004592895508 91.35440063476562
C 2.1526373405486314 3.722219800746636 -0.3363812822516733 -127.4845458984375 322.38132324218753 127.44167480468751
H 1.679768874060545 4.603364207190701 -0.9089245386009515 107.5175048828125 -133.83427734375002 59.839978027343754
H 1.9670479031737576 2.8186545025091405 -0.8752848127004986 45.542028808593756 -68.79122924804688 -30.814376831054688
H 1.5396665511275494 3.692454323823503 0.5774831900847506 24.14052429199219 -22.167633056640625 -21.01041717529297
C 4.4871966819933835 3.7745156573775946 -1.1240280386631099 123.32369384765626 269.85532226562503 -132.0495361328125
O 4.02981109042422 3.530745995692697 -2.243991088445328 -21.97730407714844 -102.8320068359375 43.011999511718756
N 5.6801569547970345 4.392305558375254 -1.1243564079232486 -9.626781463623047 -198.444677734375 -134.58262939453127
H 5.893818836658066 4.987224811325197 -0.42907518217202867 34.643515014648436 116.42376708984375 237.2624267578125
C 6.717092433345318 4.2439683043964 -2.11660793333115 -113.8920166015625 137.7954833984375 -18.621987915039064
H 6.736483170527915 5.199390916921382 -2.6472803654317625 36.40431213378906 -18.930508422851563 -19.76074676513672
H 7.651219827581429 3.992458712546329 -1.7053186237583873 97.41253051757813 -14.510096740722657 59.685400390625006
H 6.4096794433013535 3.482900705095957 -2.7561792485957524 -12.460323333740234 -101.13742065429688 -113.16036376953126
22
48.312957763671875
H 5.595443829392557 6.95251535524918 3.0860856599618347 -11.029975891113281 -4.850500106811523 -88.87226562500001
C 4.955529970432475 7.054687025760989 2.1762958546935276 -51.86224975585938 16.054417419433594 184.98122558593752
H 5.360422837716319 7.851005315370458 1.5536771416785222 -1.238624954223633 -30.14252624511719 -34.65908508300782
H 4.005119806685334 7.4011204141434686 2.669961051504741 54.09035034179688 -58.503631591796875 -97.57091064453125
C 4.856596789767849 5.670838234834864 1.5048715738201837 -258.1070556640625 327.531640625 39.56214904785156
O 5.741307403404989 4.936296722190957 1.6485283279341507 219.070068359375 -212.6646240234375 39.19102478027344
N 3.7472752758740753 5.394466187704934 0.8111254727417088 83.56095581054689 -159.78251953125002 -134.74420166015625
H 3.2010899669555504 6.17224997145021 0.4512738298783833 -9.208303833007813 -33.78276062011719 42.727777099609376
C 3.636329703494525 4.035519305954639 0.11140882705437424 -244.75395507812502 2.140062713623047 -145.61002197265626
H 3.921682091662838 3.2243884904824665 0.7229331887500523 27.85317077636719 -33.780828857421874 119.5202392578125
C 2.150798667842491 3.722349262595669 -0.3353385506544912 -110.69647216796875 335.6272216796875 78.17719116210938
H 1.6769798884222253 4.614245849596761 -0.9226160942742251 121.01226806640625 -167.38404541015626 89.07343139648438
H 1.9790624187047592 2.8166062802012295 -0.8896623272822566 41.21702575683594 -51.592254638671875 -15.588000488281251
H 1.553605914571302 3.685827553197253 0.5798733673715386 4.179372024536133 -23.52405548095703 -9.271135711669922
C 4.482855477857433 3.7720165971071355 -1.1298859849482121 161.178955078125 292.9593017578125 -85.00359497070313
O 4.0292047542266936 3.5307146006486367 -2.2438984802559743 -36.299703979492186 -108.76805419921875 11.780290985107422
N 5.681707282345738 4.390316806331276 -1.123740699151989 -31.877578735351562 -186.5966796875 -112.50408935546875
H 5.890248885242544 4.989127233785047 -0.4182332488732557 30.355923461914063 96.00317993164063 211.98356933593752
C 6.718405036383127 4.246432977448889 -2.113775876225001 -112.3839599609375 85.90931396484376 -50.63053894042969
H 6.743654336234821 5.188437073746855 -2.6536623316894676 31.369198608398438 1.7624263763427734 -23.02125244140625
H 7.65616506074163 4.001895222910677 -1.704887186173549 94.387548828125 -15.881579589843751 60.83681030273438
H 6.41344544850856 3.4754891102398355 -2.7687764768409346 -0.8169753074645997 -70.73347778320313 -80.35862426757814
22
44.178192138671875
H 5.588359923725543 6.962621599984003 3.0860720036309264 2.39306697845459 -15.357986450195312 -80.02584228515626
C 4.955564962090108 7.052402214631722 2.1766853827200014 -53.60938110351563 29.045184326171878 192.49173583984376
H 5.366823289482284 7.842282707908673 1.5566721994789154 -3.0851818084716798 -18.661108398437502 -40.09589233398438
H 4.012978535008751 7.389648111419378 2.68512729386867 43.74263000488281 -50.82213439941407 -102.7886962890625
C 4.856999415779886 5.6771221972061365 1.506914292241281 -258.0016357421875 273.652392578125 22.100634765625003
O 5.741651731180736 4.935782306519283 1.646677146912072 209.74873046875 -194.47703857421877 40.17653503417969
N 3.746058559100632 5.393238521912501 0.8108805516881544 90.01649780273438 -123.10421142578126 -120.18354492187501
H 3.1883219199528634 6.175714628018669 0.4666434439310588 -2.1891082763671874 -51.28460693359375 41.79879150390625
C 3.636986915725935 4.035438023287157 0.11304733546764174 -260.611328125 25.579251098632813 -187.1908935546875
H 3.9301532578741143 3.2375496672979582 0.7165600760762041 33.686065673828125 -62.751416015625004 140.61381835937502
C 2.1487781409676767 3.723171949051336 -0.3341059167978122 -86.61461791992188 329.4859619140625 31.437335205078128
H 1.6775593505792834 4.621036015109567 -0.9341316887269524 126.67104492187501 -187.63819580078126 110.5557861328125
H 1.9919291388102183 2.8135717843377335 -0.9047410066092687 36.65953063964844 -29.74671325683594 3.022776031494141
H 1.5675365014581855 3.6784126413656604 0.581963941344801 -15.932221984863283 -24.391629028320313 3.3962104797363284
C 4.478847260141122 3.7697369088478605 -1.1359035302817895 195.39429931640626 314.2290283203125 -37.90441589355469
O 4.028529131059715 3.5306442077360725 -2.243840549139043 -49.90118103027344 -114.5419677734375 -19.3529052734375
N 5.683126312865111 4.388204111242573 -1.123383845751653 -49.016909790039065 -161.56218261718752 -75.81198120117188
H 5.888017064483581 4.993507937578578 -0.4033965967235584 22.48958740234375 63.84393920898438 172.36195068359376
C 6.719458292686666 4.249073664062561 -2.111088121281792 -103.69822998046875 26.693212890625002 -85.299169921875
H 6.751459610462678 5.177595371702263 -2.6605024408538913 25.8818603515625 21.73286285400391 -25.946319580078125
H 7.663274637944887 4.010875680556531 -1.7029574196541608 83.7198974609375 -15.408113098144533 58.667578125000006
H 6.416852263959688 3.4661404983806783 -2.78347028472484 12.256563568115235 -34.5145263671875 -42.02349853515625
22
40.598114013671875
H 5.581250418147951 6.971953974914 3.084161727486472 17.85484619140625 -25.118804931640625 -66.78240966796875
C 4.955512061602497 7.05022112872877 2.177420694723044 -52.88385620117188 39.941873168945314 190.44598388671875
H 5.373266105989466 7.832943968206809 1.5586982676484553 -5.217283630371094 -7.329315948486329 -44.28754272460938
H 4.021743327679545 7.376765790932515 2.697732284482552 28.543826293945315 -40.52928161621094 -103.80828857421875
C 4.856850536572228 5.684054884996218 1.5090967223948337 -251.47038574218752 213.347021484375 5.1287582397460945
O 5.742274356617267 4.934997178835021 1.6449034640980196 196.2392578125 -172.14696044921877 40.59477233886719
N 3.7450314659340838 5.391744869266725 0.8105930195167453 95.15504150390626 -86.66513061523438 -105.12547607421875
H 3.1756807365508672 6.177657379720811 0.48268675962071295 3.5600555419921878 -66.32586059570313 39.51083068847657
C 3.637210697689497 4.035550998377779 0.11425565232176645 -270.68381347656253 42.41951293945313 -219.82607421875002
H 3.939150893152684 3.249330966268915 0.7131690080782315 36.935812377929686 -84.60485229492188 154.67493896484376
C 2.146763195269081 3.724665966000745 -0.33270613738702837 -57.439013671875 303.02646484375003 -9.471399688720703
H 1.681053319464926 4.623021967932849 -0.9430393517147908 124.53709716796875 -193.403515625 123.29389648437501
H 2.005529901822329 2.8094294530117585 -0.9199703870558856 31.824075317382814 -3.64935302734375 24.80307312011719
H 1.5811191050656648 3.670221912980607 0.5844889061689058 -34.57173461914063 -24.62262725830078 14.826113891601564
C 4.475257036686166 3.7676787343618976 -1.1418651019087362 225.3355224609375 333.3526123046875 7.925121307373047
O 4.027788278659761 3.530448242527201 -2.2437620619500853 -62.28658447265625 -119.98708496093751 -49.605218505859376
N 5.684447735322239 4.38589196434203 -1.123093907768413 -61.315563964843754 -125.38526611328126 -26.889984130859375
H 5.8869085047732925 5.000031843717654 -0.3852006103310962 11.834144592285156 22.01656188964844 120.47982177734376
C 6.720252053849125 4.251840542513811 -2.1085667337211023 -86.81754150390626 -35.472540283203124 -120.40501708984375
H 6.759892171183557 5.167423479122055 -2.6675682139495644 19.839627075195313 39.897607421875 -28.120169067382815
H 7.672561176367395 4.019757863828742 -1.6996531337086984 65.64415283203125 -13.389768981933594 53.357092285156256
H 6.4205141645840635 3.4557589343245514 -2.799351006770774 25.382302856445314 4.628680801391602 -0.7188158988952638
22
38.23773193359375
H 5.574559910102073 6.98097034816917 3.0803600389430272 35.038116455078125 -34.27354736328125 -49.35842590332032
C 4.9553800321853085 7.048115398114927 2.178605175916023 -49.40325622558594 49.05711975097657 178.2200927734375
H 5.379539128783536 7.823276631126694 1.559669920799862 -7.922463989257813 3.1989482879638675 -46.982781982421876
H 4.03125167455011 7.362905293839206 2.707647045351825 8.812569427490235 -28.15473327636719 -100.51934814453125
C 4.856203661410069 5.691249346389985 1.5113076570665287 -239.12687988281252 149.423046875 -10.739585876464844
O 5.743235080909017 4.933937606722988 1.6431117420923615 179.18962402343752 -146.69401855468752 40.5162841796875
N 3.7442260565744827 5.39015657200678 0.8100924782892925 99.67088012695314 -52.832409667968754 -89.48579711914063
H 3.163341743403584 6.177797452150731 0.4994068225139225 7.217258453369141 -77.50225219726563 35.612265014648436
C 3.6369290126929092 4.035967435743864 0.11488581141828405 -272.9974609375 49.32496948242188 -240.7461669921875
H 3.9493083445034927 3.2587616318739587 0.713422998746555 35.97856140136719 -96.18637084960938 159.242431640625
C 2.1447646135763745 3.7267338504023795 -0.33125341498717387 -24.31807556152344 258.6076904296875 -40.97319641113282
H 1.687380407568685 4.620164137060346 -0.9488721827773097 114.68466796875 -184.42189941406252 126.45267333984376
H 2.0194002452034687 2.8049686990447387 -0.9348012786377486 26.54574890136719 24.242864990234377 48.079217529296876
H 1.5935844926158127 3.6612799216270164 0.5874681970138527 -50.637847900390625 -24.079486083984378 23.858990478515626
C 4.472165149869883 3.7658269526168686 -1.1477576924279018 250.15214843750002 350.2785888671875 51.7707763671875
O 4.026993567845148 3.530114419124013 -2.2437474104969652 -73.16383056640625 -125.04897460937501 -78.49227294921876
N 5.685554595548234 4.383545385826086 -1.122940269845181 -69.47837524414062 -82.34838256835938 29.390423583984376
H 5.88666985040525 5.007269343309591 -0.3646706556886708 -0.21956446170806887 -25.307368469238284 60.88936157226563
C 6.72082659547343 4.254536583159113 -2.1062984369174753 -62.42210083007813 -95.00919799804689 -153.99440917968752
H 6.768893019643096 5.158249049666762 -2.675153390810336 13.347282409667969 54.9062744140625 -28.72693786621094
H 7.6834015460493355 4.028611549852066 -1.6949390173716359 41.713525390625 -10.39242172241211 45.412078857421875
H 6.424689143871528 3.4454229670246512 -2.815414129075084 37.3394775390625 43.21155700683594 40.57431335449219
22
37.268341064453125
H 5.568963367308993 6.9888149144985325 3.0750249119704987 52.519665527343754 -42.11759643554688 -29.599978637695315
C 4.955124013635316 7.046110604741635 2.1801499343748434 -42.60393371582032 56.804846191406256 157.6331298828125
H 5.385673629567754 7.813430970419722 1.5590582961350692 -11.619075775146484 12.230957794189454 -47.44349975585938
H 4.040853136667049 7.3483217236752685 2.7148519935564948 -13.993833923339844 -14.199984741210939 -93.44724731445314
C 4.855029417573318 5.6986954386162045 1.513538266040812 -221.2285888671875 82.11757202148438 -25.74526062011719
O 5.744422106301718 4.932545905496451 1.6413765622343146 158.68365478515625 -118.18326416015626 40.07948913574219
N 3.7435777662287655 5.388485234364663 0.8094387754554654 103.73397216796876 -22.53658447265625 -73.61862182617188
H 3.1512231387291614 6.175780710974127 0.5167560648690497 8.402021026611328 -84.11562500000001 30.26069030761719
C 3.6360315488851294 4.036675681735328 0.11491147536995296 -266.3509033203125 44.87973327636719 -248.13935546875
H 3.9605404511256697 3.2652885905425233 0.717995070809666 29.808813476562502 -95.91644287109375 152.739697265625
C 2.1427939984548754 3.729261972394518 -0.32993818524520263 11.743949127197267 200.65018310546876 -58.511285400390626
H 1.6960158588861238 4.612542720132554 -0.9513345789934791 97.713720703125 -161.080419921875 119.5880615234375
H 2.033930804861976 2.801482103873378 -0.9485717674644395 20.12715301513672 49.96554260253907 70.22039184570313
H 1.604485181437342 3.651588570680387 0.5910860660286696 -63.294244384765626 -22.764013671875002 29.10126647949219
C 4.469460502313567 3.764287283749184 -1.153544124241729 270.01513671875 364.895751953125 93.21893310546875
O 4.025962994628043 3.529670474125601 -2.2438465876136306 -82.13654174804688 -129.56732177734375 -105.57401123046876
N 5.6864627572473845 4.3811747094491835 -1.1227382132116956 -74.94555053710938 -37.09294738769531 87.44985351562501
H 5.886868906282697 5.014282111947651 -0.343178556525544 -12.367611694335938 -73.77182006835938 -1.424897575378418
C 6.7211526399834405 4.25699353979067 -2.1043168415873694 -30.691433715820313 -147.1953369140625 -184.24986572265627
H 6.778521893539466 5.150359670382815 -2.6835297158416593 6.414682769775391 65.57174682617188 -26.884500122070314
H 7.695219043695571 4.036975075886523 -1.6890189039939238 13.228604125976563 -6.700381469726563 35.29124755859375
H 6.429782954673802 3.4360657458891124 -2.8307028129324197 46.840371704101564 78.12542114257813 79.05576171875
22
37.950042724609375
H 5.564466856001501 6.995345921244402 3.0687565441977247 69.93684692382813 -48.61534423828125 -8.396278381347656
C 4.954863898337832 7.044272781474379 2.182174605656079 -33.33648681640625 63.30355224609375 130.22041015625
H 5.391678440108137 7.803571124357836 1.5571095247205957 -16.220237731933594 19.789282226562502 -45.76674499511719
H 4.050277644729364 7.333478001503027 2.7197028039506206 -38.77755432128907 0.7286265373229981 -83.35584716796876
C 4.853379466047806 5.706353774193246 1.5157243040701274 -197.76776123046875 12.737738037109375 -39.32088928222657
O 5.745868043461552 4.930963453336464 1.639721058742625 135.04813232421876 -87.14976196289064 39.28647155761719
N 3.743092755859538 5.386856272691571 0.8087964556867429 106.908544921875 3.685280227661133 -58.307751464843754
H 3.139306824252157 6.171760801871889 0.5347816280777186 7.260612487792969 -86.44483642578126 23.877290344238283
C 3.6345415880245104 4.037666697268735 0.1144436716570927 -250.69948730468752 31.695950317382813 -243.653564453125
H 3.9727347438528433 3.26954018651647 0.7261810261371373 18.822654724121094 -86.04639282226563 136.91395263671876
C 2.14094275526136 3.7323212851154186 -0.3287377132193371 49.438027954101564 132.6640380859375 -60.73287353515625
H 1.7070192126407773 4.601169405368405 -0.950500129435703 74.466748046875 -125.32679443359376 103.46987304687501
H 2.0488011757564495 2.7996705557496373 -0.960741185820782 12.665157318115234 71.80623779296876 89.76974487304688
H 1.6138472318233685 3.641101615753973 0.5955885181008936 -72.345458984375 -20.382493591308595 29.865701293945314
C 4.467365919800496 3.76330266963319 -1.1590650473840591 283.478955078125 376.55405273437503 131.34801025390627
O 4.02480107678063 3.529093081361301 -2.2439983512975283 -88.73827514648438 -133.36553955078125 -130.0482177734375
N 5.6872258532100615 4.378912289252198 -1.1223863815057395 -78.14352416992188 5.328137969970704 140.87296142578126
H 5.887151914857473 5.019832473349765 -0.32244432955924396 -23.129945373535158 -118.09841308593751 -60.06052856445313
C 6.721337284811941 4.2592321293227915 -2.102641309198737 7.00866928100586 -189.00672607421876 -208.51054687500002
H 6.788549610223223 5.1438004621565785 -2.6921756766769938 -0.8783473968505859 72.50416259765625 -23.188838195800784
H 7.707622319266409 4.04514037299066 -1.6826880192343197 -17.819482421875 -2.791424179077149 24.063340759277345
H 6.436337312674763 3.428531475661262 -2.8439376822668168 52.822235107421875 106.43067626953126 111.65432128906251
22
39.855682373046875
H 5.561586335929726 7.000985332522218 3.0620987189836613 85.60631713867188 -53.931311035156256 11.837945556640626
C 4.954461487895504 7.0425593644039655 2.1843881700226215 -22.77444763183594 69.31052856445312 100.93043212890626
H 5.3972686207347795 7.793802046249644 1.55406592966552 -21.528352355957033 26.154177856445315 -42.728344726562504
H 4.058516486277148 7.318757734586128 2.7226260457812854 -62.8988525390625 15.547344970703126 -71.89071655273438
C 4.8512242408831145 5.71400265525503 1.5178268340343937 -169.14022216796877 -57.805633544921875 -51.791394042968754
O 5.747556478928062 4.929189891624716 1.638010244208408 108.7753173828125 -54.08759155273438 38.386895751953126
N 3.742749681888873 5.385116697154367 0.8081271134465484 109.41195068359376 25.41437683105469 -43.68563232421875
H 3.1277798862085016 6.165558606856278 0.5531312090683258 3.6195098876953127 -84.45472412109376 16.763095092773437
C 3.6325286666582484 4.038732627381671 0.11351357782815825 -226.964208984375 10.793650817871095 -228.5896728515625
H 3.985532649698506 3.2713925107489845 0.7373959746800947 3.352211380004883 -67.74596557617188 112.82529296875
C 2.1391338905633637 3.7356483353482632 -0.3276683693505086 88.10936279296875 59.559014892578126 -47.62521057128907
H 1.7198519932207266 4.5866822348510015 -0.9469823399799024 46.415985107421875 -79.82119750976562 79.54316406250001
H 2.064035239211379 2.7998737300616074 -0.9706260776384594 4.0349269866943365 87.7154296875 105.13668212890626
H 1.6216130337111003 3.630053569499041 0.6008855318960662 -78.09005126953126 -16.928359985351562 26.328692626953128
C 4.465876890943491 3.762738817492558 -1.164336158955005 290.1429443359375 385.3259521484375 166.23848876953127
O 4.023501013778991 3.5283970353455656 -2.2443284950483418 -92.86286621093751 -136.3674560546875 -151.58806152343752
N 5.68770832013786 4.376709756996052 -1.1217305166740899 -78.65776977539063 40.111175537109375 182.02089843750002
H 5.887553718794988 5.022780802526908 -0.3042705653999458 -31.794464111328125 -153.67467041015627 -108.6572265625
C 6.721460405593498 4.261018274652624 -2.101494368689973 47.54324035644532 -214.590576171875 -224.42680664062502
H 6.798747842128052 5.139205684458679 -2.7012623571567964 -8.458480072021485 74.08985595703125 -16.666908264160156
H 7.719535801397162 4.053588921536955 -1.6757301468477155 -48.67730712890625 0.5218953132629395 12.267626953125001
H 6.444356050776648 3.423844887720935 -2.8543202338081004 54.83526611328125 124.8640625 135.370751953125
22
42.2103271484375
H 5.560656505764451 7.005544022136786 3.0555129654658115 98.54604492187501 -57.964019775390625 29.729510498046878
C 4.953997539513417 7.041096735295626 2.186731792526035 -10.830101776123048 74.7389892578125 71.89043579101563
H 5.402377569247791 7.7845563932725215 1.5501749080073932 -27.43197021484375 31.157257080078125 -38.53856201171875
H 4.065335751968843 7.304545897491344 2.7236512408754394 -85.57779541015626 29.88007507324219 -59.585852050781256
C 4.848625142251187 5.721559172027469 1.5198150359881046 -135.51958007812502 -128.03424072265625 -63.02319946289063
O 5.749486594602139 4.927276556570246 1.6363204986323239 80.22432250976563 -19.5340576171875 37.387646484375004
N 3.742617944364607 5.38338443770923 0.8074533680224971 110.60675048828125 42.29423828125 -30.64051513671875
H 3.116328073179842 6.15712412597806 0.571830821880515 -2.1432823181152343 -78.4039794921875 9.414712524414062
C 3.6300830595728577 4.039946603703365 0.11204873760050979 -195.37186279296876 -16.844467163085938 -202.92459716796876
H 3.9985782609448774 3.271378008201611 0.7516191190561822 -16.292237854003908 -42.176553344726564 81.00895385742189
C 2.1375605857965976 3.7390418448742397 -0.32679478005068374 124.594775390625 -13.428106689453125 -20.362026977539063
H 1.733865548892925 4.570170221164543 -0.9417313600948936 15.736878967285158 -28.44051208496094 50.20063781738281
H 2.079413891619052 2.8022942845536027 -0.9779655817461144 -5.345152282714844 96.55699462890625 115.37059326171875
H 1.6272663771722375 3.6186452498529604 0.6067779656416176 -80.10658569335938 -12.28687744140625 18.108572387695315
C 4.465094035043063 3.762536216342359 -1.1692673871772183 289.94853515625 391.21298828125003 196.9893310546875
O 4.022053424395868 3.527578176414572 -2.244887963630399 -94.1279052734375 -138.41423339843752 -169.55140380859376
N 5.688021398611822 4.3745951118007556 -1.1206431728067214 -77.71038818359375 62.98433227539063 205.66899414062502
H 5.8877802651920454 5.021843815328783 -0.2897610625225254 -37.23974304199219 -176.49080810546877 -141.95455322265624
C 6.72165905576464 4.26228018338074 -2.100774767863309 87.55857543945314 -223.326513671875 -231.9307373046875
H 6.808816609954666 5.136445224123037 -2.7105820398221043 -16.06649627685547 70.72944946289063 -7.54221420288086
H 7.7301086398565655 4.062065686243867 -1.6684201758902917 -76.69045410156251 2.8567764282226564 0.8257489204406738
H 6.45356496924664 3.422096965220136 -2.861378178817056 53.237683105468754 132.933251953125 149.4585205078125
22
44.366973876953125
H 5.561955896937415 7.008929407915581 3.0497520552041637 107.70399169921876 -60.7257568359375 43.681164550781254
C 4.953614059830627 7.039870972974014 2.1892427865582835 1.0086410522460938 78.62055053710938 46.82014465332031
H 5.406453971534976 7.775791260972258 1.5460502806988539 -33.04058532714844 35.85380859375 -34.42134094238281
H 4.070266860570337 7.290985780446971 2.723105981591751 -105.26878662109375 43.159814453125 -47.472817993164064
C 4.845649631033204 5.728847095381352 1.5216346300918064 -97.9398193359375 -195.6114013671875 -72.67938232421875
O 5.7515516959147694 4.9254115205226 1.634677934438704 50.5170166015625 15.1419677734375 36.25716552734375
N 3.742628307282383 5.381761765135359 0.8068995832106353 110.302099609375 53.80009765625 -19.905207824707034
H 3.104950751359893 6.146627508594003 0.5906947067062756 -9.810534667968751 -68.63256225585938 2.2916339874267577
C 3.62714305409221 4.041278070037392 0.1101614164683294 -157.061279296875 -47.73046875 -169.03551025390627
H 4.011213107411742 3.270507979929496 0.7680511596459193 -38.7440185546875 -12.553226470947266 43.96688232421875
C 2.1361960392734693 3.742355089515333 -0.3259720457512724 157.66444091796876 -80.31155395507812 18.07459716796875
H 1.7481540466099654 4.553085324072226 -0.935076005844284 -15.525256347656251 24.860223388671876 17.918551635742187
H 2.094823792280876 2.8074736454759868 -0.9824747923075737 -15.309288024902344 96.78806762695314 119.3722900390625
H 1.631215640117329 3.6071485147899374 0.6129591507867203 -79.44520263671876 -6.823106384277344 6.797949981689453
C 4.465060296146486 3.7627701605418 -1.1736893074378685 282.2447998046875 393.94140625 222.9161376953125
O 4.020489882375756 3.526675975596072 -2.2455986389785636 -92.36330566406251 -139.4281982421875 -183.49991455078126
N 5.688081271534017 4.37269906575961 -1.1190821341449637 -74.82157592773437 72.09580078125 208.521923828125
H 5.887728836014018 5.016637242476371 -0.27987115038769195 -39.11508483886719 -184.44921875 -156.49210205078126
C 6.722126305178142 4.263052523226706 -2.100369750472341 124.60849609375 -215.2416748046875 -230.72451171875002
H 6.818884177124678 5.135337710057649 -2.7199937973262998 -23.646046447753907 62.988684082031256 3.8565132141113283
H 7.7390674670789235 4.070495440092 -1.661090950226065 -100.41938476562501 4.010687255859375 -9.553398132324219
H 6.463742957207893 3.4234567305308072 -2.8647046321830234 48.460671997070314 130.24605712890624 153.30924072265626
22
45.605621337890625
H 5.5660096716471505 7.0112147076585085 3.045022253430556 112.08118896484376 -62.289770507812506 52.472802734375
C 4.953326859967111 7.038847619966057 2.191825238843556 12.498631286621094 82.89037475585938 27.362307739257815
H 5.409580635907122 7.767914027776323 1.5412333771264108 -38.91362609863282 39.05287170410156 -29.516473388671876
H 4.0727439109485335 7.278640103548639 2.7214674702370263 -119.91527099609375 54.54437255859375 -36.896374511718754
C 4.84250159360081 5.735728514005602 1.5232424910799947 -57.802258300781254 -259.2675048828125 -80.85160522460939
O 5.753741850912622 4.923610245491437 1.6331169061137385 20.54035186767578 49.0716796875 35.03531494140625
N 3.742905724346368 5.380299670525402 0.8063739869318927 107.90543212890626 60.42613525390625 -11.923207092285157
H 3.0935651860682913 6.134382139945439 0.6094627766739236 -18.510154724121094 -56.27246704101563 -4.065761184692383
C 3.6237821665294363 4.042623985222523 0.10783631665588322 -113.54832763671875 -78.75502319335938 -129.00004882812502
H 4.022725935762594 3.2694019616988204 0.7856600321946815 -62.44749755859375 18.356460571289062 4.16505241394043
C 2.1351711231922286 3.745522762532399 -0.32507717543651166 183.86553955078125 -136.3165283203125 64.75895385742187
H 1.7620413038326188 4.536964450009785 -0.9281336744373676 -45.03749084472656 75.44210205078126 -13.930955505371095
H 2.110022577796651 2.8154135571316035 -0.9839991510147306 -25.364463806152344 88.28155517578125 116.90762939453126
H 1.6330568522253295 3.595713455076617 0.6195692349008048 -75.63686523437501 -0.4293701648712158 -8.047444152832032
C 4.465708176745469 3.7634362380555286 -1.1775988340825216 267.4357177734375 393.51982421875005 243.4320068359375
O 4.018713461616446 3.5257301061197794 -2.246550632037959 -87.47515258789063 -139.29874267578126 -193.0373291015625
N 5.687934274336664 4.371015273120676 -1.1170546481368562 -70.57611083984375 65.84844970703125 187.84376220703126
H 5.887473856917998 5.006830725171554 -0.27540505212145516 -37.119692993164065 -176.21485595703126 -149.52364501953124
C 6.722883293339343 4.263329076552399 -2.1003692127050817 156.076025390625 -191.664892578125 -220.76723632812502
H 6.828611736543473 5.135495860573384 -2.729182861926173 -30.945941162109378 52.26312866210938 16.57783203125
H 7.74579193635894 4.078908995646062 -1.6541441316919414 -118.00042724609375 3.791196823120117 -18.14001007080078
H 6.474796816608485 3.4279331286936565 -2.864597511105948 40.890380859375 117.02098388671875 147.14442138671876
22
45.8702392578125
H 5.572791006545726 7.0119782914312845 3.041001445117139 111.91536865234376 -62.638543701171876 56.86719360351563
C 4.95308006140979 7.037959906792173 2.194552836735011 22.403814697265627 86.94451904296875 13.327482604980469
H 5.4117780900269965 7.760623650177029 1.535862619105054 -44.81908264160157 41.07458190917969 -24.077183532714844
H 4.0723447724624435 7.267754832603672 2.718771984976414 -128.60191650390627 63.834466552734376 -28.33832702636719
C 4.839187774084373 5.741977694875141 1.524612441946097 -16.431013488769533 -317.40122070312503 -87.44157104492189
O 5.75593259740547 4.9218379587479895 1.631661799473316 -8.984794616699219 81.4384521484375 33.67074279785157
N 3.7433395856655336 5.378988772199806 0.8057653442212269 102.63704833984376 63.880548095703126 -6.585627746582031
H 3.0815069695470547 6.1207231928297805 0.628061483488817 -26.701263427734375 -43.11049499511719 -9.128304290771485
C 3.620120224554402 4.044005475662658 0.10521567562591852 -67.36065063476563 -107.80665283203126 -86.50147705078126
H 4.032828585425525 3.2685874460166198 0.8029292455910954 -85.77728881835938 47.87711791992188 -35.258340454101564
C 2.1344738504586602 3.748385053352339 -0.3240348074042881 202.43604736328126 -178.67519531250002 115.98499755859376
H 1.7747812141995594 4.5227560102841835 -0.9215405140052392 -71.33460083007813 120.16175537109376 -42.931985473632814
H 2.1247682010623246 2.8257081234248242 -0.9825074269193348 -34.97411804199219 71.66323242187501 108.09947509765625
H 1.6331069499705277 3.58400769799043 0.6262713547175635 -69.41021118164063 6.805878448486329 -25.1232421875
C 4.466949245127429 3.764492320138069 -1.1808902730488888 246.151806640625 390.11083984375 257.48388671875
O 4.016728710685203 3.5247746722803575 -2.2477920899490282 -79.59991455078125 -137.95008544921876 -197.64384765625002
N 5.687581295275547 4.3695585998611675 -1.1146649430944178 -65.12020263671876 45.790887451171876 145.4697265625
H 5.886682748032469 4.992840807420398 -0.2759313149662145 -31.188949584960938 -153.4631103515625 -122.61185302734376
C 6.724130391832656 4.263223547066789 -2.1008467257981738 178.71268310546876 -153.86256103515626 -202.73209228515626
H 6.837590305568339 5.136806476201576 -2.738201745167421 -37.701629638671875 39.1198974609375 30.088494873046876
H 7.749792049598105 4.087623881550817 -1.6478800728161573 -127.48984375 2.054234313964844 -24.142738342285156
H 6.4866464903418874 3.435104005294756 -2.861085194190057 31.238720703125 94.15147094726564 131.52458496093752
22
45.40460205078125
H 5.582251315672274 7.011294289037197 3.038247962959946 106.35938720703126 -61.760552978515626 55.797314453125004
C 4.952884873081928 7.03731906235074 2.197370155217049 30.843951416015628 90.49215698242188 6.390838241577149
H 5.412853868714146 7.754297668864197 1.5302239509539939 -50.476846313476564 41.93648376464844 -18.38289031982422
H 4.068920499010343 7.2584053183269805 2.7151389805420587 -130.83065185546874 70.90674438476563 -22.16407012939453
C 4.835826781592422 5.7475143090313585 1.5257709172581435 24.93131561279297 -368.77685546875 -92.59036254882812
O 5.758150479729406 4.920215530003856 1.6302263886745494 -37.3239990234375 111.5441650390625 32.25120239257813
N 3.7438960330846607 5.377804355887611 0.8051282348076211 93.883544921875 65.21174926757813 -4.257494735717773
H 3.0686752446294236 6.10607477568184 0.6460533090600863 -33.14288330078125 -30.54773864746094 -12.536544799804688
C 3.616408815969216 4.045287488517804 0.1023431602788727 -21.242845153808595 -131.4031982421875 -44.379956054687504
H 4.040831489137213 3.2691413087790244 0.8191564521696633 -106.7017578125 72.76848754882813 -71.5191162109375
C 2.1342748950096304 3.750815380583883 -0.3228832608909955 211.80935058593752 -204.77205810546877 168.06146240234375
H 1.7859703081771396 4.511320073757075 -0.9163163281181497 -92.89598388671875 155.91549072265627 -66.64171142578125
H 2.138858643677797 2.8379740341875848 -0.9782316181062757 -43.623660278320315 47.66560363769531 93.38193359375
H 1.631127672881536 3.572189826474733 0.6325446150121177 -60.896984863281254 14.710472106933594 -43.601113891601564
C 4.468782990337892 3.765919125568078 -1.1836691710023908 219.2117919921875 383.7086181640625 265.1451904296875
O 4.014574083048188 3.523664810816415 -2.24936417699078 -69.01182861328125 -135.42427978515624 -197.43801269531252
N 5.687111572818733 4.3683391966790985 -1.1121393715069035 -59.129998779296876 14.355441284179689 84.56705322265626
H 5.885337406985985 4.975278107168586 -0.28092397181902107 -21.54200439453125 -118.620849609375 -78.26774291992189
C 6.725813558339329 4.2628171513922695 -2.1018027034360736 192.5728759765625 -104.62010498046875 -178.00026855468752
H 6.846025236938944 5.139071466554071 -2.7468167007166033 -43.88246459960938 24.408462524414062 43.78410034179688
H 7.750980171052944 4.096429648053194 -1.642272587078081 -128.993408203125 -0.9532501220703126 -27.492398071289063
H 6.499183262913539 3.444458467847358 -2.8547086228913185 20.083105468750002 63.254998779296876 107.89256591796875
22
44.351531982421875
H 5.594413136741034 7.009157049800981 3.036869169044195 95.00530395507813 -59.62626342773438 49.01439208984375
C 4.952734350454101 7.036944982775558 2.200237377459144 36.79309997558594 93.34683227539062 7.654395294189453
H 5.412810526777113 7.748878036811386 1.524421712423154 -55.699493408203125 41.88368835449219 -12.660816955566407
H 4.062064119907084 7.250555882361192 2.710882253734165 -125.29461669921875 75.56781005859375 -19.0244873046875
C 4.8324745217343805 5.752265778688537 1.5267721673588628 64.9602783203125 -412.492822265625 -96.39466552734376
O 5.760275947135805 4.9188345115516245 1.6289227031097573 -63.648046875000006 138.6076416015625 30.822994995117188
N 3.744481284667451 5.376759875300429 0.8045127512931247 82.16769409179688 65.2972900390625 -4.175682449340821
H 3.0551164892069282 6.090888524146089 0.6638209678705852 -37.47331848144531 -19.380389404296878 -14.587417602539062
C 3.6128383714261108 4.046476879297234 0.09940071524534423 21.13003845214844 -146.58524169921876 -6.367714309692383
H 4.045772707208574 3.2719616389333517 0.8333077804497774 -122.8136962890625 89.92471313476562 -101.23081665039064
C 2.1345830900251084 3.7527683275814185 -0.32134718968234866 211.28859863281252 -212.199951171875 213.8166259765625
H 1.7945903429778354 4.50422854363463 -0.9127981259920428 -107.79185791015625 178.723974609375 -81.88810424804689
H 2.151972586973501 2.8515702716228915 -0.9720030931547641 -51.01134338378907 18.753157043457033 74.64004516601562
H 1.6276219819971838 3.560654458336796 0.6380300897765078 -51.14227905273438 22.518489074707034 -61.314404296875004
C 4.471087338854605 3.767765713677842 -1.185827178819775 187.56462402343752 374.37656250000003 266.6787841796875
O 4.012256399434237 3.5224508623721773 -2.251133888910479 -56.1089111328125 -131.72781982421876 -192.6210693359375
N 5.686578407611669 4.367209960822058 -1.1093430526991779 -51.89225463867188 -24.83555145263672 9.204856109619142
H 5.884239587655015 4.955003204539723 -0.2893670897310636 -9.358499145507812 -75.30410766601562 -20.238113403320312
C 6.727785806913085 4.2622086012004905 -2.1030687681282982 197.20484619140626 -48.87679443359375 -147.38237304687502
H 6.8534676695641386 5.1418063872029975 -2.754168187896899 -49.18328857421875 10.115364074707031 55.96875610351563
H 7.749333975924593 4.105232628124252 -1.6372949055238117 -122.79080810546876 -4.863280105590821 -28.0960693359375
H 6.512317488104725 3.454896877487792 -2.8456938489144794 8.093940734863281 26.776690673828128 78.18089599609375
22
43.08404541015625
H 5.609170428411593 7.005841175246385 3.036376577882214 78.62802734375 -56.445104980468756 37.74163513183594
C 4.952735017495247 7.036792115780177 2.203160153931271 39.18317260742188 95.1483642578125 16.064486694335937
H 5.411506684416452 7.744015789326316 1.5186239533407673 -59.889453125 41.617678833007815 -7.577826690673828
H 4.052202626069034 7.244713803466389 2.70614043458407 -112.15428466796875 77.63966674804688 -18.734381103515627
C 4.8292059351582255 5.7561808816211 1.527507770847472 103.40025634765625 -448.058251953125 -98.23476562500001
O 5.762355656749788 4.917678086416123 1.627661655262869 -87.86849975585938 162.4162109375 29.308633422851564
N 3.7451418106573033 5.375961677461022 0.8038505170700283 67.65087280273438 63.233392333984376 -6.408885955810547
H 3.0410796367391137 6.075213273198729 0.681127447582046 -39.87475280761719 -9.224836730957032 -15.429678344726563
C 3.6093933000127434 4.047497169891596 0.09643806072518524 59.11027221679688 -151.5710205078125 25.46468963623047
H 4.047559703706738 3.2774606540291744 0.8447248080473388 -133.23381347656252 98.00865478515625 -122.62523193359375
C 2.1353861862375845 3.754334516590494 -0.31944801968916803 200.78746337890627 -201.91834716796876 249.1551025390625
H 1.8003575286408469 4.501911952521487 -0.9115921423806966 -115.44027099609376 187.3330810546875 -87.3173828125
H 2.1636201786078373 2.8656820473995315 -0.9644356433307564 -56.76351318359375 -12.61841049194336 53.516748046875
H 1.623048336302308 3.5497117838199292 0.6424237153859704 -40.914910888671876 29.903613281250003 -77.02161865234376
C 4.473850140233811 3.769935324691729 -1.1873832876353638 150.96875 361.96909179687503 261.8447998046875
O 4.009798913894459 3.52117131982163 -2.253168621407881 -41.08894653320313 -126.8616943359375 -183.07717285156252
N 5.685934350109201 4.36607116570639 -1.1064435916598487 -42.050149536132814 -67.1153076171875 -74.48739013671876
H 5.88369958861106 4.932823063883869 -0.2997229203434214 4.321331024169922 -27.980606079101562 45.838024902343754
C 6.730229070603833 4.261515450087416 -2.1045634798997384 191.400244140625 10.844134521484376 -113.3135986328125
H 6.859630102254835 5.145174225541263 -2.7603434981434445 -53.360076904296875 -4.009764862060547 66.68381958007812
H 7.745018301870596 4.114024204516727 -1.6327318826081816 -109.05224609375 -9.38178176879883 -25.967080688476564
H 6.52586986445315 3.465577728550644 -2.8345647812416153 -3.7594741821289066 -12.928790283203126 44.57705078125
22
41.70050048828125
H 5.625842849340627 7.00147515900083 3.03649979661487 58.30340576171875 -52.251660156250004 23.20093231201172
C 4.95282702630683 7.036817285754751 2.206128952836506 38.34365234375 95.92902832031251 29.060525512695314
H 5.408956762951981 7.739637954884605 1.5124779521544318 -63.249792480468756 40.8244873046875 -2.5241916656494143
H 4.03987832018079 7.240644507520635 2.7011108660042007 -92.50123901367188 77.46663208007813 -20.723599243164063
C 4.826022149483962 5.759163526511991 1.5280368875978334 139.3414306640625 -475.141015625 -97.98623046875001
O 5.76434732604614 4.916752563098661 1.6264657651079417 -109.6459228515625 182.620703125 27.651016235351562
N 3.745729070845294 5.375303431440644 0.8032638587852576 49.59892272949219 60.146398925781256 -10.836679077148439
H 3.026092534242501 6.059314986911657 0.6980542333113495 -38.93187255859375 -1.3391379356384279 -15.008587646484376
C 3.6061158203761776 4.048236707058901 0.09350462997563089 91.44306640625001 -145.43985595703126 49.58122863769532
H 4.045804224678339 3.2854465254934704 0.852694497999123 -137.03093261718752 96.43048095703125 -134.18402099609375
C 2.1366177230158425 3.7555749839255266 -0.3170003091766487 181.71293945312502 -176.05020751953126 269.12578125
H 1.803094943930076 4.504325155515162 -0.9127721503797621 -115.76215820312501 181.59593505859377 -82.67114868164063
H 2.173591974024334 2.8792705086479837 -0.9558509023284292 -60.81673583984375 -43.69533081054688 31.738955688476565
H 1.617511945647596 3.539575943663979 0.6448119678402537 -31.426748657226565 36.301708984375004 -88.00507202148438
C 4.477047873410411 3.7725061382070804 -1.1884148267357288 109.37856445312501 346.19755859375005 250.679150390625
O 4.007134332748205 3.5197309279179834 -2.255426082241626 -24.17007293701172 -120.83572998046876 -168.95162353515627
N 5.685219634765168 4.364833750555998 -1.1036237465517447 -28.959512329101564 -106.948046875 -158.36760253906252
H 5.883664654810561 4.910113935492451 -0.31014498440999266 18.425939941406252 18.03076934814453 112.68760986328125
C 6.7330394831419795 4.260884295388866 -2.1062552316724323 175.04581298828126 69.59376220703125 -77.60810546875001
H 6.864103126280678 5.148602813124987 -2.7647923707446456 -56.07307739257813 -15.843159484863282 74.41156616210938
H 7.738232124542202 4.122785045024729 -1.628946783305552 -88.2818603515625 -14.257989501953126 -20.895848083496094
H 6.539463773495551 3.4759008232300808 -2.8223236493173354 -14.743806457519533 -53.335321044921876 9.625930786132812
