$coord  natoms=    22
    3.79389854801229      1.85608326537432     -0.00006162021696      h
    3.78241213366384      3.95345281285100     -0.00003664586226      c
    2.76838306028965      4.64977680540652      1.71512705834404      h
    2.76823500781260      4.64982336986712     -1.71519577170402      h
    6.47515681025702      4.97792741296788      0.00025854289573      c
    8.30007529697981      3.54572470838216      0.00060009574203      o
    6.71929465158562      7.50883579905761      0.00058416446570      n
    5.14498495647621      8.65965564752508      0.00126784357789      h
    9.17190593992660      8.71831002772448     -0.00394629269100      c
   10.24479651662008      8.13368423974559      1.72837106696352      h
   10.69916198114168      7.97509556698673     -2.32781527879337      c
    9.66536690970932      8.55895098989145     -4.06949887660173      h
   12.57609789626496      8.92702051831867     -2.29393114197414      h
   10.98448188871433      5.89668869051788     -2.34883266308782      h
    8.89586701072169     11.57882210806364      0.00235354063308      c
    6.80034774599569     12.57337558466550     -0.00022471442629      o
   11.05144388144959     12.92039395427777      0.00037555089988      n
   12.75788996754972     12.00248617195979      0.00224039428318      h
   11.04937692376061     15.65163567801086     -0.00002570597378      c
    9.06724632577816     16.34195288525615      0.00010563198047      h
   12.04037740229606     16.37140983784082      1.71903375339631      h
   12.04038831049203     16.37175678983947     -1.71894212197033      h
$user-defined bonds
$end
