$grad          cartesian gradients
  cycle =      1    SCF energy =     -495.4878364490   |dE/dxyz| =  0.067334
    4.00742926904038      2.08871965593685      2.35003862384371      h
    3.72399054591350      3.42785687047456      0.81517052596379      c
    2.08493991233809      4.60183737203316      1.30717214138492      h
    3.31533470359932      2.30419789122474     -0.93047439434852      h
    6.14343943922943      4.92964284664928      0.41545989395174      c
    8.20610875084012      3.95008622771261      0.78345322200004      o
    5.89829222944527      7.32155174777296     -0.56145780025603      n
    4.18251795975201      8.27470716580980     -0.60703759083905      h
    8.08280842791975      8.87826520638255     -1.21728574611774      c
    9.68696073394123      7.79851245906363     -0.40096529004962      h
    8.43896806724984      9.09587765577511     -4.08465508700732      c
    6.75249011946087      9.96858853987444     -5.06360219934717      h
   10.19514383014977     10.24958708734709     -4.52347099197198      h
    8.86408753440419      7.18847188143432     -4.90117659845570      h
    7.81728287070910     11.44530397874148     -0.00965728411298      c
    5.70168049592708     12.29972416562721      0.53285601901605      o
   10.02835791151015     12.71908790509664      0.34115658054772      n
   11.71765852545635     11.76561924100224      0.16215081240669      h
   10.03374605287318     15.23070803764459      1.26316071556021      c
    8.04512816227087     15.91759200896768      1.36239172871524      h
   10.94272681900763     15.40765336692640      3.17226030411683      h
   11.15715969129526     16.53026975922652     -0.00495931186082      h
  -.45005223588356D-02  0.91329500419927D-02  -.95346114878554D-02
  0.11252055930628D-02  -.45887601239538D-02  0.95953276517685D-02
  0.81269677634101D-02  -.56120251134994D-02  0.19993696470274D-02
  0.88624601883795D-03  -.36861494289971D-02  -.29477680068216D-02
  0.54835253448912D-02  0.12955351358573D-02  0.36958260890472D-02
  -.15058428492702D-01  0.40237364291045D-02  -.18977613127231D-02
  0.11848486776628D-01  -.12493961662188D-01  0.47858794367991D-02
  -.80199034371040D-02  0.69944289596091D-02  -.22388178201752D-02
  0.45611907629410D-02  0.21875508816936D-01  -.10872047422629D-02
  -.46785335118545D-02  -.18005336725312D-02  0.29765427297571D-03
  -.14063953008069D-01  -.25353741528226D-02  0.13969613509155D-01
  -.90734178294603D-02  0.46278227416813D-02  -.57812747168075D-02
  0.12796901810569D-01  0.23232845999829D-02  -.21010817219572D-02
  0.68351059686189D-02  -.36369582735904D-02  -.13918062854886D-02
  0.16277706391805D-01  -.33727699841284D-02  -.82682349170662D-02
  -.90947285928966D-02  -.14681189697973D-02  0.42985302986358D-02
  -.39069489843849D-02  0.14423294441136D-01  0.35606939250943D-02
  0.64816803252480D-02  -.27298986586518D-02  0.16441680799488D-02
  -.13270259499917D-01  -.31676281780700D-01  -.67598472807195D-02
  -.35991407947009D-02  0.23562341481667D-02  -.76390000167131D-03
  0.49472857168100D-02  0.20179814872294D-02  0.13657869207518D-02
  0.60347265125210D-02  0.44462392921931D-02  -.24416921286646D-02
$end
