$coord  natoms=    21
    4.34384246605241     -0.78894517710323      0.52480820135246      c
    1.57055725944502      3.72038932383554     -0.83332222770090      c
    5.57815774388195      1.62586815813667      0.55347953958720      c
    4.18384160022136      3.88414156984423     -0.13938261531404      c
   -6.58918107678139      0.93554333218365     -0.33067155439041      c
    1.70398441395022     -0.96337115100019     -0.15773546820004      c
    0.34869594800037      1.28794863964194     -0.84699410014579      c
   -2.00489178510099     -3.67509103014695     -0.80292435657657      o
   -3.06876557447695      1.69549686849730      2.70927851704996      o
    1.78320924403791     -5.41506889656556      0.44530378515074      o
    0.29032779894236     -3.36027985213727     -0.22600758465969      c
   -3.82945975713392      1.33159123287611      0.51690470343068      c
   -2.24008859920317      1.26531549608609     -1.62499518678281      o
    0.49774293819711     -6.72121416730144      0.28405091055655      h
    5.37108580367610     -2.56443903130032      1.05081878226446      h
    0.37264714825423      5.40107581281138     -1.35991258445289      h
    7.64154280824876      1.76269355300184      1.10808898518849      h
    5.17061910729502      5.79983991398395     -0.10798097261119      h
   -6.93221888181832     -1.20446844924289     -0.10929138936634      h
   -7.86223311311547      1.88930904528362      1.10419436540102      h
   -7.02865791965486      1.53825558518229     -2.32167381268560      h
$user-defined bonds
$end
