$grad          cartesian gradients
  cycle =      1    SCF energy =     -648.2254077184   |dE/dxyz| =  0.125702
    4.34384246605241     -0.78894517710323      0.52480820135246      c
    1.57055725944502      3.72038932383554     -0.83332222770090      c
    5.57815774388195      1.62586815813667      0.55347953958720      c
    4.18384160022136      3.88414156984423     -0.13938261531404      c
   -6.58918107678139      0.93554333218365     -0.33067155439041      c
    1.70398441395022     -0.96337115100019     -0.15773546820004      c
    0.34869594800037      1.28794863964194     -0.84699410014579      c
   -2.00489178510099     -3.67509103014695     -0.80292435657657      o
   -3.06876557447695      1.69549686849730      2.70927851704996      o
    1.78320924403791     -5.41506889656556      0.44530378515074      o
    0.29032779894236     -3.36027985213727     -0.22600758465969      c
   -3.82945975713392      1.33159123287611      0.51690470343068      c
   -2.24008859920317      1.26531549608609     -1.62499518678281      o
    0.49774293819711     -6.72121416730144      0.28405091055655      h
    5.37108580367610     -2.56443903130032      1.05081878226446      h
    0.37264714825423      5.40107581281138     -1.35991258445289      h
    7.64154280824876      1.76269355300184      1.10808898518849      h
    5.17061910729502      5.79983991398395     -0.10798097261119      h
   -6.93221888181832     -1.20446844924289     -0.10929138936634      h
   -7.86223311311547      1.88930904528362      1.10419436540102      h
   -7.02865791965486      1.53825558518229     -2.32167381268560      h
  0.66100604110905D-02  -.16641080576913D-01  0.24815990423929D-02
  -.42911181168856D-02  0.17397232896952D-01  -.28539166298515D-02
  0.12884837729186D-01  -.28510304195080D-03  0.47618878200213D-02
  -.19331599334878D-03  0.81695340123298D-02  -.19364517290075D-02
  -.10357541600624D-02  0.13638046883734D-01  -.20060835325338D-01
  0.22970028242691D-03  -.21297308241324D-01  0.48969301276009D-02
  -.11385090107434D-01  -.21712464070384D-01  0.70541520557836D-02
  -.54754632812241D-01  -.37671636388880D-02  -.15714510636239D-01
  0.16224872690291D-01  0.10934839950802D-01  0.51302603114571D-01
  0.13196461176254D-01  -.23630915914772D-01  0.70896010656550D-02
  0.30740125102212D-01  0.20637399393676D-01  0.55723680603472D-02
  0.33327008950587D-02  -.10573194361548D-01  -.19025641971517D-01
  -.21709770084433D-01  -.29827406495486D-03  -.34644176938533D-01
  0.36817030840954D-02  0.20226517193087D-01  -.17052215488756D-02
  0.58651477822834D-02  -.11354865890661D-01  0.33185876727889D-02
  -.12382339710365D-01  0.10794996042736D-01  -.40870339101753D-02
  0.18250654672230D-01  0.84526083941809D-03  0.50102888036676D-02
  0.10221337294277D-01  0.19768931715756D-01  0.42453056505287D-03
  -.22341872800430D-02  -.20334202418398D-01  0.64232007455033D-02
  -.75187336324555D-02  0.43656965483309D-02  0.11644856943458D-01
  -.56128755362721D-02  0.30609397365011D-02  -.99918754870375D-02
$end
