22
7.6099853515625
H 1.596500650825487 5.391168150410386 1.5661265849818138 -24.063250732421878 153.583935546875 32.46235656738281
C 1.7972848268686057 4.380391448747048 1.4999817979924526 47.78223571777344 -86.11587524414062 -124.18980712890625
H 0.8296980191526547 3.936969784604516 1.2165609848138033 48.77590637207032 -29.899932861328125 20.592439270019533
H 2.2137292245855362 4.03634920076182 2.4405244661598244 -14.121234130859376 -24.127595520019533 9.659007263183595
C 2.837281701317073 4.1792492959875815 0.37584159091229746 -149.9669189453125 82.20784912109376 179.62789306640627
O 3.008707712865377 3.0389353791000056 -0.01870069111456249 48.59774475097657 14.2291259765625 -47.40223999023438
N 3.44928671364622 5.310137503921864 -0.031015195509170798 -31.987783813476565 -136.0854736328125 0.3723559617996216
H 3.209089554362419 6.211131842807528 0.3132655785587945 -36.72764282226563 20.260227966308594 40.10460510253907
C 4.42558777875581 5.244388147968709 -1.0577598580252736 57.771496582031254 -74.75384521484375 -33.370416259765626
H 4.0622598516617385 4.52424086886855 -1.8118800694043546 -2.2021265029907227 74.34653930664062 -24.489866638183596
C 4.644620928910513 6.67012247623317 -1.573987854797512 37.68761291503906 -56.39239501953125 273.285888671875
H 5.028587783625892 7.256833990304035 -0.6714842312379827 -25.47772674560547 -40.1027099609375 -150.5694091796875
H 5.352990304282288 6.559230684598775 -2.3475040066343626 61.18206787109375 50.99220581054688 -93.73864135742188
H 3.7001400519619887 7.054457311937517 -1.858801006578753 -62.0765869140625 50.373266601562506 -70.01993408203126
C 5.732752425473411 4.603428645977939 -0.5637356570020189 -43.9310546875 153.13167724609374 82.925341796875
O 6.243808790007682 3.7748390411127657 -1.2424004007156093 113.45599365234375 -138.11163330078125 -87.0397705078125
N 6.265794193944792 5.068415431073568 0.5824599866690038 -13.702400207519531 -73.58438110351562 -156.49521484375
H 5.693782843378092 5.7915076295331005 0.9669006100453745 57.083709716796875 27.869238281250002 97.78815307617188
C 7.577418745884072 4.606418285707861 1.0902854688211732 43.94776306152344 37.320455932617186 129.5880859375
H 8.063626539734809 5.387122102776995 1.7808399269932842 -80.28399047851563 -122.41015625 -87.22470703125
H 7.4033943451000574 3.6238586520285003 1.579896038605702 13.724171447753907 69.97540283203125 16.917388916015625
H 8.303751120345574 4.329726383896983 0.3049938343375541 -45.46800537109375 47.2940673828125 -8.783522033691407
22
6.54644775390625
H 1.6035789117299841 5.384154067665134 1.573527307223423 -28.030166625976562 171.10976562500002 31.160314941406252
C 1.7969700947446376 4.378934629119159 1.4998487035727885 61.75499267578125 -97.4592041015625 -108.30633544921875
H 0.8276204284905396 3.941690734940531 1.2254883665347527 42.05145263671875 -33.646533203125 13.056275939941408
H 2.210226758625005 4.037014703798095 2.4443557694565357 -13.38303680419922 -25.059864807128907 3.863612747192383
C 2.8390084511138247 4.1787285027537395 0.3764519389741342 -161.3699462890625 72.01300048828125 177.49573974609376
O 3.005339123331891 3.038448316206326 -0.02116154702577642 51.8567138671875 16.110166931152346 -47.32473449707032
N 3.4462814707885085 5.309864464760605 -0.030851222944056515 -28.241735839843752 -141.59951171875 2.801046943664551
H 3.1994594173234296 6.202597183250633 0.3293972899095734 -28.21280212402344 25.912091064453126 31.52333984375
C 4.428033330424056 5.243692882028234 -1.057438433316496 30.180484008789065 -84.86402587890626 -45.806024169921876
H 4.0620493704202225 4.517166464284326 -1.8179331197869493 7.15512924194336 91.31850585937501 -5.909902954101563
C 4.643980236357306 6.669459193435521 -1.5746274438978096 27.655398559570315 -63.73671264648438 240.32460937500002
H 5.018338384490666 7.2532003634154005 -0.6825988753350092 -9.048726654052734 -23.695846557617188 -121.321533203125
H 5.352600733779271 6.568320879587138 -2.351200663985628 59.346081542968754 48.745660400390626 -88.55113525390625
H 3.703525179631172 7.066292564480895 -1.8582879892709137 -62.708343505859375 43.192639160156254 -68.87349853515626
C 5.7317468135534995 4.602277089466314 -0.5615338973366033 -29.729620361328127 151.272314453125 74.39555053710937
O 6.247280373673655 3.7784789115812476 -1.245083818578606 109.44462890625 -134.495849609375 -83.00751342773438
N 6.269232214210292 5.067525419370966 0.5823522758275129 -22.458477783203126 -74.51411743164063 -149.77327880859374
H 5.697703203561621 5.7774444706605 0.9844672859525195 46.81228332519532 33.94418029785157 93.79324340820312
C 7.574991094701442 4.608484768092838 1.0918997689407708 84.83674926757813 34.34791564941406 139.94122314453125
H 8.068877264257438 5.401888539337677 1.780437030412998 -94.88364868164064 -144.93021240234376 -101.78999633789063
H 7.4086583537529105 3.6187305807248937 1.5825997190444643 12.769879150390626 85.59031372070314 11.459779357910158
H 8.305633679464648 4.332177367961171 0.303323216207242 -55.79725952148438 50.4453369140625 0.849217414855957
22
3.47784423828125
H 1.6099492606935206 5.381720627316682 1.5818621785236187 -29.446463012695315 174.89565429687502 28.62984313964844
C 1.7967545324206675 4.377346002353301 1.499518211980779 75.09175415039063 -94.22149047851563 -87.12850341796876
H 0.8269603499407073 3.9458993160222953 1.2351713314240376 32.289074707031254 -38.257711791992186 4.33922233581543
H 2.2065514888004394 4.0372988875831295 2.44861501492505 -12.699272918701173 -25.561067199707033 -3.505461120605469
C 2.840417462647968 4.178342090276 0.377393237042455 -170.43968505859377 58.948699951171875 172.2277587890625
O 3.002024588191798 3.0379458434954696 -0.023711075506318083 54.521600341796876 19.38105010986328 -46.28757019042969
N 3.4431910364225176 5.309279593130658 -0.030751424840688123 -26.947097778320312 -140.71641845703127 8.193871307373048
H 3.1887519261387 6.19477249247379 0.3463219446724345 -17.575415039062502 26.29959411621094 20.171917724609376
C 4.430536614045045 5.242923375055145 -1.057289977397169 3.3079387664794924 -91.77605590820313 -54.76312255859375
H 4.062176984472757 4.512183416140218 -1.8243304869374088 15.440058898925782 105.10362548828125 10.648025512695312
C 4.643396886547011 6.668664612958359 -1.574816276806457 13.89932861328125 -70.38409423828125 189.82822265625
H 5.0076707378683185 7.249304666876149 -0.6968272517867473 9.37390594482422 -3.394255065917969 -84.70540771484376
H 5.353828016740932 6.5785739621428085 -2.3569774619029 52.31699829101563 46.05687561035157 -76.81682739257813
H 3.7051714567547176 7.079388625471905 -1.859935957282373 -56.425732421875004 32.377862548828126 -64.34039916992188
C 5.730702303047933 4.601363676464505 -0.5591009450435205 -15.112110900878907 146.07803955078126 61.72980346679688
O 6.2510005494587695 3.781949281607107 -1.2479016045896791 104.08265380859376 -128.7491455078125 -77.06105346679688
N 6.272616172240166 5.06650068412006 0.5820492992716226 -31.63924560546875 -69.700146484375 -135.74467773437502
H 5.702613751575413 5.764257851458629 1.004343348583327 38.3802490234375 35.478240966796875 85.69744262695313
C 7.572760628962176 4.610677983807706 1.093628886107398 117.33345947265626 27.087417602539062 140.3010009765625
H 8.072030180686074 5.412906666939394 1.777562611673296 -103.42910156250001 -157.43020019531252 -107.85550537109376
H 7.4142778935451865 3.6158356243934615 1.5853037590768113 11.100985717773439 96.20651245117188 7.845034790039063
H 8.306255924737457 4.335838931734358 0.3017751641245653 -63.423883056640626 52.277014160156256 8.596371459960938
22
-4.86083984375
H 1.6344951389701303 5.433689497527068 1.7479072421513575 -8.928795623779298 -9.791955566406251 0.3808652400970459
C 1.8010401601013055 4.37492241116321 1.5431293758931297 52.06288452148438 -138.39226074218752 70.6587890625
H 0.933496559352155 3.838337272536751 1.2232314457984668 -81.45292358398439 13.491299438476563 3.872360992431641
H 2.2092771960332938 3.811434951975137 2.3985112352166342 -23.99800720214844 55.48046875 -3.5789676666259767
C 2.7685315393975523 4.13277341480526 0.44518976494212925 32.443197631835936 107.0306884765625 -120.73162841796875
O 2.9316071809560276 3.0523833855566203 -0.09969254142166607 -19.491946411132815 -29.8760498046875 55.50919799804688
N 3.3544419824548855 5.230378039560462 -0.01568720916320962 138.00653076171875 140.381201171875 -16.76484375
H 3.225691565464197 6.14751722168984 0.4290498479218858 -43.803201293945314 -93.98387451171875 -6.763590240478516
C 4.419631485258235 5.23216219347359 -1.0445477591603323 37.142495727539064 6.361750793457031 -103.59404296875
H 4.100359179425535 4.692484322811218 -1.967682575647567 1.3867241859436037 -17.855099487304688 92.69432983398438
C 4.638363203403073 6.681113028354634 -1.6029223578706953 -102.01533203125001 -179.92406005859377 -120.5134033203125
H 5.025366097587155 7.2825923665015315 -0.8613154210300886 24.922573852539063 121.24995117187501 126.1410888671875
H 5.370007507343459 6.703993921947936 -2.4298404380454697 -22.867294311523438 -31.217160034179688 29.460906982421875
H 3.6621606778533176 6.995500109814563 -2.030432605532229 56.40819091796875 29.636218261718753 43.41137390136719
C 5.769279774575377 4.608305557160557 -0.56284482301536 68.54254760742188 98.7267822265625 47.456790161132815
O 6.37568866202459 3.8521399676193813 -1.3203868335404254 0.01727440357208252 4.28775749206543 17.565602111816407
N 6.316228889045683 5.046967551643501 0.6273570925952864 -276.8957763671875 -70.8309814453125 -99.37932739257813
H 5.65391242159282 5.480667567586383 1.2756551271988208 59.999481201171875 3.6177333831787113 -38.515017700195315
C 7.589916434150052 4.644845772919053 1.1249823482653507 93.931884765625 35.56467895507813 57.932611083984376
H 7.9873085015171785 5.479288983775822 1.7257406511477118 1.2657645225524903 -27.05457763671875 -24.13125457763672
H 7.500980767614957 3.7770893474905627 1.818092012205452 13.017756652832032 21.60176696777344 -75.84867553710937
H 8.243397566779585 4.513352353434254 0.23833848620141332 0.30596446990966797 -38.50428161621094 64.73683471679688
22
-2.1710205078125
H 1.628658635700142 5.448074921079912 1.7528790232143663 1.5398016929626466 -57.104650878906256 -6.499238586425782
C 1.8010762825181499 4.372760114157156 1.5471109578424758 41.15220947265625 -94.36561279296876 64.56593627929688
H 0.9347414032106933 3.8398076057009285 1.2158820061023952 -81.20583496093751 13.050106811523438 9.251712036132814
H 2.2142701971521985 3.803618775133293 2.394467372088556 -26.070376586914065 55.10151977539063 3.164322662353516
C 2.7643925410977848 4.130446978829328 0.44581217066442613 40.883975219726565 121.62617187500001 -120.78023681640626
O 2.9294831945525894 3.0536492336991277 -0.10154717571710518 -22.07515563964844 -39.839385986328125 54.342498779296875
N 3.3528600963914883 5.227173609212522 -0.015548103366701139 140.095458984375 147.68460693359376 -17.878089904785156
H 3.2297230583950975 6.147341972062341 0.42362486212936007 -49.21325378417969 -95.35562744140626 -1.0603776931762696
C 4.417006914885407 5.233194811576464 -1.0446704496159551 65.46176147460938 5.168160247802735 -83.69929809570313
H 4.100897313231528 4.690988417104136 -1.9577601902223565 -5.83408203125 -25.03641815185547 72.24125366210937
C 4.638980457811743 6.683265580582623 -1.602974333419036 -114.02187500000001 -200.62833251953126 -156.58448486328126
H 5.024467457907896 7.281630862755324 -0.8615664002570605 26.98593444824219 127.89462890625 129.66195068359374
H 5.378611457222635 6.689804604013063 -2.4369275890838975 -43.42576293945313 -22.813281250000003 51.15010070800781
H 3.6503065124955194 6.985695116884589 -2.0338106691355726 81.54639892578126 30.923080444335938 51.17522277832032
C 5.774332134405191 4.6089984511204545 -0.5657827065972978 44.96766967773438 113.61436767578125 65.61256713867188
O 6.379806141793274 3.8549903644291628 -1.3219545819351834 7.900742340087891 -1.7299053192138674 9.852115631103516
N 6.314320743157844 5.045826073442566 0.6305475815457683 -291.9755859375 -65.270263671875 -108.472021484375
H 5.633631669414688 5.4826070032049925 1.2698912743892095 87.74575805664062 -9.031182861328125 -44.81427612304688
C 7.593842892149777 4.647052101430827 1.126363193219644 55.24127197265625 16.542843627929688 29.190945434570313
H 7.980393298831412 5.46941422541272 1.7165977420687777 22.326522827148438 12.729908752441407 4.680702972412109
H 7.502772733593366 3.7860578487674283 1.8137706047205049 13.125205993652344 3.4413326263427737 -59.097387695312506
H 8.247593574169361 4.509282320598581 0.24592719570798646 4.849213027954102 -36.602053833007815 53.996063232421875
22
1.433135986328125
H 1.6226885015724533 5.460923969501277 1.7576717321325623 11.992189025878908 -100.60838623046875 -12.505356597900391
C 1.8012225186505164 4.3704389027247705 1.5512735187683826 24.906321716308597 -51.90478515625 52.88118286132813
H 0.9339458795979115 3.8416680968862837 1.209110491419197 -76.90343017578125 13.884674072265625 15.567608642578126
H 2.218223208638105 3.7972880341731114 2.3901151453046108 -26.1075439453125 51.94425659179688 12.868640136718751
C 2.760395560149607 4.128400945959246 0.4461179581563073 48.566314697265625 133.91976318359374 -120.1077880859375
O 2.9274808868519413 3.054834991907154 -0.10334202213298019 -24.52422332763672 -48.855859375 53.190441894531254
N 3.3515258512345474 5.224133813374618 -0.015568050691452884 141.90946044921876 146.83924560546876 -21.484237670898438
H 3.2325964341434514 6.144483865075868 0.4180143229428157 -54.40961303710938 -88.5506591796875 7.257390594482422
C 4.4146067469089125 5.234083114345845 -1.0450086131189487 92.76253662109376 5.751086044311524 -60.111846923828125
H 4.100948189903527 4.6890183925020565 -1.9462112962096971 -13.212709045410158 -33.62621765136719 48.907412719726565
C 4.639381219594325 6.684940387362891 -1.6033417370446634 -117.84528808593751 -212.60234375000002 -175.68267822265625
H 5.024661882661344 7.28401586490215 -0.8583447706440908 23.94304656982422 124.80853271484375 122.12238769531251
H 5.386177821673563 6.67468450713673 -2.442520027223096 -60.840509033203126 -13.696083068847656 69.00584106445312
H 3.640515803347928 6.976422663333366 -2.036020988384392 101.16444091796876 33.083438110351565 56.23082275390625
C 5.779445569288372 4.609875141521327 -0.5685616040809985 20.54043121337891 126.79633789062501 80.93145141601563
O 6.383995949922177 3.8577956926243018 -1.3235806615202552 15.457272338867188 -6.929477691650391 3.262928009033203
N 6.3119405241935 5.044640652809397 0.6335604476010639 -297.8002197265625 -62.703271484375 -119.90411376953125
H 5.615942401298922 5.484613313976155 1.2631129566704695 109.4494384765625 -18.348130798339845 -46.543487548828125
C 7.597917517066531 4.649277990977839 1.1277623301868247 14.988690185546876 0.26695637702941893 0.11629464626312257
H 7.974165436228806 5.4599754273376675 1.7071994164381405 42.62363891601563 51.71181030273438 33.16630859375
H 7.504934177060929 3.79519468466335 1.8079958362730988 12.737908172607423 -16.527618408203125 -39.942422485351564
H 8.251854936124591 4.504314414699675 0.254879583893798 10.601825714111328 -34.65326843261719 40.77321166992188
22
5.226593017578125
H 1.6169418227655583 5.470969275126646 1.761788861897615 21.57439422607422 -136.26099853515626 -16.678428649902344
C 1.8012857670436055 4.368051644121179 1.5555600888482934 5.137924957275391 -15.124324035644532 35.72564392089844
H 0.9309887544578392 3.844139233742596 1.20318569666733 -69.04845581054688 15.674884033203126 22.56075897216797
H 2.2210104038185503 3.7922198457812395 2.3856449413609853 -24.443655395507815 46.58369750976563 24.76278533935547
C 2.756485674443476 4.1267355817260665 0.4461481575482764 55.28712768554688 143.3201416015625 -118.89013671875
O 2.9254245035310444 3.055964022355184 -0.10506345210270433 -26.81275329589844 -56.644323730468756 52.164099121093756
N 3.3504360338414907 5.2213026690849995 -0.015706166058970725 142.79844970703127 139.05717773437502 -26.602294921875
H 3.23401133925522 6.139280556691861 0.4125270610895384 -59.005584716796875 -74.73552856445313 17.3881103515625
C 4.412307751688406 5.234844171008013 -1.0454680977308828 118.95612792968751 7.168881988525391 -35.197137451171876
H 4.10038342204805 4.686414409174943 -1.9337329204498312 -20.303221130371096 -42.69676513671875 24.600555419921875
C 4.639481541693349 6.686141323356106 -1.6040026693578815 -112.71287841796875 -216.5073974609375 -178.025146484375
H 5.025436958694149 7.289396996005508 -0.8519731176747647 16.554981994628907 113.03530273437501 104.69666748046876
H 5.392488333057134 6.659105486508015 -2.4465923544274952 -74.8566162109375 -4.240657806396484 82.91358642578126
H 3.633465621618414 6.967998818998665 -2.037022393781692 113.4974365234375 36.14072265625 57.965649414062504
C 5.784519861068564 4.610915908975209 -0.5711270996394779 -4.912044525146484 138.4486083984375 93.55858154296875
O 6.388192302567411 3.8605624415157513 -1.3250956761780228 22.759011840820314 -11.509568023681641 -2.497601127624512
N 6.308934049548604 5.043367923029524 0.6364230944896999 -292.965478515625 -63.93837280273438 -134.8961181640625
H 5.601060351712136 5.486322808307649 1.2549851005506496 123.33380126953125 -23.326234436035158 -42.47572937011719
C 7.601833732834004 4.651518167223649 1.1291671513417327 -25.67501220703125 -13.214613342285157 -25.20493621826172
H 7.968788971885806 5.451622677859907 1.6983351773561335 61.088781738281256 87.6119384765625 59.46605224609375
H 7.507196021007775 3.803818573749416 1.8014577694564649 11.92817840576172 -36.19524841308594 -20.11908416748047
H 8.255825110381135 4.498145679795827 0.26539698686747704 17.81947937011719 -32.647317504882814 24.78411865234375
22
8.72930908203125
H 1.6118992825649716 5.477541407567118 1.7652710304334698 29.640872192382815 -161.82750244140627 -18.87176971435547
C 1.8014755085857124 4.365728418817259 1.5599512106208357 -16.955043029785156 12.630240631103517 14.433125305175782
H 0.9262756486461003 3.8468538808954422 1.1979909615758535 -57.544732666015626 18.593585205078124 30.576153564453126
H 2.2235634147291075 3.788708733164592 2.3817362618224927 -21.94380035400391 39.83445434570313 37.18599853515625
C 2.7527892291272344 4.125499650880369 0.44593714511000027 61.08034057617188 149.9902099609375 -117.15081787109375
O 2.923343676550904 3.057068320936822 -0.10670556900053314 -28.89296569824219 -63.14109497070313 51.27791137695313
N 3.349634833702846 5.2187806316345995 -0.015899824082992606 143.08074951171875 125.49725341796875 -33.02894897460938
H 3.2339620691752256 6.132277851402925 0.40718547960655094 -62.94987182617188 -55.17838745117188 28.848861694335938
C 4.410255063777813 5.235550411672397 -1.046013307608187 143.2138916015625 8.61262435913086 -10.071569061279298
H 4.09925918043762 4.68273588017169 -1.9205248238617805 -26.756948852539065 -51.402581787109376 0.43641343116760256
C 4.6393267933944635 6.686930836634782 -1.6049517299852147 -101.72101440429688 -213.03850097656252 -164.51341552734377
H 5.0265397797904265 7.297273666327081 -0.8429876912116842 5.749443817138673 93.99893188476562 79.02109985351564
H 5.3971544007828935 6.643445419243868 -2.4488618527142805 -84.56195068359375 5.252250289916993 91.76192626953126
H 3.62854971992262 6.960379233030465 -2.0366469411671586 119.72730712890626 39.70791015625 56.71467895507813
C 5.789574591916526 4.612175872687795 -0.5735524837766027 -30.532458496093753 148.42327880859375 103.95294189453125
O 6.392458305437111 3.8633673078424744 -1.3266227632584533 29.652334594726565 -15.354013061523439 -7.368238830566407
N 6.305475993199413 5.041948981779435 0.6391527673764729 -278.26596679687503 -68.696630859375 -153.09444580078124
H 5.589050930137752 5.487665463398321 1.2458058706158304 129.65117187500002 -24.230230712890627 -33.34953002929688
C 7.605688806195499 4.653717039412327 1.1305839863963953 -64.3745849609375 -21.683470153808596 -46.19375915527344
H 7.964614514177287 5.445216551765986 1.6906605490507067 76.54359130859375 117.89305419921875 81.93555908203126
H 7.509475138033723 3.8117778334077093 1.7944160766979322 10.946379089355469 -55.158178710937506 -0.2179260015487671
H 8.260268523985903 4.491505009262314 0.276952022707455 25.21326141357422 -30.723190307617188 7.7157638549804695
22
10.99114990234375
H 1.6078887859071784 5.479431953715098 1.768619225749815 35.44496459960938 -173.87310791015625 -18.90412292480469
C 1.8016830171835752 4.363563329270807 1.5643482241991502 -38.36019592285157 27.37049560546875 -8.704175567626953
H 0.9204562065714075 3.850051041259179 1.1937599182160303 -44.40835266113282 21.844798278808597 38.7579345703125
H 2.225329233595485 3.7860202514655183 2.3788214740669 -19.088282775878906 32.751345825195315 48.669506835937504
C 2.7492689736994773 4.124561395220362 0.4455978268201083 66.414501953125 154.47954101562502 -115.39993896484376
O 2.921210712489465 3.0581382427504744 -0.10836054526275486 -30.87936706542969 -68.54812622070312 50.67735900878907
N 3.3490845834109857 5.2164576358867745 -0.01610286147624078 142.39296875 108.92567138671876 -39.34931945800781
H 3.2322041115314413 6.124038105872579 0.40253149433957025 -65.84904174804687 -32.559381103515626 40.251434326171875
C 4.408468147954093 5.2362877851728165 -1.0466546202286 165.0036376953125 8.760932922363281 14.29443817138672
H 4.097447651702775 4.677812537556057 -1.9070600824814645 -32.106161499023436 -58.88975219726563 -22.2462890625
C 4.6390364470951955 6.687287035603479 -1.6061309729546525 -85.98873291015626 -202.60810546875 -135.28714599609376
H 5.027803537865524 7.3075572225109 -0.8322899853340365 -7.561770629882813 68.89403076171875 46.94295349121094
H 5.399890571161494 6.628130533759837 -2.448742065504101 -88.6617919921875 14.215869140625001 94.08977661132813
H 3.626449091190102 6.953739622467805 -2.0349917071591106 118.69150390625 43.83223571777344 52.109307861328126
C 5.7945985678692935 4.613640907069372 -0.5758282575098651 -56.42579956054688 156.57817382812502 111.32991943359376
O 6.396798648873081 3.866161515410993 -1.3282167567052143 35.96509704589844 -18.28815460205078 -11.143187713623048
N 6.30157858612269 5.04044228741985 0.6415675326041559 -251.93083496093752 -77.71547241210938 -173.6731689453125
H 5.580497682720502 5.488014251480537 1.2358737408294462 126.801611328125 -20.177693176269532 -18.985737609863282
C 7.60946704657667 4.6559635279398055 1.1319927654975082 -98.83919067382813 -24.244158935546878 -61.85382080078125
H 7.962276943943193 5.44158994293798 1.6850204470054508 87.81081542968751 139.88533935546874 98.47765502929688
H 7.51201651793132 3.818689502021461 1.7871952844216974 9.703530883789064 -72.1802734375 18.72307891845703
H 8.265137200977868 4.484005008589967 0.28876068888107287 31.870877075195313 -28.454205322265626 -8.776453399658203
22
1.1199951171875
H 1.6468054333865871 5.367856583815744 1.8828985478813076 33.771585083007814 -71.79739990234376 -30.939254760742188
C 1.7852999090587263 4.2934022846540545 1.6143437982367037 0.20699887275695802 155.9638671875 51.099481201171876
H 0.7887776936910228 3.976806750381379 1.36718659284751 -22.52742614746094 -51.99400634765625 -20.032995605468752
H 2.1618384698969146 3.79720524788715 2.524161021160691 4.415794754028321 -12.627582550048828 -57.84239501953125
C 2.7128358393253604 4.147246663605433 0.40531816955769684 21.152232360839847 -116.26553955078126 -0.7924679279327393
O 2.870799515566516 3.0603603287330645 -0.1264568768491137 -20.93600006103516 -16.15917205810547 26.259112548828128
N 3.3689829535765825 5.205103116237804 -0.019936322522470847 -25.283010864257815 127.98631591796875 109.23905029296876
H 3.041796771251251 6.037636310075788 0.4571318704105519 73.93464965820313 22.27308807373047 -58.062127685546876
C 4.437684367411412 5.229308220185524 -1.0425535126800447 -34.409271240234375 -74.0255615234375 48.69647827148438
H 4.036795524910553 4.534473686862066 -1.7942724083814965 53.20119018554688 40.4291259765625 -35.27923278808594
C 4.61726509647525 6.643364448284475 -1.59814909543244 -130.16654052734376 -49.37662048339844 -237.95949707031252
H 4.900256800405966 7.349477831173061 -0.9093087421495241 90.71504516601563 83.55567016601563 148.88525390625
H 5.357339464037257 6.536226782443077 -2.4080659640716187 -13.865110778808594 42.82053833007813 23.651304626464846
H 3.6869397147690597 7.086961744989254 -2.033519534407746 47.61623840332032 -82.12415771484376 22.66678161621094
C 5.835246590942923 4.678664243040601 -0.5971665188804434 -67.40533447265625 -147.2430419921875 -151.84583740234376
O 6.489382059560045 3.916936732862691 -1.362667167846856 -62.888885498046875 129.13548583984377 96.015185546875
N 6.22775978922712 4.976541340533235 0.6267814334295136 193.92296142578127 116.73964843750001 233.9070556640625
H 5.622964450975 5.563372068052851 1.243683862555781 50.309460449218754 -82.68231811523438 -108.8171875
C 7.63535159182176 4.71167001648649 1.1630941526457923 -88.03932495117188 -139.55074462890624 -48.554150390625004
H 8.08065009173932 5.548277257136042 1.7192200419966321 -33.48315124511719 -5.516778182983399 -11.048827362060548
H 7.579929659651957 3.7987699433587947 1.7944812443124465 -6.062558746337891 70.96768188476562 1.3646257400512696
H 8.362024662337058 4.354999751956719 0.39798121116695867 -64.17954711914062 59.49150390625 -0.6103494167327881
22
2.7850341796875
H 1.6522126249533775 5.374985924654241 1.892597548936067 36.0326904296875 -106.45628662109375 -42.57196655273438
C 1.7847500377909715 4.28854831615184 1.6159269479630258 -24.298449707031253 201.669140625 54.522882080078126
H 0.7770744077683205 3.976771588832173 1.3823755360621903 -5.510935211181641 -46.86419677734375 -23.715132141113283
H 2.154044026538982 3.8006583214260625 2.528213862026807 14.935548400878908 -21.52210235595703 -52.30357055664063
C 2.711828882906981 4.148046652376058 0.4022694989543023 14.819805908203126 -120.14887695312501 12.554539489746094
O 2.867575809660325 3.059920603862614 -0.12673793589629323 -17.48518218994141 -14.713270568847657 20.506271362304688
N 3.370357154813051 5.207268131390475 -0.018959593391684744 -20.23132781982422 92.6290771484375 94.62822265625
H 3.0396225398486942 6.032419718329335 0.45375438564443676 69.48538818359376 45.67680969238282 -47.59523620605469
C 4.440733420845721 5.226642871240904 -1.0418730394166718 -45.18385925292969 -43.09552001953125 66.0343994140625
H 4.045205616225193 4.541430450542472 -1.7885763157884982 40.99918823242188 17.975434875488283 -55.41294555664063
C 4.614460089656581 6.638996662688864 -1.5972504089397246 -110.98065185546875 -11.909639739990235 -261.162255859375
H 4.898965176792805 7.352957921621277 -0.9091937158640921 85.80140991210938 70.81196899414063 141.99410400390624
H 5.361390950014863 6.543083040964071 -2.4143664212068408 -30.850454711914065 37.90931701660156 43.608898925781254
H 3.686517099899036 7.095949242380195 -2.0394053681281807 56.121740722656256 -96.62603759765625 32.138143920898436
C 5.834312247724655 4.681511105980481 -0.5992813689667851 -40.78157958984375 -164.01296386718752 -148.15806884765627
O 6.494101634587121 3.920464260815427 -1.3637943791441411 -71.60978393554687 135.3005615234375 97.85847778320313
N 6.226609322166933 4.972936672253443 0.6261835214378804 203.70159912109375 119.33702392578125 233.7787841796875
H 5.62910129923961 5.563736279735558 1.2397594156653913 38.450476074218756 -76.9111083984375 -101.44252319335938
C 7.635477201575215 4.714045694701358 1.1655068542553666 -116.62672119140626 -152.05936279296876 -82.59906616210938
H 8.078468390490944 5.53705697824423 1.710492163554422 -17.378128051757812 33.722067260742186 12.34975814819336
H 7.58454685322886 3.8117629164552405 1.7945604561801125 -8.470385742187501 46.59635620117188 17.085296630859375
H 8.355196072796272 4.359229987105371 0.40255877067368795 -50.94037780761719 52.69158935546875 -12.099018859863282
22
4.76031494140625
H 1.6584260329203762 5.379732977854989 1.9010761608472901 36.52947998046875 -132.78125 -51.737011718750004
C 1.7841991921581148 4.284145644305382 1.617692808665916 -49.15766296386719 237.73674316406252 51.65565795898438
H 0.7654703113365378 3.9754875711953037 1.3970509516210314 13.375068664550781 -40.6913330078125 -26.948809814453128
H 2.146519674308747 3.8037300603627946 2.530684817682368 26.022674560546875 -30.875823974609375 -44.00841979980469
C 2.71089852999046 4.148742023393804 0.3991603709718603 7.701376342773438 -120.9525146484375 27.640261840820315
O 2.8643929247644424 3.059535075995603 -0.1269453373129723 -13.860508728027344 -14.100906372070312 14.286936950683595
N 3.3716765367644457 5.209716923456126 -0.01785369251433629 -12.75974578857422 54.58539428710938 77.36263427734376
H 3.0393997622549183 6.028104989820711 0.4491563459974559 62.76824951171875 70.17645874023438 -35.09886169433594
C 4.443730451253433 5.223850200445289 -1.0409476865636003 -56.1174560546875 -12.245112609863282 79.25850830078126
H 4.054313373186523 4.548857501585148 -1.784394265596176 28.77277526855469 -3.9077259063720704 -73.53703002929687
C 4.611383100723064 6.634723833313947 -1.5968512516617928 -82.63984985351563 31.06256103515625 -266.995361328125
H 4.899753468582632 7.358693497696892 -0.9052808915060452 76.17080688476562 48.89589233398438 124.9421875
H 5.364608285796222 6.550841136924576 -2.4199985086691447 -45.703240966796876 31.894607543945312 60.93795166015625
H 3.6875861477261203 7.102447868523135 -2.0443865282492575 57.92728881835938 -107.06221923828126 38.51054382324219
C 5.833196501643475 4.684081351278929 -0.601652122301448 -12.911175537109376 -178.3069580078125 -138.88619384765624
O 6.498677774520917 3.924220366285225 -1.3647534833723727 -79.51927490234375 139.88111572265626 97.91015014648438
N 6.225789627199592 4.969535443161258 0.6259658657905743 215.13518066406252 114.57742919921876 221.7773193359375
H 5.635699075766285 5.56235849524107 1.2331765614527475 21.992550659179688 -64.9084228515625 -86.65250244140626
C 7.635446392897616 4.716146613076296 1.1677611254755693 -145.88945312500002 -158.15341796875 -112.63162841796876
H 8.07571182309778 5.526516547559731 1.7022062673125016 -1.6906877517700196 71.03078613281251 34.04351806640625
H 7.588778116949539 3.826129654187518 1.7951746547221314 -10.656800079345704 19.827110290527344 33.83086853027344
H 8.347320813453301 4.364596102343235 0.4072438359698088 -35.489593505859375 44.31761169433594 -25.660720825195312
22
8.692169189453125
H 1.6733801060860864 5.378560536409466 1.9137243285192127 31.994927978515626 -150.12163085937502 -59.719818115234375
C 1.7828672192531314 4.276917286526075 1.6216371903877045 -90.05174560546875 270.250927734375 30.093838500976563
H 0.7445652202554873 3.970710243254063 1.4247964424123125 49.63343811035156 -27.614132690429688 -33.10679321289063
H 2.13364904070429 3.8076966517222193 2.5319025291029758 47.12502136230469 -48.656018066406254 -23.579592895507815
C 2.708913929163079 4.149526531576878 0.39283258769992946 -7.660357666015625 -115.14888916015626 60.815893554687506
O 2.8581098811230192 3.058415605461105 -0.12750676767694696 -6.907436370849609 -13.947601318359375 1.8607238769531251
N 3.3743234065798893 5.214666791788928 -0.015337167289054541 3.119712066650391 -11.360192108154298 43.735852050781254
H 3.043327884641931 6.026025032241944 0.43819821281611326 48.55696411132813 106.46700439453126 -12.639270782470703
C 4.449544407876721 5.218067706889027 -1.038591763824209 -80.22478637695313 40.45958557128907 88.11093139648438
H 4.073577605785587 4.562697048378734 -1.7824786640460168 7.521699523925782 -39.66338806152344 -97.86527099609376
C 4.60471457847277 6.626464736323529 -1.5976850738054515 -7.857059478759766 122.817236328125 -228.87221679687502
H 4.906109344851044 7.373634806035972 -0.8889960145517201 46.50132751464844 -13.201626586914063 69.17531738281251
H 5.36786164798111 6.56824665126701 -2.426657014062323 -64.38834228515626 17.359555053710938 81.87920532226563
H 3.693884237682226 7.107388956447024 -2.051132399237254 42.12373962402344 -114.63238525390625 40.925775146484376
C 5.830737557958444 4.68808245034575 -0.6073215374477031 44.65154724121094 -197.90275878906252 -102.87640380859375
O 6.5075789404402204 3.932391859462311 -1.3663869213193447 -92.27686157226563 143.64892578125 92.20414428710939
N 6.225345986602875 4.963358127040745 0.6266267731333336 236.63149414062502 86.5331787109375 166.35270996093752
H 5.648819179909822 5.555083398222921 1.2135290464155015 -19.902459716796876 -26.203784179687503 -40.06601257324219
C 7.634440852939423 4.719181758568074 1.1715522528219502 -193.42393798828127 -149.82464599609375 -151.2234619140625
H 8.071615570298155 5.510752550061118 1.688362300848147 21.576934814453125 129.18138427734377 65.50889282226562
H 7.597151722145538 3.8556151340808267 1.7994985156750203 -14.568101501464845 -32.734674072265626 64.78548583984376
H 8.32975164022927 4.379056808342613 0.4152743378606366 -2.1757184982299806 24.293931579589845 -55.49994506835938
22
9.724365234375
H 1.6823777965534348 5.371935345937135 1.917778092425062 27.045135498046875 -139.08765869140626 -57.78411865234375
C 1.7819797575055158 4.274134370820302 1.6237647824861179 -103.1951171875 263.52182617187503 13.73966064453125
H 0.7357036339518406 3.967451747006777 1.437511311358286 65.33126220703126 -21.036470031738283 -35.97582702636719
H 2.128744371737667 3.8079419101104683 2.5314607517615335 55.737316894531254 -55.724768066406256 -14.196815490722656
C 2.7078755002782504 4.149483412813842 0.3898460906363479 -15.642478942871094 -107.7443603515625 78.17769775390626
O 2.8548715700441036 3.0577528969536867 -0.1278301397738221 -3.565408706665039 -15.043458557128908 -4.31706771850586
N 3.3756865652981425 5.217028602855161 -0.013915209786585761 9.140451812744141 -34.240020751953125 30.516839599609376
H 3.046836166091891 6.029355914241882 0.43242870736104255 42.94352722167969 113.66861572265626 -5.145505523681641
C 4.4522704531315025 5.215354607893729 -1.0370337263063996 -93.19833984375 58.70750732421875 81.3555908203125
H 4.08337233015332 4.568024175866431 -1.7849945358447425 -0.3930013418197632 -50.98916015625 -101.85006713867188
C 4.601288502059866 6.622693723021169 -1.5988118790959032 33.820568847656254 166.35277099609377 -187.36390380859376
H 4.911385659758234 7.381255951037655 -0.8777717982638877 28.186010742187502 -48.711480712890626 34.323187255859374
H 5.367037842136279 6.5774637653056525 -2.4271627971015977 -66.18020019531251 9.406775665283204 83.63588256835938
H 3.6989912546463573 7.106054972326449 -2.0529932408491076 25.331773376464845 -111.72010498046876 37.267276000976565
C 5.8295449364778404 4.6893884840203635 -0.6105187329151127 72.97716064453125 -202.39100341796876 -76.27692260742188
O 6.511927822823713 3.936770065900835 -1.3669350325981933 -96.77456054687501 142.447900390625 86.06931762695314
N 6.225851794998154 4.960543247458263 0.627479409321181 242.42529296875 67.35469970703126 127.43012695312501
H 5.654281768802221 5.550256135737105 1.201577649671093 -41.28131713867188 -3.5526599884033203 -12.677605438232423
C 7.633463049307512 4.7201844189408595 1.1729330463136698 -207.5855712890625 -136.463037109375 -156.50146484375
H 8.070634932628812 5.506856838074691 1.6838020083713108 27.158740234375003 146.3071044921875 72.98175048828125
H 7.601079670971149 3.869588022381989 1.803972332717973 -16.083515930175782 -54.849072265625004 76.3881591796875
H 8.320924359687796 4.387726157786284 0.41802569917980636 13.802288818359376 13.78604736328125 -69.79618530273437
22
9.7879638671875
H 1.6920995587807806 5.361604482588225 1.9201369046321026 20.679013061523438 -115.8947021484375 -51.873388671875006
C 1.7807502734460683 4.271870626334313 1.6259097111678948 -108.453857421875 242.67216796875002 -4.5061500549316404
H 0.7285919405819873 3.963769291514164 1.4494483243416447 76.82850341796876 -15.139044189453125 -39.02403564453125
H 2.1250422645149367 3.806761467574792 2.530690261879661 62.379040527343754 -60.84456787109375 -6.768400573730469
C 2.7067858016973996 4.149324909928282 0.38702022140192316 -23.94330749511719 -98.60354614257812 95.53820190429688
O 2.851598276031011 3.057083307893108 -0.1281926808374579 -0.40953660011291504 -16.371368408203125 -10.193539428710938
N 3.3771084145374792 5.219315271888739 -0.0124372867869273 14.22882537841797 -51.180065917968754 19.1381103515625
H 3.0518674317836254 6.035180978483838 0.42642559602776575 37.83892517089844 114.96341552734376 0.6669794082641602
C 4.454828754746223 5.212801298671838 -1.035237063841722 -106.13715820312501 71.56543579101563 66.80076904296875
H 4.093114438794617 4.572422926225491 -1.7900328018156815 -6.371239089965821 -57.790093994140626 -99.98403320312501
C 4.5980622740784955 6.619279531274693 -1.6003391519223618 74.11943969726563 204.54005126953126 -135.10125732421875
H 4.917420430971325 7.387929571993061 -0.865831322924281 9.213651275634765 -83.23665161132813 -1.4138831138610841
H 5.364531047424349 6.587300979770777 -2.425869372051769 -62.66408081054688 1.2240584373474122 79.43773193359375
H 3.704652704246707 7.102212119607754 -2.053596566790648 4.48338851928711 -104.89798583984376 30.918585205078127
C 5.828364924800099 4.6903046850689964 -0.6138816251331204 100.79884033203126 -203.903759765625 -44.84770202636719
O 6.516142334145673 3.941379303097257 -1.3674414345740982 -100.15838623046875 139.55093994140626 78.23385009765626
N 6.226786309572097 4.957866321823978 0.6287270310592123 243.071875 47.15279846191407 83.71160278320313
H 5.658765269580877 5.545316810105524 1.1890827977708747 -61.21339721679688 19.10243835449219 14.958908081054688
C 7.632025753920106 4.720939400586926 1.1739591843060349 -212.253759765625 -117.75777587890626 -152.63444824218752
H 8.070471816707073 5.50658586460936 1.6811640022667163 27.665142822265626 153.2300048828125 73.81415405273438
H 7.604406702710207 3.8824446789597333 1.8100672902411206 -17.144876098632814 -72.5519287109375 84.46596069335938
H 8.312460583853834 4.396629313140348 0.4191765519461095 27.44295349121094 4.170188140869141 -81.33803100585938
22
4.041107177734375
H 1.7906957185474521 5.257117727410718 1.9271336013415585 -39.82396240234375 143.16004638671876 46.60075378417969
C 1.7601607147785678 4.262273898213012 1.6433279872473119 181.043896484375 -81.48708496093751 -86.37150268554689
H 0.7625013603068381 3.9103565548551056 1.5006032489166545 -52.682586669921875 -9.346613311767578 -55.792187500000004
H 2.1705642905889233 3.70599089357029 2.4991802360651594 12.564133453369141 -0.46978087425231935 -49.397003173828125
C 2.688288796421465 4.142640906303804 0.3742733275402987 -55.92134399414063 36.76756591796875 182.7503173828125
O 2.8149528021372077 3.044492400689694 -0.13490547734529879 13.85670166015625 -2.29803466796875 -31.438430786132812
N 3.394715524052243 5.239414672822616 0.004564745552553265 1.6938621520996096 9.213524627685548 -15.09027557373047
H 3.1498378193557475 6.18020059925686 0.3554538153832758 6.641566467285156 -110.34649658203125 0.30817737579345705
C 4.466826975423038 5.195278159176779 -1.0200807503584146 -108.31740722656251 -15.610891723632813 -276.1781005859375
H 4.186073404031325 4.557396461619494 -1.9143646207132503 -16.303144836425783 45.39554138183594 123.080859375
C 4.579397131390178 6.612781139832311 -1.6130648034390593 22.49220123291016 -5.156109237670899 88.28875732421875
H 4.941942656293577 7.273013437190915 -0.8419979479820733 -18.09075469970703 38.19126586914063 26.898147583007812
H 5.308295107319525 6.6779251146609155 -2.3731160100345705 73.90413208007813 -36.09766540527344 -75.75098876953125
H 3.6701854085941195 6.962498914910001 -2.059969883171068 -65.0567138671875 4.842597961425781 6.519267272949219
C 5.836177889238715 4.674998423496186 -0.6410966951109475 164.1134033203125 -54.95905151367188 312.3076171875
O 6.551905386767785 4.003052078003435 -1.368410407109811 -30.812484741210938 10.500717163085938 -85.99274902343751
N 6.256943615212137 4.929813933325862 0.6394985927144891 -189.31005859375 140.2779541015625 -85.43408203125
H 5.599917356918612 5.551936189787899 1.1411880853244878 84.95145263671876 -78.46337890625 -5.161924743652344
C 7.597923715406739 4.72393664645914 1.177868346203113 175.82976074218752 25.449708557128908 98.53559570312501
H 8.057441884786545 5.646907565422978 1.6902551651565678 -104.3885986328125 -112.38406982421876 -91.94354858398438
H 7.6263014638390025 3.9153703048345334 1.9654750017182838 -22.411505126953127 55.521142578125 -97.453369140625
H 8.274762581429751 4.472088512036412 0.32383292970541466 -33.97257080078125 -2.7008840560913088 70.71465454101563
22
5.247467041015625
H 1.7957105790646253 5.265950007280072 1.9320264806679872 -42.807855224609376 112.87110595703126 41.36099548339844
C 1.759145116793364 4.261139087674948 1.644211558842509 198.9181640625 -62.11068115234375 -79.45473022460938
H 0.7656948635935921 3.9046659729265034 1.4968755276132182 -58.8364501953125 -8.321121978759766 -52.66170654296875
H 2.1805854185740827 3.692547484507558 2.4903404575303 3.5790531158447267 7.694679260253906 -51.082681274414064
C 2.685964093130158 4.142060055481177 0.3752978964754319 -48.417352294921876 46.21481018066407 175.09743652343752
O 2.8117367692109725 3.042950107444082 -0.13587429291978276 13.015505981445314 4.571225357055664 -28.311215209960938
N 3.3964003637669027 5.241047640503124 0.006196742274656198 3.52734375 -9.436396789550782 -26.064434814453126
H 3.1610916621505725 6.185300023080336 0.34744351841838317 -2.9502294540405276 -106.48416748046876 10.089130401611328
C 4.466531073253412 5.19410997142502 -1.0207424909824672 -87.72928466796876 -16.09583282470703 -274.71953125
H 4.193882078745304 4.557817710654797 -1.9183083600000408 -23.11859130859375 44.12239990234375 124.46884765625
C 4.579243744690501 6.6140301023940085 -1.6124229755356592 -17.554135131835938 -47.25494384765625 36.65575256347656
H 4.939213467266528 7.253656686570617 -0.8477847972775855 -5.901734924316407 76.27589721679688 60.84822387695313
H 5.310241659054295 6.682408050037201 -2.3750138356749946 66.31374511718751 -35.87356262207032 -69.33926391601562
H 3.6528280544485634 6.948182028693905 -2.063049605372579 -33.64640808105469 5.600801849365235 20.230072021484375
C 5.839010261206084 4.6719656693755365 -0.6405466823856061 143.5929931640625 -35.86272888183594 318.1231201171875
O 6.554521227961461 4.0091547153398475 -1.3688783920057315 -18.693572998046875 -2.6437343597412113 -98.034716796875
N 6.259535919230905 4.927880332861115 0.6393140154195266 -222.03093261718752 153.23770751953126 -74.39807739257813
H 5.5939406621716 5.551894564405969 1.1422804531384296 103.1861328125 -93.54012451171876 -16.16993408203125
C 7.595338141806545 4.724432425699252 1.1786657363831914 189.68294677734377 18.220320129394533 90.95209960937501
H 8.046239412919142 5.654122295001703 1.6826549301984841 -98.59765014648438 -112.28260498046876 -87.47835693359376
H 7.6255650800943915 3.917943652272118 1.9753655291387182 -21.369091796875 63.516735839843754 -109.04976806640626
H 8.271549830524187 4.478149435946669 0.3142873130229241 -40.162591552734376 -2.4197872161865237 88.93870849609375
22
5.062286376953125
H 1.79943755974493 5.277701087211101 1.9376789728228045 -45.346899414062506 73.64230346679688 33.173544311523436
C 1.758494640732959 4.25974644491806 1.6448973000868052 208.42631835937502 -33.426187133789064 -72.50450439453125
H 0.7672359226430775 3.899030205977916 1.4914698830467434 -59.392333984375 -6.084580993652344 -48.39291076660157
H 2.1906210336147125 3.679454889187123 2.479841477098529 -4.2801666259765625 14.064190673828126 -49.57883911132813
C 2.6835620145066184 4.14146096881982 0.3766640840506654 -38.85289306640625 54.8114501953125 164.58463134765626
O 2.808496728401053 3.0413183520884357 -0.13694152040081523 11.90701675415039 12.422251129150391 -24.397915649414063
N 3.398013696425284 5.242628471189431 0.007789575269322155 6.081385803222656 -35.174432373046876 -38.83325805664063
H 3.1721924915898136 6.187952429082111 0.33944991084337106 -13.456004333496095 -95.46243286132812 21.715261840820315
C 4.466038015274643 5.192918137951964 -1.0219500916929476 -65.30397949218751 -13.013185119628908 -262.615673828125
H 4.2011615973557275 4.559242647054791 -1.919607492592787 -31.229739379882815 38.435952758789064 118.69583740234376
C 4.57898004793042 6.615111929171135 -1.6116949045576987 -51.75617065429688 -83.12466430664062 -16.157498168945313
H 4.936842505882586 7.236307983438892 -0.8518571278644166 4.301169967651368 108.46492919921876 89.92464599609376
H 5.313783920312607 6.685871782294663 -2.3786294623877424 53.74945678710938 -35.57368469238281 -58.029187011718754
H 3.6348665574046866 6.934083689125665 -2.065202725015541 -0.7975610733032227 6.463442993164063 33.98419189453125
C 5.841928714373573 4.668773701470268 -0.6393133071183131 120.56851806640626 -17.598786926269533 316.9353271484375
O 6.557073057608131 4.015185247425919 -1.3695575070649293 -6.9672386169433596 -14.565977478027344 -107.80097656250001
N 6.261781271833032 4.926162877221759 0.6390059403081723 -242.78652343750002 158.67591552734376 -64.4017333984375
H 5.590431657967814 5.549957510668583 1.142847181929201 113.34014892578125 -101.56037597656251 -22.375804138183597
C 7.5931891704987855 4.724953416398091 1.1796592361069953 190.4959228515625 8.945082092285157 74.18575439453126
H 8.03241425003694 5.658108218742349 1.6727292540032968 -86.99813232421876 -101.54943237304688 -76.77138061523438
H 7.6241681843395686 3.922485083425566 1.9823678456066383 -19.58175048828125 64.73004150390625 -113.2625732421875
H 8.2673326940998 4.484177387228441 0.3070310574203511 -42.12055969238281 -3.521824645996094 101.92306518554688
22
3.80487060546875
H 1.801935345214773 5.291421259269217 1.9440976955466835 -47.287478637695315 28.414739990234377 22.753570556640625
C 1.7582095435824305 4.258231340449637 1.6454390543660067 209.676708984375 1.8424039840698243 -66.1147216796875
H 0.7671287749406519 3.8936385327167033 1.484723909251898 -54.520751953125 -2.6433879852294924 -43.076904296875
H 2.2005723742709495 3.6669497516090073 2.4679176956105096 -10.901551055908204 18.55042724609375 -45.20436706542969
C 2.681095102497863 4.141044403979695 0.37826949530892967 -27.780960083007812 61.74605102539063 151.8443603515625
O 2.8052209954468954 3.03969781690941 -0.13802251675199056 10.579192352294923 21.3656005859375 -19.831175231933596
N 3.399592467008519 5.244171356023902 0.009344084170833605 9.208114624023438 -66.12750244140625 -52.87188720703125
H 3.183205120125037 6.188517721917774 0.33182332977940904 -24.45740509033203 -78.55574951171876 34.56697387695313
C 4.465463888472131 5.191778176475676 -1.0235643550245452 -41.39591674804688 -6.289163208007813 -240.177001953125
H 4.208241039983156 4.561565903866565 -1.918054380148184 -40.695526123046875 28.38381042480469 105.67044677734376
C 4.5786029542575495 6.616077566106644 -1.6108694008196554 -78.29620361328125 -112.040625 -67.49889526367188
H 4.9345927681679616 7.221918902065889 -0.8540098434809102 12.035919952392579 133.69754638671876 112.85211181640625
H 5.318646213462196 6.688408206464814 -2.3837579745733817 37.036651611328125 -35.258609008789065 -42.346499633789065
H 3.617294521076469 6.920292536313149 -2.0665846149328138 31.38045349121094 7.723389434814454 46.895599365234375
C 5.844944476413495 4.665603431814462 -0.637397193937979 95.50750732421875 -0.3434988021850586 308.91960449218755
O 6.5596799995708555 4.021245223215452 -1.3703837719660754 4.079999542236329 -25.096107482910156 -115.17182617187501
N 6.263591484305804 4.924806177443993 0.6385991038745993 -250.29216308593752 156.02288818359375 -55.519281005859376
H 5.58965244588996 5.546049764250327 1.1430862908728114 114.5187255859375 -102.00925903320314 -23.550796508789062
C 7.591477478813241 4.725491538788727 1.1808208675748437 179.39937744140627 -1.1277191162109375 49.22456359863281
H 8.016659468711406 5.6592924171572845 1.660740682211285 -70.81671752929688 -81.69664306640625 -61.00037231445313
H 7.622260258319017 3.928868498762714 1.9863417964297172 -17.127146911621093 59.310699462890625 -109.91530761718751
H 8.261957191582514 4.489972971374414 0.3019824894537637 -39.85084838867188 -5.8692878723144535 109.551806640625
22
1.891937255859375
H 1.8032173132339735 5.30597283274851 1.95072850075396 -48.4106689453125 -18.971798706054688 11.414209747314453
C 1.7582824695278656 4.256759825741181 1.6458873474660674 202.75686035156252 39.37608032226563 -61.236358642578125
H 0.7655597018665478 3.8884227707079155 1.4769896874653219 -44.660412597656254 2.0517311096191406 -36.85728149414063
H 2.2102755145428485 3.654707364768229 2.4544323939199018 -16.16883239746094 21.47549743652344 -38.064910888671875
C 2.6785201205935123 4.140767132250125 0.38019508140105085 -14.979968261718751 67.485205078125 136.6337890625
O 2.8019326251734817 3.038162619870273 -0.139071110885218 8.949412536621095 30.944680786132814 -14.603680419921876
N 3.401170798676063 5.245571757396309 0.010860544382269697 12.194346618652345 -100.75703125000001 -67.41001586914062
H 3.1934218825667138 6.187275654075231 0.32438525813652164 -35.27571105957031 -57.09849243164063 48.02313842773438
C 4.4648069501497565 5.190594948255965 -1.02563993714271 -16.7673583984375 3.532273101806641 -207.95976562500002
H 4.2143709555928135 4.56443858630099 -1.9136787951668566 -50.81109313964844 14.422488403320314 85.94713134765625
C 4.578087328243195 6.616776382178184 -1.6101920259516538 -96.10283203125 -132.43631591796876 -112.77967529296876
H 4.932714891780902 7.210913198481091 -0.8535128495345674 16.167454528808594 150.26207275390627 127.12270507812501
H 5.324737711191046 6.69008468389614 -2.3899077904842607 17.18721618652344 -34.924032592773436 -23.571182250976562
H 3.600382442596566 6.9067494804731 -2.0670575608649404 61.913726806640625 9.504653930664062 58.283355712890625
C 5.848045269007061 4.662323603334294 -0.6348388949993621 68.20352783203126 16.12017059326172 294.0974365234375
O 6.562229330076871 4.027163899629095 -1.3713141505234427 14.70166015625 -34.47018737792969 -120.31973876953126
N 6.264929194947565 4.923763441823182 0.638027968286578 -243.2387451171875 144.097412109375 -49.04068298339844
H 5.591620900665715 5.539667268078995 1.142485250133711 105.62678222656251 -93.78941040039064 -18.541323852539062
C 7.590219344494241 4.725967338722601 1.1820875139618652 157.346533203125 -10.258887481689454 18.863479614257812
H 7.999398174748713 5.658293020677187 1.6472134921316184 -51.406896972656256 -54.843719482421875 -41.62081604003907
H 7.619752867087342 3.936880690755923 1.9873927704917052 -14.027795410156251 47.77622680664063 -99.28848266601562
H 8.255690235633608 4.495355332912264 0.29965764666813305 -33.19721984863281 -9.498616790771484 110.9086669921875
22
0.02630615234375
H 1.8032834413666599 5.3202944751169445 1.9576999912549198 -48.414953613281256 -65.51748657226562 -0.1978300452232361
C 1.7588769173542362 4.255418222796493 1.6462863065862665 187.75250244140625 75.88689575195313 -58.123321533203125
H 0.7628811170297478 3.8835147108314616 1.467986751445398 -30.209207153320314 7.919451141357422 -29.558569335937502
H 2.2197336405192076 3.6427851457184963 2.4397894661125568 -20.227627563476563 23.009381103515626 -28.849240112304688
C 2.6759169452556435 4.140618241987842 0.38242813546754184 -0.08506338596343994 72.16602783203125 118.95350341796876
O 2.798775058884935 3.0367387577983482 -0.14013220129790993 6.9147994995117195 41.06797790527344 -8.694328308105469
N 3.402883897010021 5.246786587931141 0.012376462118333792 13.804675292968751 -135.62779541015627 -80.80501098632813
H 3.202596605401284 6.1849415715496745 0.3179665250355076 -44.90120849609375 -34.348846435546875 60.646661376953126
C 4.464122509806826 5.1894984375012845 -1.0281408538516144 8.028464508056642 14.990132141113282 -168.5945556640625
H 4.219242571178105 4.567695876858695 -1.907369969249696 -60.820996093750004 -2.0845453262329103 61.84940795898438
C 4.577456023078965 6.617279253834614 -1.6097474347906355 -103.2137939453125 -143.87366943359376 -146.66934814453126
H 4.931130043096589 7.203901604886937 -0.8496261465870014 16.028840637207033 156.92879638671877 130.59453125000002
H 5.33119594524181 6.6909047073505175 -2.3968405446547596 -3.9629871368408205 -34.381289672851565 -3.280589294433594
H 3.5852355988301636 6.893222912252396 -2.0661912122496795 87.59816284179688 12.516406250000001 66.69984741210938
C 5.851317347961348 4.65906917628431 -0.6317387001506968 38.77850952148438 31.722598266601565 273.12392578125
O 6.564797953200872 4.033000002872774 -1.3723664571638667 24.857162475585938 -42.694311523437506 -123.39407958984376
N 6.265850377240537 4.922912070115625 0.6373792037176196 -223.3974365234375 124.40146484375 -44.88827819824219
H 5.5961662764752536 5.531055114982517 1.1413847426317463 87.70233764648438 -78.13172607421876 -8.169086456298828
C 7.589321076528285 4.726459399808667 1.1833077932930676 125.850390625 -18.738238525390624 -13.241578674316408
H 7.980980079480702 5.655455149124994 1.632646622953797 -29.875454711914063 -22.267634582519534 -19.782246398925782
H 7.616636966473569 3.9461802297867847 1.9860516636645826 -10.367156982421875 31.619119262695314 -82.99818725585938
H 8.248385237939342 4.5006250292590195 0.3001027320501331 -21.839967346191408 -14.562716674804689 105.37836914062501
22
-1.000640869140625
H 1.8018586134341161 5.332775379705041 1.9646100760111882 -46.96481628417969 -106.63843994140626 -10.826414489746094
C 1.7599161643429484 4.254250645976788 1.6465421694130113 165.67958984375002 107.05107421875 -56.84785766601563
H 0.7594152057920798 3.8791145834885854 1.4581268467178594 -12.461914825439454 14.481561279296876 -21.53406982421875
H 2.228706329146192 3.6312494437826692 2.424398855929354 -23.173297119140628 23.513079833984378 -18.376240539550782
C 2.673153657974581 4.1406887824747844 0.38484791657429995 16.93738555908203 74.94752197265625 98.74197998046876
O 2.7957044549720855 3.0354316335300338 -0.14122543749832656 4.406859970092774 51.94016723632813 -2.059156036376953
N 3.4046682701648994 5.2477354702998245 0.013784263937103098 13.891783142089844 -169.47562255859376 -92.63644409179688
H 3.2105511603898456 6.181595389957089 0.31268723702057516 -53.13869018554688 -11.021764373779298 72.14073486328125
C 4.463432011952838 5.188562945931348 -1.031032985802739 32.47273254394531 26.942279052734378 -124.20101318359376
H 4.223059388278632 4.5709573026833805 -1.8996793442526507 -70.52147216796875 -20.063909912109377 34.97120971679688
C 4.576624216430432 6.617639613917813 -1.6096515616412301 -99.44931640625 -146.8414306640625 -167.29750976562502
H 4.929919060115907 7.200966563951058 -0.8426049272978225 11.730682373046875 153.97918701171875 123.14310302734376
H 5.337475068538664 6.6907596248234515 -2.4043784238758503 -25.350955200195315 -33.49874572753907 17.414794921875
H 3.572229006817814 6.87990801067593 -2.0638554760965544 107.11627197265625 16.77022399902344 71.58848876953125
C 5.854677729380188 4.655835249139915 -0.6282659421203922 7.612713623046876 46.98256530761719 247.218701171875
O 6.5673512803366645 4.038860390755303 -1.373557513826105 34.74147033691406 -50.10971374511719 -124.86896972656251
N 6.266403684766293 4.922310724692089 0.6365440197403066 -192.97532958984377 98.44578857421875 -42.20037536621094
H 5.6027875639237 5.520529082521727 1.140171528971703 62.489172363281256 -56.756323242187506 6.275492477416993
C 7.58870210792522 4.726965682463147 1.1844445081041761 88.16056518554689 -25.017884826660158 -44.836175537109376
H 7.961820259316283 5.651893439171303 1.617542796797804 -7.8123214721679695 12.92014617919922 2.8074874877929688
H 7.613389663570329 3.9564093308438792 1.982762574468414 -6.610981750488282 12.100460815429688 -62.1855712890625
H 8.24063701819228 4.505544559811977 0.3033278491661374 -6.780130767822266 -20.650218200683597 93.56781005859375
22
-0.820892333984375
H 1.7988697943641185 5.34225994443128 1.971568065200492 -43.971475219726564 -139.45177001953127 -19.82693023681641
C 1.761329984745098 4.253220046225911 1.6466979155244463 138.45069580078126 131.26171875 -58.511938476562506
H 0.7558856447917089 3.875208974354576 1.44762189995955 6.535198211669922 21.063259887695313 -13.109632873535157
H 2.2370072538178247 3.620456798817719 2.408235416757711 -24.62348175048828 22.316708374023438 -6.108722686767578
C 2.6704301746862606 4.1408442592444175 0.3875156194321869 35.15310974121094 75.68582763671876 76.51004028320312
O 2.792673449932645 3.034090357339141 -0.14219852646996492 1.6290338516235352 63.39320678710938 5.133978271484375
N 3.406531698472566 5.248218949498748 0.015057448025761179 12.084630584716798 -198.75682373046877 -101.63978271484376
H 3.217212105252239 6.177891799786619 0.3090028288003772 -59.36243286132813 9.711435699462891 81.44051513671876
C 4.4628473898240895 5.187612879384897 -1.034092817902494 55.64534301757813 38.30504150390625 -77.42140502929688
H 4.225956173645829 4.573469136334827 -1.8910211378571773 -79.46331176757813 -38.22456665039063 7.249288940429688
C 4.575528025919431 6.61766389324188 -1.6099719959272518 -85.4587158203125 -142.03270263671877 -171.0953125
H 4.928805772055167 7.2015088091006145 -0.8321598485839731 3.5190563201904297 141.8421875 104.5074462890625
H 5.342789774441071 6.689402992377098 -2.4116928461115874 -44.69790954589844 -32.00237731933594 36.193911743164065
H 3.561928923276933 6.866915202322257 -2.0598344491994878 118.76844482421876 22.192950439453128 72.27724609375001
C 5.8580865832317315 4.652535351296962 -0.6242009609404258 -24.315121459960938 61.11192016601563 215.41542968750002
O 6.569929062883174 4.0446326245751845 -1.3748370541153652 43.83846435546875 -56.35913696289063 -124.24932861328125
N 6.266652295847978 4.921704570111851 0.6356060985774061 -155.30745849609377 69.43480224609375 -38.674539184570314
H 5.61091179127663 5.508847100602209 1.139208737957593 32.714456176757814 -32.31908264160156 22.99233856201172
C 7.588229551049977 4.727342936696447 1.1855675284349472 47.256298828125004 -28.0923095703125 -74.09301147460938
H 7.942595640850256 5.648349896285855 1.6025970839291812 13.272700500488282 47.716625976562504 24.548004150390625
H 7.609888034658834 3.966873985950239 1.978041539118871 -2.8623275756835938 -9.378277587890626 -38.27097778320313
H 8.2324290837458 4.509775519653048 0.3088435512571432 11.19478988647461 -27.418624877929688 76.73338623046875
