$coord
         -8.288618951876         -1.346450886546          0.085595935092     h 
         -6.399352828124         -2.143872275222          0.279436980748     c 
         -6.156648584889         -3.674694409955         -1.077196369780     h 
         -6.154324859759         -2.875129606287          2.189411287467     h 
         -4.369996738902         -0.143835918057         -0.211553910615     c 
         -4.968011138763          2.036074442549         -0.744704148624     o 
         -1.970397058578         -0.900590670784         -0.028026844903     n 
         -1.572875484269         -2.713894256020          0.415534128888     h 
          0.123465131853          0.812995144946         -0.448952039983     c 
          0.022467602360          1.564694340403         -2.364031102537     h 
          0.052114893729          3.014452788799          1.409393948842     c 
          0.169088615780          2.292765874549          3.335080573787     h 
          1.645089161141          4.269778958771          1.049713423778     h 
         -1.708903435794          4.056548903776          1.173539897976     h 
          2.644381894613         -0.532379513327         -0.121444464331     c 
          2.714146404935         -2.787251587083          0.430427571104     o 
          4.720443545316          0.859498929424         -0.463616318447     n 
          4.566668500594          2.707392364441         -0.915815090935     h 
          7.231956880357         -0.200557792217         -0.205936188795     c 
          7.089038741362         -2.196452756682          0.282697710751     h 
          8.248230653224         -0.001669040509         -1.986501785217     h 
          8.250552947116          0.797891113845          1.280112664202     h 
$end
