           2           1  0.980481448402878     
           3           2  0.970862354602168     
           4           2  0.970802055405941     
           5           2  0.975363540874197     
           5           3  3.010309449714625E-003
           5           4  3.051118660734793E-003
           6           1  7.384247674734035E-003
           6           2  5.085173671705510E-002
           6           3  9.703463075725170E-003
           6           4  9.608923628969288E-003
           6           5   1.58050656985919     
           7           1  5.920733661975860E-003
           7           2  1.234886708105673E-002
           7           3  3.210691419364759E-003
           7           4  3.279116196545209E-003
           7           5   1.29536441101575     
           7           6  0.166998896865399     
           8           6  1.172396983461678E-002
           8           7  0.940244899621852     
           9           2  1.694571843448849E-002
           9           5  6.846777980759261E-003
           9           7  0.952914724715686     
          10           5  3.714807587822273E-003
          10           6  4.939363270710646E-003
          10           8  2.177497292250793E-003
          10           9  0.958780960725977     
          11           5  6.859076799168367E-003
          11           6  8.798530007036908E-003
          11           7  7.346403356205928E-003
          11           8  2.694929757082061E-003
          11           9  0.992351967272221     
          12          10  9.694664766680842E-003
          12          11  0.979980762626170     
          13           7  9.444605748641132E-003
          13          11  0.975732095563058     
          14           6  2.437083930707180E-002
          14          11  0.976618976259602     
          15           5  7.159706182228723E-003
          15           7  2.054599609947490E-003
          15           9  0.958933042706926     
          15          10  2.835602577319774E-003
          15          11  8.063333026248599E-003
          15          14  9.438534153201531E-003
          16           7  7.177823140249243E-003
          16           8  3.260276735529852E-002
          16           9  4.582563354829769E-002
          16          10  8.925373923739816E-003
          16          11  1.251036102325549E-002
          16          15   1.57123570154630     
          17           7  5.249624859756535E-003
          17           9  1.015064207574095E-002
          17          10  3.194094556225797E-003
          17          11  1.300166752213437E-002
          17          15   1.29923357167132     
          17          16  0.165585209041759     
          18          13  2.940002227446071E-003
          18          16  1.126749195861119E-002
          18          17  0.946730434927880     
          19           9  1.659485224910013E-002
          19          15  7.721652646349504E-003
          19          16  5.395962547113482E-003
          19          17  0.968270932236176     
          20          16  1.852453182491764E-002
          20          18  8.408151023360613E-003
          20          19  0.979105491864931     
          21          15  8.617636770844898E-003
          21          16  3.142107112882498E-003
          21          17  3.288636425064826E-003
          21          19  0.980911644382561     
          22          15  8.579436408194854E-003
          22          16  3.106247378870228E-003
          22          17  3.269726505977531E-003
          22          19  0.980799404955629     
