22
-33.859710693359375
H 1.4448284891659966 5.824657699232799 2.562347967220275
C 1.1792310820291232 5.915473280266293 1.4672746564335828
H 1.4799733511447253 6.918122629634258 1.0610459336391826
H 0.12916292421576303 5.73724146068891 1.2979558458187943
C 1.9531099861436827 4.865500986566105 0.7228788881908909
O 1.3514475527367396 4.048877144509703 -0.0027510602408287455
N 3.2744854969574977 4.923787703034607 0.8737392680410611
H 3.594144476969884 5.735316279439182 1.392266773539955
C 4.182186224815014 3.938297836562948 0.309673294419762
H 3.836948536739417 2.9310214951885833 0.46601314680568634
C 4.373687053839989 4.17924046556622 -1.1904094792205024
H 4.858414257574151 5.1802121670879 -1.298013050511454
H 5.006377734635189 3.4032883340745435 -1.625895576451997
H 3.389483647301703 4.21471825186855 -1.74948734506704
C 5.537190981218153 3.982558445711704 1.07254442959937
O 5.671077514279899 4.5583925986716185 2.14222063682294
N 6.63589056325346 3.4904886880613595 0.46160761635890446
H 6.490658607847379 2.93540668686497 -0.3608012204621846
C 7.947256443699091 3.3653696908332935 1.187777396851279
H 7.969106377240056 3.978563999470763 2.039218583187216
H 8.041237949065698 2.352318979003281 1.6073047090686676
H 8.830864019078014 3.685342022321753 0.5906888922922353
22
-20.610992431640625
H 1.4667037493090742 6.27869450495139 2.3925870860482124
C 1.081656488708057 5.910842637635573 1.3930006935645953
H 1.027842266328014 6.777005410810315 0.6769807946943811
H 0.05357389871797319 5.568504198003587 1.5180858632669945
C 1.9722958208698582 4.83018716737559 0.8467273729327408
O 1.4680582692954758 3.8127661474182446 0.3674373118224842
N 3.265704165569922 5.10116477533458 0.7334593163618943
H 3.64748487390558 5.969753157924695 1.096119156225161
C 4.234386415044228 4.132614236697609 0.21130448799263332
H 3.7875433627146506 3.152167851302672 0.18273111545595627
C 4.5640290104731465 4.364172015684023 -1.296221749670553
H 5.16303438372926 5.30368024495126 -1.384089230469823
H 5.262631778321822 3.574574485735674 -1.6935315019987884
H 3.68754596370127 4.379509642115256 -1.974028594348348
C 5.485088258072992 4.0024667071241415 1.1261616039635332
O 5.415884707360456 4.340747410912944 2.310018800401782
N 6.555216736480003 3.4061027930868963 0.6135149546044644
H 6.2750730735062055 2.809961302219292 -0.1689817145205248
C 7.868956019198599 3.2212822011683557 1.2023447008646078
H 8.070132753325707 4.097132203058196 1.7372420170059706
H 7.874981102459225 2.3723628479255714 1.9003912943661627
H 8.670237401448993 3.031635399021905 0.445674882551092
22
-25.26806640625
H 1.4414183490091939 6.288858730011878 2.3652930544227706
C 1.080905571868755 5.9157997020674085 1.3906972876921908
H 1.0245076263673105 6.758550670395248 0.6744989899663449
H 0.04745211015609874 5.564983367371981 1.5277632647432184
C 1.9742764701871505 4.827749613436243 0.8583394636074126
O 1.47047135758829 3.8057809450459477 0.3744845032533423
N 3.275532203980756 5.097566284784477 0.7276055968367006
H 3.619706448691522 5.987219980095092 1.0955850722266975
C 4.240570310410121 4.132191681632953 0.21267464788689902
H 3.7825883974125025 3.1771036487396853 0.15493955156517422
C 4.569182362620423 4.372245031075 -1.290683973661286
H 5.161404544139038 5.30382586804757 -1.3703624413442745
H 5.2819031283583975 3.5856253269796423 -1.6842653761491535
H 3.7170005148211227 4.384973781010433 -1.9592903547747451
C 5.478993584314437 4.003408013332905 1.1254582383786562
O 5.413711434067848 4.336443414220215 2.304884842437975
N 6.5409339472443175 3.403137727754441 0.6086790396573892
H 6.265794113104444 2.8266992162408187 -0.16540244968438295
C 7.863170497796446 3.2195687619010718 1.2071497905294906
H 8.071235531289316 4.121060447278417 1.759140955839376
H 7.873838757121931 2.38566744956937 1.9133838632990514
H 8.660565094201019 3.0051706158205627 0.4773152366460597
22
-25.600799560546875
H 1.6227891038661648 6.373262545553082 2.127622042734693
C 1.1282865500954293 5.926197150808447 1.319053180140715
H 1.0841314309644592 6.632937628536231 0.5367835396677101
H 0.13302651789920197 5.597798344179175 1.6386872256947471
C 1.9414724660741511 4.750848446911371 0.8334583089429098
O 1.4559968167923234 3.6253461520267027 0.7564457964049269
N 3.2004283729103173 5.0262929104055125 0.659592419114285
H 3.589078054896569 5.82558863625045 1.166374077762499
C 4.246019476424137 4.117843038984795 0.07264760023948544
H 3.822976145187437 3.125543370205792 -0.21098589335797402
C 4.664212908789272 4.8371211884272105 -1.2333904465749925
H 5.243754222614696 5.700616459836825 -0.9537017273189934
H 5.2765347706664825 4.170428669608512 -1.7806116202591462
H 3.8501496594919304 5.205831849368339 -1.881288677054699
C 5.4010865462206095 3.8598464420356917 1.098892079754307
O 5.361988331712358 4.400394626610265 2.195629231896079
N 6.519420592276219 3.2345447371525573 0.7253302347066284
H 6.490180213996243 2.840062937439804 -0.18928885209346435
C 7.726180924972809 3.0477362973231164 1.5004950010432185
H 8.23017569572064 4.062376625894897 1.5878913702187902
H 7.472140289906287 2.7063728833064555 2.5045899094141486
H 8.411949795059021 2.4181075666316656 0.979375885043986
22
-17.004974365234375
H 1.4686491727323534 6.389615485165988 2.19415731796475
C 1.090086939250356 5.90207313890588 1.3220402341883868
H 1.0557527251381544 6.599356792904101 0.488416289182532
H 0.05967861307257766 5.516600569540898 1.5667457791860107
C 1.9613019718134455 4.689569620078604 0.9357405928038419
O 1.3991256791560633 3.595424295644696 0.8113657834033776
N 3.215876045779549 4.9595816785089974 0.6738282880052846
H 3.5512227879108833 5.867221106125196 0.976473494257068
C 4.27835357300138 4.143843990261152 0.05132702523327853
H 3.8183457445067766 3.2431168955455854 -0.3751611914201263
C 4.767091933310418 4.934629529959471 -1.1936635363852146
H 5.301259844327731 5.874085693386592 -0.9898566821795589
H 5.351777114423658 4.261697709231605 -1.8328391516450706
H 3.8336043761310745 5.210345165656757 -1.7686541933090774
C 5.4498121184231945 3.9741603600869 1.0414801992692608
O 5.300812998244446 4.472573191388938 2.164647173490992
N 6.4720748814705376 3.131652366175843 0.7283592448907993
H 6.458461639355322 2.782898277070336 -0.20106531182631251
C 7.687842458631136 2.9552474286068775 1.5838015012371753
H 8.331119688371727 3.8970404095179556 1.5850130898151527
H 7.3786725917240945 2.7788571793155388 2.612648227617475
H 8.258521735946283 2.1226151014375736 1.2510420512720692
22
-36.01397705078125
H 1.0808117066632186 5.7022806822538765 2.590980944096148
C 0.9036424425722493 5.420797245181127 1.5657871043145488
H 0.7624782684951936 6.338372781539805 1.0007033040540072
H -0.023946203362619142 4.842535869435476 1.509176010285746
C 2.04810825532617 4.591946667261416 0.9878680184164351
O 1.8136512555399886 3.4093609265349185 0.7277733167872478
N 3.167927070584202 5.180101391422887 0.6478741512295295
H 3.36611128236781 6.109727139452964 0.944703775063659
C 4.34402480871122 4.446237970993034 0.07398761568096304
H 3.944905736003434 3.469229813642587 -0.20748134501704468
C 4.917758037025673 5.073094723698083 -1.1791636370138727
H 5.3255103844086635 6.058128248805419 -1.0586922470690865
H 5.589597660232467 4.39045902280073 -1.6406626379410043
H 4.093128848239605 5.125549620013603 -1.8504643334379856
C 5.396865800288241 4.166753034994591 1.115055368452034
O 5.605344640747711 4.8898290524528 2.0923747595069866
N 5.952389727599839 2.9300395698317665 1.0672635976688245
H 5.605177983496325 2.311704696192564 0.37360222427367495
C 7.111752316262558 2.417311491531135 1.786414603990425
H 8.025108985612363 2.910416395519073 1.4022179341922705
H 7.018388104039133 2.6624296190893277 2.8313912034182165
H 7.213259662168026 1.3476442234669215 1.6617090908996224
22
-34.141326904296875
H 1.0994187864418028 5.698095847125012 2.5942176863746558
C 0.9061517192919442 5.4194103388120975 1.57170626736176
H 0.7584771509149001 6.344343903623115 0.9996219242508765
H -0.050364512583567445 4.8130953392479325 1.5083891796082671
C 2.0491819046412902 4.5844608359165155 0.9830921627620726
O 1.817339752202558 3.4063857649417564 0.7278028320920836
N 3.170531414662696 5.171641118979087 0.6513372198971729
H 3.345478977295364 6.090490016556778 0.9487451823262515
C 4.34362074623252 4.4583140826399195 0.07799043874735516
H 3.9236956175775033 3.4875778677061566 -0.23647040161873645
C 4.919007422873831 5.079529857747845 -1.1864519120043944
H 5.340494598421616 6.083413566699485 -1.0421696992980773
H 5.598402075376669 4.375295050882542 -1.6377926180314057
H 4.069913866710621 5.150662573784003 -1.8812433588138513
C 5.40231790327815 4.168846435722018 1.1195260663701396
O 5.614035715611702 4.891744922741084 2.088936152161515
N 5.941407430945583 2.9231771754367193 1.072452245363702
H 5.568194592024956 2.319115773471923 0.369504895800124
C 7.094710791227513 2.4133991143941773 1.7955756045361815
H 8.027955666027138 2.90664067003658 1.3980606717662722
H 7.002388708058662 2.683236396627944 2.835527352961158
H 7.232454328819298 1.3694214856060316 1.681124210539231
22
-34.111907958984375
H 1.124573508754594 5.689727060676483 2.604197168885216
C 0.90698819461716 5.417491096010708 1.576334238253072
H 0.7583307762115609 6.342447985029946 0.9983470319209641
H -0.05099991412109749 4.798918965718619 1.5110372148292053
C 2.0468442012452654 4.576107695902743 0.9786083145899799
O 1.821196198899081 3.4034012002627745 0.7280113262201994
N 3.175795429359503 5.1631476162592485 0.6537841000104323
H 3.325197297264655 6.090538508921437 0.9577313525933371
C 4.340525795618918 4.469729708265584 0.08247149068118928
H 3.913257081807715 3.508536679135741 -0.26497367541683636
C 4.917844208710871 5.086480063970412 -1.1948116477463842
H 5.355967401970643 6.101682402067592 -1.0202322968387652
H 5.621766669138427 4.360324367371825 -1.6366001126945748
H 4.054170361400501 5.182563885572785 -1.910680796919728
C 5.409031221850656 4.168379766701445 1.1259516069408515
O 5.622814636580501 4.894363444032972 2.0853106671804484
N 5.930366739902858 2.9166396907390753 1.0763979226014437
H 5.525711430466268 2.324302829384365 0.3614921663925208
C 7.079805160104287 2.4133423666064617 1.8039207327426832
H 8.010429497230017 2.8927137096294713 1.4037827192477905
H 6.986566240592767 2.7021098043714415 2.851017951103809
H 7.248223826918416 1.368349263165709 1.699648795477966
22
-39.033172607421875
H 1.152936982135494 5.677064368585855 2.6159650067851774
C 0.906276253669162 5.414569543513323 1.57965916143203
H 0.761792247763921 6.331384874924537 0.9991928952742104
H -0.022065072418323513 4.804480389192163 1.5188274340788064
C 2.0415578959517937 4.56780665879355 0.9745793038798003
O 1.8250672174043432 3.3998924137285504 0.728271507630392
N 3.1826224428221295 5.155421155963315 0.6558229691800416
H 3.3069853445030883 6.105006397945063 0.9692180469233358
C 4.335675022178249 4.47973858302383 0.08632702461155359
H 3.9168182454131264 3.5334775219572068 -0.28773657109728396
C 4.914674220863145 5.094426940499356 -1.2046387543363175
H 5.365872063931856 6.09883264984454 -0.9976788997083608
H 5.646427557831043 4.357928119825932 -1.6317724856140225
H 4.060355427841971 5.217763436788334 -1.9271256337203084
C 5.416316922657602 4.16528183829347 1.1334723230318302
O 5.63180859749896 4.897803360107942 2.0817973930171103
N 5.9185031530792545 2.910390864846856 1.0784271946117125
H 5.486344361728678 2.330409685650662 0.3594962070775454
C 7.067269420180541 2.4165259556824985 1.812267458064321
H 7.975392824512348 2.8733758852100406 1.4176645820985252
H 6.971690103689227 2.716463193094611 2.8699445049301313
H 7.25675937188727 1.3464204923978191 1.7176996215528741
22
-36.79693603515625
H 1.269728658611985 5.600576110327676 2.623899445727465
C 0.952314401936324 5.378093196889159 1.592001244001557
H 0.7934154567596516 6.296720478876702 1.013485379013614
H -0.005464257842861302 4.823169355605089 1.6633625045858327
C 2.009160054873154 4.550104509616491 0.9450053872862131
O 1.8433356272840067 3.34734276171287 0.7283432391563942
N 3.184688156081493 5.153542035269613 0.6926891122474911
H 3.313743846704862 6.138048275039171 0.9539628505404654
C 4.343671120042007 4.498060056476342 0.06917629142619325
H 4.0213062330744185 3.505986943567518 -0.27827127609123803
C 4.890912744337271 5.156724482604847 -1.2185842509550882
H 5.425350793144673 6.0781617691721745 -0.8865233605055067
H 5.70878971255913 4.530813686335431 -1.669814975401753
H 4.152182078559304 5.434363546492538 -2.0150181876285336
C 5.41212564897277 4.129355277912784 1.1570491792083384
O 5.707253360027864 4.933251843964551 2.062754369753048
N 5.839488358456794 2.877297331430229 1.0789133097007944
H 5.379940808312864 2.215578867975974 0.4573241625232755
C 6.991328219718649 2.4245165505755764 1.8826383234531088
H 7.879776020331697 2.911097050038898 1.4854909330385704
H 6.867391940872935 2.7209363969186704 2.942776716737254
H 7.01017832420693 1.326835470773808 1.8549570610603539
22
-37.322998046875
H 1.2816509458705447 5.608611960754514 2.623635715728408
C 0.9556863932602053 5.370822013260673 1.5936682049048512
H 0.801490633424361 6.286168205972018 1.032792503330941
H 0.03260719204827602 4.846409203405846 1.6787571445074971
C 2.014259557611025 4.548991688527484 0.9380101343233876
O 1.8444182701477163 3.339118868271603 0.7285480655344289
N 3.177397198873797 5.156983073121538 0.6984169412765842
H 3.321627717834334 6.138439182867634 0.9511185815894196
C 4.350049177422159 4.49009709678661 0.06386967999464206
H 4.018113420896128 3.5054775934651716 -0.26525836494167987
C 4.8917949036966295 5.171146680504563 -1.2128021586846414
H 5.41210617185556 6.088239600330266 -0.8865487528709981
H 5.693208775858024 4.5441874186198685 -1.6908574891031543
H 4.166186638622527 5.438072016329566 -1.9880999146690204
C 5.400592966042489 4.1307240719431695 1.154885858010696
O 5.718979073850358 4.9365965105114 2.057793531911267
N 5.834205852869012 2.8709399378486555 1.0824879258506206
H 5.384670700542551 2.2024074551396002 0.4852334677448712
C 6.979315300338037 2.4284666230497765 1.8898431423874937
H 7.854844011462481 2.8937409093485114 1.5124018394755392
H 6.848876084563673 2.721419298150895 2.951478867195649
H 6.976206725834269 1.3029915717711278 1.8683021304722847
22
-40.70819091796875
H 1.3202347215618753 5.6276093981229565 2.5806887569991495
C 0.9721878788415323 5.359513084960291 1.6077885477454912
H 0.8179931899157875 6.279369304131311 1.06641157981425
H 0.038144591362076555 4.8138051166950255 1.7032321423326926
C 2.0329853242065274 4.5340897137906415 0.9171255853659405
O 1.8471643565697433 3.3217669912355547 0.730009975351935
N 3.1684019313440643 5.167402505725845 0.7029918530236126
H 3.309946553499608 6.109022306229277 0.9543381215567514
C 4.356166018402035 4.46458695044755 0.05815907097229514
H 3.973404972220378 3.5044253578481133 -0.27903312827473525
C 4.90878194104127 5.215090471957991 -1.1902697614487097
H 5.356772902238839 6.1406227229769605 -0.8846404555241922
H 5.591713951557969 4.596240940537045 -1.7137739220917947
H 4.119265012738625 5.437460749311702 -1.892244938381213
C 5.365367700966467 4.139269736445688 1.1489475347142175
O 5.75123657929372 4.940528132166828 2.033320999003402
N 5.829004589000155 2.859282924724918 1.1036361339953786
H 5.3653202434315475 2.1625450784214255 0.529505849511652
C 6.927231999874628 2.4228150806779842 1.9168409518259255
H 7.8885841743109975 2.8562138342459935 1.5519505830026534
H 6.791702661812142 2.7310172116745477 2.939254641989532
H 6.937638770464596 1.3552752586071115 1.9043181445644464
22
-48.042755126953125
H 1.3913882558152846 5.603965619257012 2.632940138756119
C 1.0406426138267009 5.306626051811822 1.638868082285386
H 0.7636460522366589 6.16692747883946 1.053788360178363
H 0.18927544620514758 4.728431917217163 1.7993444954803217
C 2.068069836398036 4.5003901150561845 0.9293489831034822
O 1.8695660591106456 3.308489590435784 0.7289157740969436
N 3.1723676297497394 5.115808653540778 0.6076060723012243
H 3.3742562504145046 6.0193487675602135 0.9431981963094722
C 4.323598396911901 4.46965149192685 0.053215325375765274
H 4.023683866249578 3.5302217446282915 -0.40621844692553094
C 4.841098838791583 5.353629300304815 -1.0217783092071553
H 5.330968463256286 6.201025193493756 -0.5453158352132715
H 5.632482028098924 4.8179513748489216 -1.559603465085834
H 4.133769432798119 5.68158134875013 -1.7484921164008362
C 5.343234995796139 4.107101415321976 1.139489906687773
O 5.824355186542679 4.958600709211156 1.8555280963100875
N 5.760866603986376 2.863868093742043 1.166462460468646
H 5.3082922944267565 2.2202279766823 0.520394672294636
C 6.818692905000777 2.357570128024577 2.0793558276645476
H 7.752252668721228 2.7469724850269657 1.7526812116598354
H 6.670016636885611 2.7167467160909653 3.102955817993159
H 6.7627837174250445 1.2348872999571914 2.1177365906058694
