22
-5.607666015625
H 1.2830440130132248 5.450846358354732 1.2718694337268464
C 1.763360089026536 4.527753027971482 1.4390778468039471
H 1.069365644379174 3.697322245069306 1.4230500658138532
H 2.304352226578155 4.518557627962765 2.405870094817409
C 2.81234164834238 4.334280348764342 0.4606121955342958
O 3.2093709734937477 3.1937738728771836 0.25516012547228634
N 3.3832273658797525 5.3970563001238965 -0.12951034296281116
H 2.904673362337065 6.287950225466784 -0.04067034680386537
C 4.451171345768493 5.306651273201908 -1.166610828392387
H 3.9992831372406568 4.742939290271508 -2.0164316266575524
C 4.767975620119108 6.694016681706172 -1.644254755641229
H 5.108435582247047 7.265207345231226 -0.7671299589939817
H 5.630178809792515 6.74820730715119 -2.322581444518609
H 3.921695224695889 7.189925892384862 -2.090694884128493
C 5.73505297768958 4.54126450780279 -0.632218203585404
O 6.044172977283732 3.440209679548085 -1.1153865107541412
N 6.357170842431175 5.029933434182524 0.4435186508096117
H 6.094575422225715 5.9858676466601155 0.669224002293463
C 7.428392721447466 4.425696139125035 1.1560899065392656
H 7.713219210028121 5.070339511604884 2.0274560325386446
H 7.212381011414868 3.4231750391195503 1.561711755383279
H 8.23447135679974 4.448026536425729 0.4217394911225423
22
-18.43231201171875
H 1.262952175475742 5.490314632974198 1.2630014851331952
C 1.7606707937083912 4.524434035341481 1.4454216422478572
H 1.0725892522226506 3.701985924455658 1.4192232428404175
H 2.301404284146664 4.522588301151667 2.4105389502021515
C 2.817310872637739 4.33080176905802 0.45726631438779786
O 3.2057619462628013 3.193922215842284 0.2543806791000899
N 3.3839791685300877 5.39481443721034 -0.13345355466838296
H 2.9272789991689976 6.276904823614134 -0.04075017114242725
C 4.451460025445989 5.304518559628812 -1.1624728033868965
H 4.0275382725816655 4.76665859642343 -1.9853891581865128
C 4.772321496324893 6.695494262904074 -1.6371710599040232
H 5.092360577606843 7.273773256518825 -0.7803747677743323
H 5.626750288396508 6.7284194558444455 -2.3298204250855834
H 3.907824129508273 7.197253341181208 -2.1019237681997076
C 5.731542971041955 4.538215484113577 -0.6349243500633382
O 6.041253009250587 3.4392357714181387 -1.1143092523069227
N 6.3505052958655295 5.032750131137619 0.4445813749107037
H 6.108459065089517 5.981600941211554 0.6807098080490173
C 7.43274305375921 4.427773278906281 1.1636468365725912
H 7.702118473363231 5.052746350674177 1.998408464706184
H 7.208891669783437 3.43341700623172 1.560429235483287
H 8.24162588539336 4.424553345637539 0.4407726675470991
22
-18.38494873046875
H 1.243133938858667 5.519826927191422 1.258503104570555
C 1.7579765909817089 4.523475006713422 1.4542999274370483
H 1.0672865755452623 3.7005812039931705 1.4144188170600436
H 2.283315338777054 4.529076731048137 2.4073507537615275
C 2.824919412678426 4.326667065901305 0.4516249932205272
O 3.202069749480867 3.1937798320089863 0.25349034035918994
N 3.384570460806946 5.3921316683179334 -0.137730411769628
H 2.9485810510892025 6.2730369478297 -0.03621626073715364
C 4.452780862766465 5.300852850316943 -1.1558884257524136
H 4.057165887990866 4.776001114269087 -1.9663486508137122
C 4.777607219495937 6.698992968974022 -1.6309038694621005
H 5.075441161738588 7.29136067441549 -0.7865109008099964
H 5.616315081651234 6.70074823668548 -2.3371584515835364
H 3.8977950958291014 7.197924720707972 -2.1101807309237115
C 5.726291393801851 4.533643948431109 -0.6384574857648664
O 6.038285967932301 3.4393196964608426 -1.1134575575464076
N 6.341964846692024 5.036884395089411 0.4448719039238286
H 6.12074177747658 5.977586829502574 0.6987448158715734
C 7.438189094619653 4.4298976654231215 1.1711327550082458
H 7.69527804087046 5.039609696282497 1.974910554222512
H 7.2029703423971565 3.4419457708451984 1.5521510021425908
H 8.259045181882607 4.391470587484266 0.46571240199783676
22
-14.220245361328125
H 1.2444184948363264 5.539473723482956 1.2063011696667298
C 1.7315509632097712 4.5896035816751155 1.477271913039582
H 1.008777209629508 3.7456674997683748 1.4639431229794566
H 2.2177218320370025 4.6595581926541225 2.4326045445787816
C 2.8325969430862847 4.287433722031085 0.47789258997504136
O 3.1585144359734416 3.1443067835502485 0.21415635413993994
N 3.356585063410205 5.349236269409733 -0.13044702866326788
H 3.1674226075689242 6.290826058173612 0.20893993751793585
C 4.473476225889919 5.283831976749868 -1.1286897955623667
H 4.138323310885714 4.730445298417018 -2.020518853499154
C 4.812163845224494 6.6919801023398895 -1.6115675147129491
H 5.057936310231924 7.280319252791081 -0.6958659173266692
H 5.678497319990981 6.695691765630282 -2.2703087508725197
H 3.955947873460972 7.156242341159099 -2.100156168851351
C 5.6883992828774765 4.471312010359235 -0.5470865664233987
O 6.042717840453956 3.464534529120875 -1.1333373494687367
N 6.348817897369081 5.0584339774117995 0.47678183809906044
H 5.9038711502864185 5.807391396896526 1.00778635100209
C 7.406253475071266 4.436495839112764 1.2019270172870935
H 7.728769235766428 5.105065000282455 1.9631233591887753
H 7.093129342725809 3.5007984776696754 1.6235902263917268
H 8.155424846834316 4.300956159524265 0.44785674624224064
22
-31.259552001953125
H 1.2340043370661151 5.49031487853762 1.1945789893985164
C 1.752000342105896 4.609230171837941 1.4537985766598052
H 1.011715415380266 3.791584030812572 1.5261986235125504
H 2.1941357919236095 4.756394609347534 2.4413530403251333
C 2.7995865274145553 4.285977481433575 0.4580119957866746
O 3.104517520998437 3.1341646745410934 0.22079696812406158
N 3.39839925536622 5.336438567516954 -0.10218963253873281
H 3.0422349223646483 6.215487054374522 0.20395524518431213
C 4.433172685668943 5.241080834231716 -1.0935622044834543
H 4.036397373494632 4.615090464620382 -1.9640902495318113
C 4.824223674786329 6.671661628988456 -1.5782202862773356
H 5.104844822912451 7.352681066041691 -0.7332753632549026
H 5.686012887277496 6.606311221978264 -2.247897244222239
H 4.031669249801152 7.133740903698262 -2.117619645913299
C 5.677073353656312 4.515710196611657 -0.56137146842129
O 6.093967148442831 3.488849154357798 -1.130121915547649
N 6.272006767835433 5.042331742975365 0.5275124654835854
H 5.834371040326044 5.885406218768251 0.8548476987377386
C 7.436927539795906 4.416262689393623 1.2038096717843159
H 7.867554064441398 5.062458715324438 1.9705588274584385
H 7.1345565612585835 3.48869332810801 1.661459918661633
H 8.244072429058123 4.168783363357432 0.5384349684433497
22
-16.5108642578125
H 0.8766117241895245 5.329158528967835 1.0647493644567276
C 1.639305556905185 4.6730670545945046 1.511621585529328
H 1.1069419055444374 3.735647964883191 1.7942621032294848
H 2.018488711471245 5.152214125562819 2.418356549405989
C 2.717145259214951 4.316396110894239 0.5154658135893451
O 2.9164803958319796 3.1663083480408414 0.190564194935033
N 3.4028165709228664 5.310353920478473 -0.040308759516235367
H 3.1930377599564164 6.210112428090629 0.3284434920860007
C 4.475600846439701 5.1785812223356995 -1.0329435491943342
H 4.114809863359491 4.56272043705434 -1.9288102564303857
C 4.782420078953374 6.577400736797536 -1.5981948831048722
H 5.100439979365673 7.340638530062154 -0.8465034447147788
H 5.4769005944304645 6.3901889188808045 -2.419498779353726
H 3.873157747895817 6.936196519869307 -2.065568985135614
C 5.691593749996158 4.442966028011827 -0.5112448238518479
O 6.356787452897228 3.6353987466912026 -1.2217319064043046
N 6.194942642695539 4.896801594500079 0.7012432971343963
H 5.564338674895332 5.405485863200897 1.2817038519716026
C 7.463305665954279 4.399799987831771 1.2517202860722474
H 7.9668338969189385 5.080830997113291 1.936799323254255
H 7.175278989176865 3.5144338855162105 1.8031438444176016
H 8.197023924056111 4.0070444446984474 0.5456662261224734
22
-40.309295654296875
H 0.7046926515552189 5.131449212996703 0.9779014767723084
C 1.5629252992086071 4.874963652692448 1.5347712197740169
H 1.3451420306251924 4.126615641503028 2.2983001280978463
H 1.9473900611084825 5.791942395012199 2.0386992631972047
C 2.6126512536997977 4.363856980230801 0.5957550636032134
O 2.5956619035596336 3.1932853331030984 0.24524633900968262
N 3.5174544917150956 5.256993992279448 0.14754429952510556
H 3.437930398137934 6.164975688492267 0.4919149625055463
C 4.440189752815973 4.930981159626694 -0.9462786714064331
H 4.089928303321169 4.111222425624314 -1.497099938501861
C 4.577635116045208 6.229876532637105 -1.7899340074279526
H 5.12046478253843 6.940856932131436 -1.1791103427299525
H 5.220532649392981 6.103057082404036 -2.659253865675457
H 3.6326498074224425 6.6534960618825085 -2.108945282991318
C 5.8635479434935505 4.521501019197823 -0.4416759049003711
O 6.758290931156555 4.331255698479962 -1.2482771392544505
N 6.047923715251256 4.3737072501190655 0.851310771095807
H 5.2359719447238415 4.606066292379415 1.4147646130781568
C 7.333838765947752 4.151100862703604 1.4750042593680432
H 7.525222838250371 5.030854160931247 2.1207808166820112
H 7.425730983311267 3.224768857386003 2.0472997760888636
H 8.105184171703165 4.1983949274885095 0.7060169262484377
22
-41.70025634765625
H 0.6960459852205252 5.1338594092170355 0.97397486486673
C 1.567420146029279 4.880666383127025 1.5404378791834115
H 1.3427194159296594 4.158298038139016 2.284388552137174
H 1.922300652581948 5.781235085669555 2.038230077876229
C 2.6107063349801614 4.3634457035441265 0.5960926320191173
O 2.5883577937371536 3.188500339237619 0.24857197268455922
N 3.515458531013132 5.260240250618967 0.14571574856451638
H 3.4479657733293054 6.191107766294732 0.486036120478405
C 4.4491901731097405 4.928038095957273 -0.9444537869833871
H 4.093481127312424 4.091055495190583 -1.4967030213204278
C 4.570333809000431 6.223567468632258 -1.7945514286849507
H 5.1335358368854225 6.961323453274827 -1.1800965155932432
H 5.209501730995458 6.090286466208546 -2.6368292853751396
H 3.5982827728539646 6.626786591881428 -2.1080782141685286
C 5.870070388598021 4.520050383397159 -0.43414115768591716
O 6.7665317964982306 4.3471745903938555 -1.2487235305034474
N 6.045668120513213 4.3646930150332635 0.8568806453136439
H 5.211861943715569 4.592720405436111 1.3918658394094765
C 7.330730272934498 4.145422109034033 1.472384458474161
H 7.487458561608227 4.978094379732586 2.108597288281195
H 7.392415260209262 3.2358583943496195 2.042190134094104
H 8.118889748506337 4.195003773153272 0.7365202717808048
22
-36.058807373046875
H 0.6749098600333808 5.137041152704912 0.9650150180532668
C 1.5729674451787579 4.888243607479275 1.5459878045057651
H 1.336184822933776 4.174526765840619 2.2810265011109285
H 1.8969129748093656 5.768949669264126 2.0387917077937057
C 2.6100724691483785 4.363693429745952 0.5957523752085456
O 2.581193380376587 3.1837406383576394 0.25196299419103535
N 3.5120509259449326 5.261332541559286 0.14328109053151178
H 3.460540575593823 6.224524027542582 0.47852315145306384
C 4.459696120507959 4.928277160594626 -0.9406171584524824
H 4.090392187189896 4.060875451582187 -1.5132644869836354
C 4.563742209508773 6.2178397292241705 -1.7971806586470618
H 5.131564654348399 6.9772215285648285 -1.1885180485676923
H 5.200938982889712 6.066685515516461 -2.628510127414387
H 3.5671192803833742 6.594152331550842 -2.103509317273064
C 5.875035022041539 4.518338128035827 -0.42826837118392025
O 6.775147826211995 4.363068509497082 -1.2494968120965741
N 6.041448160404537 4.355941606882245 0.8625627474786445
H 5.208027656549749 4.5696920473258 1.3770170494882508
C 7.327812818791541 4.140451098487242 1.4699804414180704
H 7.456376164939044 4.93784631340048 2.113171375384904
H 7.35441259289888 3.235822752911397 2.0390813035198976
H 8.141165066197185 4.1861469043383845 0.7601509573991304
22
-37.02081298828125
H 0.6571450730165258 5.13756528096502 0.960372638314983
C 1.577396990045352 4.897011987444027 1.5495083960257638
H 1.3256679945289185 4.1696602742576445 2.293077982104745
H 1.879698701686875 5.770809183362399 2.0477673852415013
C 2.610674302265194 4.3645237462738 0.5949065831566962
O 2.5742343516660604 3.1793110476959106 0.25545710990069753
N 3.5077090439959107 5.261679590278522 0.1405520827104779
H 3.4734403401045526 6.243439959058975 0.4645480346720349
C 4.470335499856753 4.929539350029419 -0.9359394408529821
H 4.090083240605087 4.042632464047016 -1.5314404509862936
C 4.557634830701752 6.2133411442381945 -1.7971968513848435
H 5.10951961727241 6.98181649641064 -1.2096207641869918
H 5.1966182514737564 6.033819935910274 -2.639319635308832
H 3.54685808526414 6.555411758316008 -2.0954229300977323
C 5.878836582452287 4.516545950901552 -0.42467823884467637
O 6.783954222532146 4.378929784218835 -1.2502599271717378
N 6.036075167960333 4.347356589253794 0.867460156975842
H 5.213583120311162 4.539875538844397 1.3790324315292346
C 7.324662136696793 4.134985953828783 1.467475697472733
H 7.4358572513132195 4.925004802640723 2.144752548237001
H 7.315246577107452 3.2205293541268887 2.0396394939598386
H 8.169508821853942 4.172964309749276 0.7751098529251671
22
-28.75811767578125
H 0.6640207032094697 5.133742024963405 0.9972237977362433
C 1.5746255291521094 4.9416449325719185 1.573076129406804
H 1.3617035000511448 4.17030372063058 2.255041042596634
H 1.9073849302435413 5.816447659295124 2.0693867541649444
C 2.6107032958332574 4.368137069829171 0.5959090953826232
O 2.5423632832644856 3.1747853482658077 0.2790926410191266
N 3.4951402530737496 5.240896088124382 0.10661621189288312
H 3.4287711958522116 6.226658555641933 0.4191355426403928
C 4.507636720149446 4.948461227986941 -0.9001830381761673
H 4.140913375610882 4.13651448512094 -1.559173680086933
C 4.535520737115998 6.159436680984638 -1.8026124711129807
H 4.919378564606078 7.093816624638185 -1.311305883101763
H 5.034731745038176 5.895463640492008 -2.698622432627876
H 3.495069235234321 6.363853276512341 -2.1053853935476643
C 5.887642185745849 4.511552010275576 -0.44732786502482447
O 6.836173744203324 4.4717130311481945 -1.243049301576908
N 6.005777324797821 4.301473483993464 0.8790690560690362
H 5.261624300278144 4.305083434701582 1.5283396722018527
C 7.309554815048434 4.1002568860640425 1.512009877975108
H 7.468823101840643 4.8006356585827685 2.254089693275758
H 7.237015242373315 3.1252736770346607 1.94350141946275
H 8.157593559567168 4.064683443607146 0.8419567474938281
22
-28.908294677734375
H 0.6472110534323057 5.148940750852508 0.9923809727471068
C 1.5763099904709479 4.947676133537056 1.575048767549907
H 1.370784639912318 4.159242420643685 2.269087884791477
H 1.9229162804770195 5.813245823695855 2.061321831150266
C 2.6070036961726206 4.3675993819320595 0.5985329488214117
O 2.539243866594445 3.178213138294561 0.2831888571294152
N 3.495774113166925 5.235225455675399 0.1005464244960083
H 3.4036912214968145 6.213623900988095 0.4188863620670211
C 4.5088389366611 4.9544748943353 -0.8950387544480687
H 4.132522860201775 4.115427402657982 -1.5645776320911706
C 4.5299685174202144 6.152377025360001 -1.8041061588571983
H 4.892371448075692 7.079444048220297 -1.3350528304093916
H 5.023763461884755 5.88926829807809 -2.7211435878159396
H 3.4949352093663792 6.34417863469346 -2.115980408132402
C 5.889473073764798 4.5119082607386645 -0.45093804600779713
O 6.843885364482855 4.486675496946513 -1.239538248977451
N 6.005089483504644 4.295107413613742 0.8801156391508547
H 5.254817041185991 4.268335938223163 1.5171048995088543
C 7.3043662472263975 4.091267774094062 1.5242451861475588
H 7.493784170798952 4.788304830494315 2.2750561568247263
H 7.254491966645107 3.0988655404548027 1.9346116984941595
H 8.140173820032652 4.055189837490975 0.8338571350331682
22
-38.6630859375
H 0.6464261549123961 5.164916506968523 1.0003743427351464
C 1.5770134827290991 4.95166293624886 1.5732514598719374
H 1.37588166936757 4.145323759989469 2.2963825544007612
H 1.946144135604611 5.827966802575273 2.0644811117876234
C 2.6026245961577503 4.367098870060367 0.6015340103888029
O 2.536659399280425 3.1823416761292673 0.2872358888105192
N 3.4958038348148794 5.230975240988373 0.09644111720794997
H 3.3817127284180564 6.1796948089105825 0.4090223358215732
C 4.5078001429834025 4.957481406332061 -0.8931587882574216
H 4.132590194284587 4.110159247973251 -1.5462680907581192
C 4.522406620411768 6.147533582281969 -1.8067129819138805
H 4.871777376525178 7.053592945234335 -1.358984842252656
H 5.026369555468904 5.885339851477257 -2.7471212851740017
H 3.500222589603954 6.325176000402202 -2.1240421885792147
C 5.892078691493667 4.512566569816158 -0.45227340105854913
O 6.851098912502551 4.50148829033388 -1.2354949863622469
N 6.0069800376501 4.289119212780528 0.8804059392305074
H 5.227884798402879 4.235500958123957 1.4977318443254248
C 7.298081034582814 4.079599494521514 1.5342657504653658
H 7.522351794388731 4.798644497925308 2.318462864089896
H 7.2754637658169985 3.065211188663967 1.9365949595809953
H 8.125324120844287 4.052063564183215 0.8176997157496978
22
-38.410980224609375
H 0.661456434902858 5.1805295028601765 1.0207409718616294
C 1.5769768987668698 4.9532726756406324 1.5696417988623894
H 1.3798449690314523 4.144808563475969 2.321382359885768
H 1.9718937320282384 5.850003008169961 2.072700957636868
C 2.597895916045302 4.36696858046421 0.6046316588115457
O 2.534546936282704 3.18681048510592 0.29118989459329214
N 3.4947482477660117 5.226631082159506 0.09432713291204065
H 3.363613554652522 6.149690800955617 0.39550214140006806
C 4.504906898183195 4.957076384285645 -0.8943680106394118
H 4.1406541983100755 4.119091099694807 -1.5083195547782893
C 4.513665994518802 6.1430817727343445 -1.812549602884894
H 4.864633858583728 7.035191168454896 -1.3729556498396462
H 5.035127561592642 5.886525306400312 -2.760977445636254
H 3.5014377570863098 6.308780830887932 -2.1311365844079226
C 5.895576651156118 4.5136232375209335 -0.4509359475578516
O 6.857744351082848 4.51615155370933 -1.2309453734511202
N 6.010537690384488 4.28350350165233 0.880092815575151
H 5.1904498406284905 4.206928215639996 1.4663654475844181
C 7.292054307063621 4.066058829138022 1.5436176240359156
H 7.545992997635343 4.8115240599988685 2.361472002846984
H 7.297474942229375 3.0350148837599433 1.9449587855456973
H 8.109109172668648 4.055588381692349 0.7993935016830273
22
-39.142333984375
H 0.6794330573252549 5.1968251962124326 1.0444046493471189
C 1.5778478018624553 4.953423555578549 1.5670584570431167
H 1.3841735396776491 4.166392131079753 2.332683949531829
H 1.9914362020621916 5.860695094528564 2.0750035828441837
C 2.593121251860908 4.36741856525013 0.60752017065343
O 2.5328467415030245 3.1912171554065543 0.29499324053781073
N 3.4923912397237604 5.22099403465739 0.0940851894572118
H 3.3492538363185362 6.145091471871026 0.3837819019376554
C 4.501060674895523 4.954054072730019 -0.8974052840037139
H 4.149780807938522 4.126622541698581 -1.466399300071298
C 4.5047217715526955 6.138076200388484 -1.8225757907645022
H 4.872715764546531 7.033347298405421 -1.3723393659777745
H 5.044320070941675 5.893666079797749 -2.754198144051835
H 3.4906543548008195 6.297214151334163 -2.1395667219812875
C 5.900102846181467 4.515268927598742 -0.4469259072962267
O 6.863709258037451 4.530666736336421 -1.2258936113129637
N 6.014236756964753 4.278169949954787 0.8793927126525718
H 5.1578719631601135 4.182724889807815 1.4204146442885324
C 7.287802492807907 4.051868748979983 1.5542455317206596
H 7.555325138990109 4.804625043432194 2.3786697557482386
H 7.317522498230346 3.017842729480615 1.9548142422800494
H 8.089233628928225 4.065070206443687 0.7853525477339411
22
-27.87188720703125
H 0.7021651422626761 5.287943345181042 1.0298546994683668
C 1.6067228190474647 5.005058815482991 1.6114973012733091
H 1.347739471445165 4.254418531129045 2.336411094643899
H 2.046277167990895 5.852545509152733 2.0514521380863804
C 2.5631161761742245 4.380547200405727 0.6184603057089522
O 2.5244079328959215 3.189625446702709 0.3261282870219481
N 3.4816682613938195 5.222714125630375 0.11523082232244213
H 3.3369763133851404 6.180876533669021 0.3188729367412399
C 4.458220210304269 4.8524094969924025 -0.9397108808459337
H 4.182335511760007 3.944079109786035 -1.5699235087347874
C 4.440705696355004 6.080557853612718 -1.922674353976107
H 4.77306233320058 6.972419612405321 -1.3946288094323078
H 5.0861220540545915 5.9069977431751886 -2.7815471688808797
H 3.4641803896346395 6.346127890118779 -2.3432174615077375
C 5.91509179648154 4.621775678929201 -0.4043344579243255
O 6.8982317854878215 4.680404157070448 -1.14034366381427
N 6.037556666190834 4.187787594903305 0.8721112692844886
H 5.210002605912948 3.9193156846117367 1.4020563855268022
C 7.271685337563004 3.918264889523197 1.6049674392325541
H 7.242113218822056 4.5926535096695895 2.3945319470153166
H 7.213266314537668 2.9258838610333484 2.0159816931884538
H 8.206499706979194 4.0150853784028255 1.0800201801651312
22
-28.46142578125
H 0.7052301508337897 5.295332392912203 1.036311843436275
C 1.6072904746644212 5.011810176488924 1.6133402167752264
H 1.340528287252937 4.231857698073912 2.351391757196392
H 2.0427255687153627 5.876110307006988 2.079833853699152
C 2.5651209019896988 4.38194055832917 0.6189370977765665
O 2.523538551372149 3.186990227474009 0.329027010271036
N 3.4842020603220174 5.22368607711457 0.11228389121203444
H 3.3461224318412492 6.167933493580446 0.32549321343102516
C 4.455436814423467 4.850592590077348 -0.9471090593241244
H 4.184317219779315 3.946616958274305 -1.5652195716417074
C 4.439177285416321 6.071625929024638 -1.9226089307383074
H 4.747450966031333 6.9575200407781645 -1.4166598577079428
H 5.08466189675668 5.892686919449836 -2.81034365338182
H 3.47792557407742 6.316748408854934 -2.3493894181013597
C 5.907431373944595 4.633993653446446 -0.40259007063748464
O 6.9004596217796355 4.6940290795936495 -1.1312542698629842
N 6.039890319010963 4.174607797055854 0.8720348767850008
H 5.211848676769496 3.9123513541120247 1.4035406738202991
C 7.269228447780582 3.910978979093672 1.6051819404066903
H 7.224652136525785 4.585640047500283 2.443353080968518
H 7.188776929002159 2.9057934754815435 2.013160096094291
H 8.21929989308862 3.9935765628738285 1.0998705431326266
22
-43.453460693359375
H 0.7554097143771252 5.388414962552214 1.0912268045101532
C 1.6194407872446814 5.028770132747308 1.625811813817234
H 1.3241990481278174 4.287736152959802 2.317123000533025
H 2.1189101928392557 5.827464871179092 2.157439031334433
C 2.5966351100750042 4.390850675075708 0.6426037387521333
O 2.5191768157960888 3.2055513967521283 0.3772533754607372
N 3.49936273132111 5.205938455819224 0.05785388062801483
H 3.522164907675329 6.136312577030777 0.41976858285820123
C 4.484872304894828 4.877722678520819 -0.9179086404430287
H 4.207348182473941 3.951254860765187 -1.4084247004461512
C 4.418031631185441 5.961450494580215 -2.0001373521983865
H 4.711050538074186 6.946391412297174 -1.569978797792132
H 5.113323309903954 5.732751855927058 -2.7550239684658417
H 3.3780819767022328 6.008364883707835 -2.3931315782068534
C 5.909009932462675 4.6553179077731555 -0.3554552239243357
O 6.878762176802065 4.869267502365522 -1.0283946619661486
N 5.993676869296015 4.086217855252559 0.8266204398571726
H 5.082075607001837 3.8622899695923385 1.2285931886553676
C 7.197314737216991 3.795615472701732 1.6606106331279435
H 7.311298368629453 4.456471511789598 2.5248624152329198
H 7.283518860154572 2.7374299672726883 1.949878252204279
H 8.048184167276277 4.027843543071419 0.978379243005867
22
-40.022216796875
H 0.7558207158644017 5.398259351406555 1.072067685686079
C 1.6252844110380857 5.028288110062732 1.628223702186942
H 1.3177745296138998 4.285875501535662 2.308337729005923
H 2.1299137505292447 5.800640177743567 2.1315913266176754
C 2.596432217330555 4.393989889236486 0.646067943655606
O 2.520296570895387 3.208753868372858 0.38207734510699426
N 3.499952955871385 5.20951188885113 0.05796165168165096
H 3.516504708560195 6.118729775861262 0.428071970841434
C 4.4920348246697 4.875376983334309 -0.9063675917344315
H 4.222308672000135 3.912450637284664 -1.4272429839499847
C 4.416058125318163 5.953407370429188 -2.007497752213845
H 4.685997371767355 6.9293917951267865 -1.6017070643217273
H 5.1096554767473625 5.7228656816486625 -2.7787195346623177
H 3.3877686624587042 6.023156688503533 -2.427447367760296
C 5.909984823022757 4.6515664402504 -0.3533077785797966
O 6.878843525007865 4.888181151410002 -1.0222589017930934
N 5.986395408642176 4.0796401033051115 0.8327365673918514
H 5.074570084661864 3.837600624630717 1.2350111422584544
C 7.189051967048722 3.7856332780089352 1.6569503169346913
H 7.282350064288092 4.43003718754431 2.4829964524324954
H 7.2928987551484825 2.742649373221544 1.9442280917095587
H 8.022431994808114 4.023913815193879 0.9946288492208832
22
-39.270751953125
H 0.7605235969806179 5.408614508987023 1.0579359800223493
C 1.631529126417644 5.0275520072938225 1.6271970689939796
H 1.3028569574059432 4.268913430845645 2.3179966713990208
H 2.146212700009104 5.792767946190681 2.1210570403376074
C 2.596606644950461 4.397751384721465 0.6486298441486413
O 2.5218145609775666 3.211762543047945 0.38678924984536095
N 3.4988746221080484 5.211723361658658 0.06027959199041203
H 3.5113043596160187 6.125105824357544 0.4389977128562149
C 4.4982247598577345 4.870615239903374 -0.8983801733821075
H 4.2428182747085295 3.892460485302225 -1.432484741639398
C 4.412503212081211 5.946495568657177 -2.0143204995268693
H 4.661881503728775 6.909996955754956 -1.6314432627611617
H 5.114335029080545 5.707721097853194 -2.8146961936419714
H 3.413027013085232 6.033208004042501 -2.4551353367880964
C 5.9096963008117145 4.647382574403903 -0.3502214688507577
O 6.880376275456421 4.907593055230269 -1.0170728465800218
N 5.978347646503503 4.071919275433327 0.8418310710204857
H 5.082009210787829 3.814899044160261 1.2363070518049282
C 7.180571253113724 3.7758115323227326 1.6488937874599128
H 7.247991471683715 4.417647395611877 2.4626293854133334
H 7.2942265855657995 2.74486454706989 1.9393503821292644
H 8.006523517107006 4.016354081246767 1.0160176187773216
22
-46.01739501953125
H 0.7757666668896366 5.417249497538515 1.0540078487430344
C 1.636906974150254 5.025792051962089 1.6231956696899927
H 1.285273330305837 4.249272118208472 2.3351239694933126
H 2.167901658743371 5.806456846522957 2.1291419028332914
C 2.5973383940706496 4.401702997732099 0.6500693445785277
O 2.523720367126461 3.21461543111923 0.39139585915355485
N 3.4962277434819833 5.21280071606205 0.0648564015393035
H 3.5076800617723425 6.149442800048774 0.4490178900639055
C 4.502842413990496 4.863163662939285 -0.8948487479251095
H 4.268018762567579 3.900742371510127 -1.417800537579067
C 4.408910465296008 5.93903691578641 -2.02211400659037
H 4.6456414563620605 6.903963795499907 -1.651356959525854
H 5.117602504060051 5.69110262796514 -2.847109342692579
H 3.4408013515079663 6.035286815862757 -2.4770263833808186
C 5.908709725347389 4.642888509286396 -0.3459884194985586
O 6.883080845183177 4.927365708573599 -1.012518850781638
N 5.970068762134954 4.063239759557216 0.8527756816874094
H 5.095127513896822 3.7926146007768695 1.2359233243837355
C 7.171198919648564 3.76611885810318 1.637115849923093
H 7.21063274529016 4.423096306484813 2.4713911993327384
H 7.287036544807703 2.737552395674818 1.9369203483799204
H 8.01001244296489 4.009244020983672 1.0317835447536916
22
-37.1475830078125
H 0.8375896635901305 5.498011035449785 1.0630350054860258
C 1.6700915212234257 5.02719081249884 1.6195068486725737
H 1.2690531873258295 4.287913695853909 2.2945818888557485
H 2.121397929133544 5.774060153039989 2.1968735773675165
C 2.605508925304739 4.412386153611714 0.6451472272367169
O 2.5440580466407874 3.2249805597085635 0.4150509534488267
N 3.4851119397690904 5.231628528787091 0.11452381751283391
H 3.485434136654167 6.206316097804251 0.36774623497301545
C 4.498774048500214 4.835596810011679 -0.9218234330714492
H 4.212610175433341 3.8136035893533227 -1.341251899284153
C 4.412621097542317 5.891967503667131 -2.073540063591754
H 4.678105460752278 6.850331345412539 -1.6824580972958225
H 5.124603805967393 5.60575998508965 -2.8597331906295542
H 3.401850826541703 5.876775403651035 -2.5079354398447244
C 5.912274355800494 4.625961034202837 -0.3078806646641582
O 6.900583088740435 5.040103011352549 -0.9716618022354067
N 5.916999977374021 4.008487450041336 0.892783844091305
H 5.068688496606689 3.6403731121104355 1.2708198055120055
C 7.1420084912144555 3.7324749995355493 1.5911981038214176
H 7.050252420170499 4.293319966301449 2.4588292339080247
H 7.09223818010324 2.6959288890147786 1.8816752499362086
H 8.042114119389424 3.965020087834144 1.0677441129452694
22
-38.149505615234375
H 0.8443042238034222 5.507349974452449 1.063488332132449
C 1.6720594368238484 5.032321463230348 1.6184542618756326
H 1.2587580913996907 4.259927717107821 2.302940141964061
H 2.1313306214324745 5.785079226523528 2.2291874386535344
C 2.6052126669609317 4.41213016539857 0.6458930314089186
O 2.549058464934206 3.224630006337267 0.41790096163048174
N 3.490263651957364 5.234555359090386 0.11774793521129504
H 3.4682161324630245 6.234432413361127 0.3631741180237127
C 4.491426628211211 4.830858022752839 -0.9292091422153331
H 4.188733424464357 3.8303547032715484 -1.3257021380960279
C 4.4115509430098605 5.880959034323102 -2.07875214395755
H 4.691648589846465 6.8383595641389805 -1.6912757930071065
H 5.147734696573888 5.592971116280163 -2.8701561279030816
H 3.4132256189020396 5.842682915290158 -2.4828655452286785
C 5.9137885062331454 4.627310129331424 -0.30458180365991594
O 6.900682998406699 5.055656788535923 -0.958854403071973
N 5.9073361477863475 4.000650472440151 0.8911747425050038
H 5.06826925459772 3.626669184040543 1.2625225549149879
C 7.139897486710485 3.725730756475871 1.5889942606099097
H 7.053358719315497 4.278024285949145 2.483017728059386
H 7.066274043126843 2.6896679113680912 1.8645016262028697
H 8.032043419998306 3.959010842272011 1.0642063051641553
22
-47.768157958984375
H 0.8554250454525903 5.565494284182523 1.0841417331664667
C 1.6628533206137335 5.064436259353391 1.6463659006297142
H 1.2411687800671185 4.252679972201503 2.2037574676367937
H 2.1867126391101244 5.716832576161869 2.27302840940569
C 2.6188396997284835 4.428952460793443 0.6567310658723349
O 2.5851101415725406 3.211128733858506 0.4317661110041636
N 3.5333849600483074 5.252432514099431 0.10899609448291896
H 3.3938762663025948 6.250249839734598 0.2961354271750916
C 4.458331716409409 4.821934663662237 -0.9263629384546163
H 4.116968066042281 3.83001117246833 -1.3648812849722367
C 4.4274676492397 5.790193329580212 -2.0906336215311603
H 4.672626173498719 6.775238558227166 -1.7770044479899147
H 5.138587731573187 5.527232134071191 -2.879152953066693
H 3.4098951611914763 5.81648630503317 -2.4927844283405616
C 5.874282265550673 4.651451483243783 -0.3231224402736311
O 6.886076623780171 5.128738680485209 -0.8489653539742417
N 5.879988091917422 3.9759616348673084 0.8404546085399895
H 5.010034703401852 3.60785077875591 1.1327350121496154
C 7.103249529275852 3.6725061618393484 1.615487338437631
H 7.200115431862612 4.187068093930364 2.518987410748865
H 7.157480430220446 2.5999432304815713 1.7732221655206104
H 7.945187449224518 3.913826516990574 1.008311971963021
22
-38.291717529296875
H 1.0386546474922147 5.739134063889416 1.0928029992396864
C 1.6697094378123942 5.07466088095935 1.6565878670552412
H 1.0918019897631543 4.30268901292884 2.17867097007367
H 2.234109298340258 5.67909975107609 2.4161133862884854
C 2.649382951886854 4.4489108378927185 0.7084226776970655
O 2.672175105259022 3.2544162913908443 0.47643709629507786
N 3.498541871276475 5.261361321583177 0.048193079830139804
H 3.4398672987647294 6.223379801885052 0.2752869354222627
C 4.437478679283833 4.772405652710971 -0.9476440590129226
H 4.176991759272328 3.8067889932920074 -1.2313475315194173
C 4.42475749272676 5.710766398598174 -2.150034311775711
H 4.821826270671055 6.709624860752523 -1.8616456755766277
H 5.10151292312301 5.300471416550959 -2.8603443856180064
H 3.399750696340169 5.722221403299214 -2.5641262109838356
C 5.842106942540182 4.665460356688136 -0.2778823374136326
O 6.823004051565995 5.259178269267192 -0.6551667929539129
N 5.886648902836792 3.905085384825793 0.7885317879297139
H 5.023887351179287 3.5019195111250063 1.1135397718579279
C 7.048382799188586 3.567720520480458 1.5529628996270968
H 6.8769449563564455 4.11632368671093 2.525768767465445
H 6.983537943155159 2.5018096130007073 1.807875834198166
H 8.040188210609914 3.8813319303790506 1.1117686716688446
22
-40.5599365234375
H 1.0529503746859632 5.743705211646889 1.0747203303803694
C 1.673283440629486 5.0765854710956795 1.6620331378958042
H 1.09732944416652 4.314663087059073 2.1398492488412018
H 2.227091256382198 5.650748395375431 2.4015694949985544
C 2.6505951449882845 4.454969136888456 0.714183985594194
O 2.679870529914658 3.2574528935336593 0.4829733394327285
N 3.4908651893267457 5.260195725389454 0.040217209490263424
H 3.4307395104826686 6.239004061183251 0.295250523211426
C 4.43732068898681 4.7708796898604175 -0.9498453904177312
H 4.1644059128844155 3.775905925568057 -1.250428628381055
C 4.428238800241089 5.703867559492053 -2.154374910272984
H 4.816176227259488 6.688307004545483 -1.9016190564501876
H 5.090963129827019 5.312832240586371 -2.8796715795024226
H 3.3878813548135263 5.726068517071651 -2.567195130125956
C 5.842655129716591 4.663441203090114 -0.26742237965775356
O 6.819809392287378 5.275783454810172 -0.6436500347547895
N 5.88401644253095 3.8894924042880024 0.7910108312114759
H 5.0258964285165675 3.4982644166913452 1.1039174480310716
C 7.044121410722715 3.563533258155955 1.5488872132297793
H 6.858438421800653 4.092404358786879 2.504248638543585
H 6.9556009895698425 2.491844426731198 1.799521189519132
H 8.051750390415751 3.8677359391221278 1.1257411719591317
22
-50.114959716796875
H 1.0780545505671224 5.846738965174069 1.165886201788222
C 1.6981646268194972 5.09894476865901 1.6663087703117991
H 1.0444593310058021 4.34791070230944 2.006961473901342
H 2.1709063171415215 5.540960380176702 2.496824883540868
C 2.684468872758481 4.471875883771435 0.7169214475089811
O 2.731408891629102 3.2658654267691487 0.5627536631551512
N 3.4255119615273277 5.266911596646118 -0.011668062288682526
H 3.498312875427944 6.276194359477779 0.17947181759659575
C 4.469497668234246 4.770834923057137 -0.9369238123242342
H 4.21916257347733 3.7699890821552744 -1.3340901626776556
C 4.441064311426824 5.662243996386492 -2.2249287214326303
H 4.770837753770007 6.635949161767511 -1.9470742321471404
H 5.0370567792599505 5.213761923863545 -2.998952819401989
H 3.3948481956478376 5.7757122771906495 -2.582788991372964
C 5.822982937042815 4.668431575452293 -0.2406624926083152
O 6.782680603739671 5.40374987029348 -0.555024385208541
N 5.827981630091992 3.7786072189685265 0.7687845793882262
H 4.954242685808942 3.3534254776368764 1.0557547187772998
C 7.016050271805252 3.482762929217583 1.5994915802359164
H 7.014333569264508 4.017488663073053 2.545173738940938
H 7.127383096440491 2.381898162212674 1.7356819741443685
H 7.925997097318758 3.786764124387219 1.0280677389180501
22
-47.7366943359375
H 1.086913925452075 5.87228324019261 1.180468331329871
C 1.6989136815076833 5.102208967037755 1.6677100135805305
H 1.0393641007439025 4.346690732577549 2.005291514165117
H 2.1630343986695157 5.518351697649857 2.4971568836894225
C 2.6847842749851565 4.472268610405515 0.7176001336048959
O 2.73759084779412 3.263270062025279 0.575138911107012
N 3.4279472661328523 5.271649416613497 -0.023990769601755915
H 3.4798679248286857 6.265705395984177 0.16579912127031274
C 4.470672281719626 4.7778996955717 -0.9401806446264631
H 4.2226846971729435 3.739538169100425 -1.3198237431047142
C 4.4384888878955895 5.660842414025695 -2.2311786577479387
H 4.787462468713627 6.628180124982439 -1.9386564935000106
H 5.045133270278371 5.183527611477085 -3.0075599538401807
H 3.4171104748575676 5.759766390728473 -2.5825006671306565
C 5.8224110054071705 4.6729852953261535 -0.24177349494977973
O 6.773469941234587 5.4156891360460255 -0.5419139081601998
N 5.822511471510383 3.767474016641308 0.7648665704185466
H 4.935624974367133 3.323450187067367 1.04810867558446
C 7.0173553235557184 3.468771743136826 1.6093659009863537
H 7.036207786167995 3.9938125412208434 2.5316143404631553
H 7.1510671263316095 2.3893172557226596 1.7431161373143813
H 7.867356682565405 3.784481525785839 1.0163367932784109
22
-48.156982421875
H 1.102787572072782 5.8940905733282705 1.1927536801845349
C 1.6981501014363574 5.105796186708353 1.6668011494069181
H 1.0220146179261813 4.330178385032989 2.011060443817944
H 2.1764299363749453 5.508046618034111 2.521884899297336
C 2.6842066778887057 4.473481668526045 0.7183452818203939
O 2.743875094223019 3.259819515273676 0.587850781644327
N 3.4326153898127236 5.276799030462326 -0.03724936535510806
H 3.451613491894574 6.251832798478736 0.1551799327992596
C 4.469509537750427 4.783421565744788 -0.9468879817601628
H 4.230844296740244 3.7379286660097795 -1.2902668101884782
C 4.435802079960679 5.657606604060268 -2.2354683088905776
H 4.8138889852204825 6.6361843698737255 -1.9349986892618793
H 5.0538552356210005 5.1590876535240735 -3.011207474862434
H 3.436020699868516 5.74234651779875 -2.5857654911450108
C 5.822031972026322 4.676850177525725 -0.24166599344499234
O 6.763613135258797 5.426847392534824 -0.528416759314943
N 5.817788500474124 3.756568715253757 0.7621872397783229
H 4.932565391515387 3.3023540028063367 1.0311417179931657
C 7.018050338524894 3.4536675681009763 1.6153801965481422
H 7.051071915501229 3.9801645535740215 2.5360376256792656
H 7.166843451527266 2.4006242321814906 1.7549644066810333
H 7.820161252808404 3.7857456198611166 1.0074393898550367
22
-48.12957763671875
H 1.1239592663357634 5.911824889619989 1.2020856295035554
C 1.6959247683978989 5.109003247339635 1.6651061065625745
H 1.0017775027697085 4.312180266038862 2.0176116513295064
H 2.204205294327494 5.504323462358521 2.559381257137139
C 2.6833433843471104 4.475584465709954 0.71848909432833
O 2.7502615892893534 3.2559092632649445 0.6009078351068476
N 3.438312814071738 5.2808060177257925 -0.050614682008098974
H 3.4175402417159195 6.251139074966604 0.1475208513795508
C 4.466610192271351 4.787258387421365 -0.9562795243097201
H 4.241443365169767 3.76255633607786 -1.2519248003363248
C 4.435426712404778 5.652952066417358 -2.2377286053923013
H 4.841817087950286 6.64658916918188 -1.9419396622981213
H 5.0570376852972645 5.145733556031108 -3.0037952430781667
H 3.437554366529798 5.727394873969999 -2.5977148145726843
C 5.8211818704739295 4.679400618195107 -0.23985702009924725
O 6.753433680650733 5.437448262556409 -0.5146078928274643
N 5.814184792382021 3.7461828770464294 0.7605730368721192
H 4.942841649487544 3.289527170764257 1.0059338035868355
C 7.016623552785724 3.438769380037775 1.6175605238954867
H 7.058430332950141 3.977270135543937 2.5578675853625144
H 7.176318140322552 2.400339627561252 1.771210920459887
H 7.7999512844400325 3.792106794214678 0.9968612380790678
22
-42.446746826171875
H 1.1464962679414412 5.927587020049584 1.207462974297947
C 1.693093339320466 5.111237701570618 1.6650522413182594
H 0.9887323197567364 4.3072472332271765 2.0179627837467877
H 2.232258628700042 5.497427489849635 2.5870598645045324
C 2.6827328779546873 4.478403046715183 0.7174366764860065
O 2.756770792081987 3.2519630267728097 0.6143212086270146
N 3.443712098472973 5.283350074639972 -0.06298598780651216
H 3.382297683905709 6.266143402372386 0.1391915846551734
C 4.46309922329478 4.790564206089699 -0.9667766851791182
H 4.248168136301123 3.792348270850173 -1.2171420316641175
C 4.437998967699591 5.648108917779194 -2.238264022744427
H 4.862965070305605 6.645394245604278 -1.962812837723619
H 5.054386035324052 5.143247701007868 -2.986458857558136
H 3.422251225656729 5.716619975156093 -2.6177472378604003
C 5.819302560239463 4.680175355198085 -0.23604496380926335
O 6.7432186608313405 5.447694313473887 -0.5005408221685695
N 5.812877474588362 3.7370380167391315 0.7595183671581552
H 4.952708651712661 3.277791328384681 0.9775578874410173
C 7.012764280955994 3.425632664732401 1.6168985584172213
H 7.0572880413447745 3.9777394260983057 2.5821169282073857
H 7.180340855298294 2.382159845881028 1.7900589202621542
H 7.808235522341718 3.800772313860527 0.9867006919125126
22
-40.480316162109375
H 1.1670757631141429 5.943537741116284 1.2088395105045044
C 1.6908492891726667 5.112350991428504 1.6682821585325722
H 0.9872296295678087 4.322508093965213 2.0089360599415755
H 2.2477337342775434 5.4805662305645 2.5866585495353007
C 2.682784394884275 4.481527787783864 0.7147679760548749
O 2.7634164532565597 3.2484008624374954 0.6280875631921612
N 3.4474802105037257 5.285306185770348 -0.07318310950480086
H 3.350877556585565 6.2853365687955876 0.12409153297189637
C 4.46017342661494 4.794781720656597 -0.9765788712354952
H 4.244427780956961 3.802298688072139 -1.1981832265799435
C 4.442078758399848 5.64404587952558 -2.2379335858616822
H 4.87412923953536 6.62888043796481 -1.9959125368052633
H 5.0516399881258405 5.146496075636978 -2.9668455882814544
H 3.4042748836664547 5.70987775443283 -2.639440116515842
C 5.816183520805764 4.67884499085669 -0.23003987037616802
O 6.7331151837595415 5.457697834909336 -0.48625033936124873
N 5.814685004240939 3.729812373267314 0.7584990509546442
H 4.951579101415582 3.260427836769744 0.950219883478777
C 7.007272538266589 3.4152245465815048 1.61435831383699
H 7.0464280489589 3.9722685382794887 2.5908598626103214
H 7.177938900676111 2.351790649874365 1.8082732296785538
H 7.8358935689715015 3.805359792832281 0.9852355931085386
22
-46.2645263671875
H 1.1845848289925627 5.959396783669525 1.2078250253740275
C 1.6901601936095603 5.112868293898851 1.6741659080474849
H 0.9910995774127817 4.351838204304033 1.9936282800509864
H 2.248252178339931 5.454897536683819 2.559392475788279
C 2.6836964478897842 4.484454884646161 0.7103950517523655
O 2.7701955572630403 3.2456203260904264 0.6421653216001765
N 3.4486813474116134 5.28785526989942 -0.08047750602782093
H 3.3277678165095255 6.293252532863107 0.09718967330109915
C 4.45848276965474 4.800027663373538 -0.9843116744580687
H 4.228479158945322 3.784668637129787 -1.2002708073651778
C 4.445264564819893 5.6407572446329795 -2.237966230544093
H 4.878670920273388 6.607131068544547 -2.034616322237108
H 5.0561756630991885 5.148402322822728 -2.9541167981154484
H 3.401410137111357 5.706257626157875 -2.654502479587106
C 5.811860018206366 4.675541454460241 -0.2221024969671785
O 6.723177372253257 5.467454411143211 -0.4717182171001806
N 5.819121682900765 3.724594505699926 0.7571463572607612
H 4.941593450822905 3.23686617736623 0.9250079069723323
C 7.001775750884351 3.4071669327011866 1.6103960793087913
H 7.025430977966115 3.95760209113402 2.5771294342803093
H 7.167056595872602 2.3237356778346117 1.8215604206648297
H 7.8677600533283245 3.799022366309428 1.0010794772560228
22
-50.690460205078125
H 1.2001583714612667 5.9722704493674525 1.2074504347274975
C 1.6913606735977784 5.113660932058983 1.680079392133069
H 0.9883882169990759 4.381080543134996 1.9784963591394142
H 2.242639108667854 5.42814209330193 2.5252349856233876
C 2.6853587845370086 4.486747778578098 0.7046165319648239
O 2.777139755603566 3.243945089688269 0.6564587321867942
N 3.4470221213597534 5.2912781563099855 -0.08487064305660762
H 3.314438718302228 6.286703065012635 0.05839286058630179
C 4.457956420929911 4.804557432064075 -0.9893450837573486
H 4.204954672211012 3.755066710713011 -1.220663240245235
C 4.4463118935904 5.637514963350217 -2.2393688027740795
H 4.8826168350253205 6.595308918924756 -2.0713717302748407
H 5.071070857750003 5.14438560820939 -2.952625898897683
H 3.41979398858434 5.7050632923361375 -2.659471945005667
C 5.806493339605821 4.671009701986198 -0.21304847505947938
O 6.7133687152774275 5.476829283330415 -0.45686677609370757
N 5.8246150196729385 3.720753343990091 0.7553330654119818
H 4.936107461829683 3.21300495582187 0.9008625087753487
C 6.997894550253622 3.400041189614005 1.6049615499393297
H 6.994568314855676 3.9384791679431803 2.549006712344977
H 7.145820500569133 2.3120185528637482 1.8261326694025493
H 7.8905026478933085 3.7783013223529958 1.0368205865107836
