22
-48.54779052734375
H 1.9849524030017744 6.219914877491468 2.3848223963962454
C 1.3754038610451336 5.891114545697546 1.5087500983863738
H 1.1784064231023392 6.7427017547416614 0.8569546963134116
H 0.4783226945219699 5.467542500677094 1.8560871733565758
C 2.084681519733635 4.784684947913744 0.6939231808470763
O 1.5368224894154165 3.7437977447103754 0.3564296085706941
N 3.3858554191667016 4.998188435297793 0.4873910643013214
H 3.84457925545656 5.803148059889651 0.9225975963104833
C 4.38772755223271 4.171011881245337 -0.1819972077573247
H 4.060917355921056 3.1204713427989184 -0.021546193333731527
C 4.41583601171496 4.5138071212666055 -1.6184663184692973
H 4.834881184252011 5.480493439157427 -1.8157226184924125
H 4.950999342854317 3.7907611147796794 -2.2241256952315815
H 3.398906756977229 4.486053986650978 -1.9498927395841492
C 5.712524674068974 4.319754926964164 0.579283351377575
O 5.861373373368972 5.306801093259191 1.3402822098638043
N 6.590383784335094 3.3210674574871586 0.43528532240491746
H 6.3267520055982445 2.5468922426530933 -0.19924485624457605
C 7.941907061237101 3.3291584032754056 1.0242500157124037
H 7.950902991969533 2.7960940031623323 1.95481081883105
H 8.621164780886998 2.8403987483805544 0.339420870003272
H 8.286926314048234 4.35157683305715 1.1732513295384366
22
-43.550048828125
H 1.9655874818884023 6.188336981524342 2.379173065410576
C 1.377508044032678 5.89421400123289 1.5174948351942485
H 1.1961619067408378 6.741440203576098 0.8909906543367169
H 0.48199221633231093 5.4589803741364875 1.8505341678530287
C 2.085975215752795 4.787380240823462 0.694383724200587
O 1.533128673440474 3.7458633505549113 0.3356077056304871
N 3.3977109009647766 4.998435240273392 0.49327403067228776
H 3.8430045620626596 5.823916934473142 0.9396295063038068
C 4.385898676902336 4.164816289111554 -0.18091955592490008
H 4.076304326153293 3.137434171392507 -0.006213347153874154
C 4.403833933911885 4.495787826013774 -1.605965751279148
H 4.8450875496401755 5.494523155043803 -1.816308166116491
H 4.939036485502822 3.7819577632931423 -2.204487626593315
H 3.367452017313042 4.492874367603912 -1.9617282587743123
C 5.718499725706132 4.320683923642328 0.5788072165979344
O 5.857491240491645 5.309785450661312 1.3457139488054422
N 6.589651278556035 3.3174159888615273 0.43886014926606753
H 6.334419671157678 2.5635351560852904 -0.19267833145629573
C 7.937145970528339 3.335503088136176 1.0206674409330898
H 7.9411386842258125 2.797638047288804 1.9167327166898904
H 8.62742102401892 2.827679054005348 0.3603274530281148
H 8.286357581446008 4.354058711559943 1.1945217867758031
22
-17.873260498046875
H 0.9661206762858598 5.014467035886253 2.530364057184455
C 1.1719651021513182 5.632284856064454 1.6850716746682004
H 1.6826462789936198 6.528441251679932 2.015789806030698
H 0.2542941838412162 5.930190659603468 1.2369392066183353
C 1.9424526728071987 4.844610401327685 0.6719458390697566
O 1.3949286959463731 4.432961073134776 -0.352008632721513
N 3.275336347646279 4.797177913710174 0.8440871408771327
H 3.583667738167426 5.435414745648686 1.5608994891755334
C 4.330543768692635 3.97707212623921 0.25051930117059906
H 4.130904803951406 3.0104853114739405 0.6447879619174264
C 4.269200872283325 4.019369361825463 -1.2279644939675685
H 4.408110883282789 5.01837271926965 -1.5731712488584058
H 5.107939157623878 3.3564155134811644 -1.5736035708452523
H 3.335079170633643 3.627883376884997 -1.62595509918962
C 5.74955237064802 4.247236468946579 0.8001900826346529
O 5.982007233156601 5.3210357902263885 1.4055739250686325
N 6.672538362897317 3.2968113403705783 0.5480022507800436
H 6.355156705826694 2.5436879871549722 -0.09831223807564021
C 8.0808982933547 3.389439176699401 0.913148094022313
H 8.15631335106995 3.0800928079100687 1.9898004027785479
H 8.737433843836168 2.7457943724378744 0.3202464579444043
H 8.399815845066588 4.434613250854493 0.8649120866519467
22
-16.627227783203125
H 0.9520115981173217 4.999693950031591 2.5596491543768787
C 1.1725814905255976 5.635298972419123 1.680685371998705
H 1.69927500694907 6.545983034115485 2.033152209388688
H 0.2550085595712319 5.958791818847579 1.2393228336790378
C 1.949484093991987 4.839441171380883 0.6733799929321737
O 1.4007494761226866 4.436577666287365 -0.36000211090423806
N 3.2757585424080164 4.782000151695121 0.8471438359122602
H 3.5788007579061927 5.4375808774528265 1.5702868469313394
C 4.328488072917332 3.9759193188024344 0.2556618668594819
H 4.135085519929114 3.014846136156908 0.6482672598367306
C 4.264387100805147 4.021365380861631 -1.2189220078802099
H 4.4045961012750405 5.041752024528971 -1.6070582563079379
H 5.079295091121766 3.3556025636301094 -1.567306091113521
H 3.3266038422416955 3.630450717185945 -1.6465380411387442
C 5.7437438257894735 4.24823323079792 0.8026308140478587
O 5.983930046002514 5.318379949129515 1.4086516387567471
N 6.669308173693638 3.2960584845313914 0.5542937862806467
H 6.3720313206726065 2.545928565175232 -0.08778113704161163
C 8.072596696854257 3.3896047692570894 0.9152546150258146
H 8.174581242832835 3.1114587210016054 1.9798055510141832
H 8.729553824910617 2.7545783804067723 0.28512242474870064
H 8.396327482227262 4.453445285759013 0.8292153375215648
22
-15.256591796875
H 0.8898161846612868 4.99325774482219 2.512327595593762
C 1.1931915380960234 5.649087693982864 1.6567595828137853
H 1.8620221436334945 6.4654314213887885 2.0013989743159493
H 0.2945547292639249 6.075960258086431 1.1623893456930654
C 1.9688372764907056 4.8207227648832385 0.6452704032954575
O 1.4585648447673238 4.463247929092475 -0.39422966169021684
N 3.2760223962207533 4.737366502278745 0.9512584168932248
H 3.6228763671998196 5.3772749941969336 1.6370658344986
C 4.299806763352961 3.8920255191703808 0.31833294562478054
H 4.064821961295032 2.839994346259213 0.44533312349924625
C 4.234154582630128 4.033409357915743 -1.242798629599874
H 4.417238138445756 5.113501761540785 -1.5428384147206817
H 4.965090677016331 3.4150250240508484 -1.7155827547576432
H 3.223383774692276 3.6904854933057836 -1.5218856147762359
C 5.719295247598595 4.247678198421178 0.8271952557200906
O 5.991146910259131 5.278223149890035 1.4310992225424788
N 6.624497465540093 3.3116336629753667 0.6054679399110509
H 6.296001549030454 2.523315485481214 0.1148466583279
C 8.035074741468545 3.449790217392713 0.905310935205036
H 8.293603966749519 3.2217408255936553 1.9098564715146216
H 8.560947545988974 2.732536795029832 0.2562875490944392
H 8.36032243430689 4.470939700462332 0.6397559993294979
22
-20.82659912109375
H 0.8907074559358859 5.014083303634379 2.4791653793746407
C 1.2008032206247505 5.645170896518331 1.6502849188204058
H 1.8497109434223613 6.449161142284532 1.9973058360694285
H 0.3003728066614917 6.084622866986517 1.149524773263411
C 1.9669131240759348 4.8284839773064405 0.6516614485930019
O 1.463775890388831 4.464094744001448 -0.39781220406531453
N 3.2785685224485834 4.735756849449702 0.9652206130992508
H 3.60468206019811 5.375615666111293 1.6567237576433158
C 4.2967406687349925 3.8811446253392083 0.3134447913708182
H 4.062835102932886 2.8035491588762684 0.4530280114058472
C 4.2309139529402895 4.035147947129979 -1.2436547344174742
H 4.405961212901367 5.092240867214625 -1.5076312889597494
H 4.965452470960919 3.425647018614719 -1.7381743365945286
H 3.238793738637917 3.7122575836797784 -1.522442247244512
C 5.713009291968883 4.238877102433733 0.8272569693452198
O 5.990651222726896 5.2774381781644895 1.4355121723314181
N 6.620747847897098 3.3142248847882487 0.6128122966247047
H 6.260313749514981 2.4998078615940758 0.13553094034460483
C 8.035688793135682 3.4596175021942606 0.8953983040630371
H 8.282679021936193 3.226245194628692 1.914132207721202
H 8.5577922278657 2.727201888849089 0.2913453166419486
H 8.358940030919971 4.461661131328003 0.6513676076500889
22
-14.450103759765625
H 0.892744978187906 5.034417160742279 2.4464822329981146
C 1.2063260607604662 5.6420559445439435 1.6425296181939064
H 1.833335471875799 6.437150520814243 1.9969320078371102
H 0.32411326436613785 6.08502076959426 1.1461932392818133
C 1.9673298321873633 4.836810809729482 0.6592287830793215
O 1.4686007227904656 4.464687246971698 -0.40106248212225576
N 3.2799463056900766 4.732544825728947 0.9772037513861688
H 3.595057087501967 5.3790153386224695 1.6862258511109403
C 4.2932753767377 3.871106459267375 0.3068354214104886
H 4.06298963683695 2.781498884649074 0.4702695088903938
C 4.227471136116112 4.038340296078416 -1.2419209052713898
H 4.390672882949028 5.062648112300811 -1.4725605434409852
H 4.973500995130154 3.429515005539907 -1.7631322402684877
H 3.255637435153668 3.7339735810606367 -1.5355688781243335
C 5.706060765304248 4.23047903778554 0.8279242831490846
O 5.989223343166165 5.276602515910094 1.439688743700316
N 6.61676391272776 3.3159544270149244 0.6197167574839717
H 6.238106304624912 2.4732166863381835 0.15863686114607495
C 8.036344370885269 3.4680168736566785 0.8844807373227508
H 8.2679658260302 3.2327658041491905 1.9333594752479575
H 8.56243558581579 2.7233067788478977 0.32040234613752383
H 8.361222686788537 4.459829614444557 0.6612991252283408
22
-9.458282470703125
H 0.889243607715431 5.041219441139731 2.4310584563914803
C 1.209706901164405 5.640551934637569 1.6330100851017948
H 1.8209846651221806 6.436748732573055 2.0033696895699906
H 0.3566681549608424 6.080358403214224 1.1472629413580793
C 1.9705986194484018 4.8445973265624 0.6662713812973504
O 1.4732550317632966 4.465280353170574 -0.40337337619887526
N 3.280205243245675 4.7281024077129645 0.9875806769331475
H 3.594125623643003 5.378267050679874 1.7164425669932415
C 4.288850051851981 3.8617467908007024 0.29977132570608167
H 4.066253530272011 2.7817503766287865 0.49202259861808706
C 4.22522541962161 4.0405436338662 -1.23784693337173
H 4.37683882540509 5.052151807418557 -1.4453455494108856
H 4.980038020822491 3.43389285282508 -1.7824048845637086
H 3.2610464273920496 3.7505217165746774 -1.5621582266786025
C 5.698988419381221 4.223720198127739 0.8297820117607345
O 5.986575307425047 5.275176900853737 1.4432682494514157
N 6.612133594614042 3.315233673029682 0.6251542068465954
H 6.238892794224301 2.460088863315241 0.19273106197594952
C 8.03664631275636 3.4741250035197924 0.8752710136608313
H 8.247292711463704 3.2461604443462617 1.9505189879733158
H 8.577605283355672 2.7169026321524443 0.3362096706805722
H 8.369339366435453 4.473772899564132 0.6650403285870292
22
-14.858428955078125
H 0.87813235176251 5.031126431523022 2.4359972424694423
C 1.211669717649249 5.640866086171609 1.6230526402416579
H 1.8152058508147215 6.448358505124062 2.0159883573672444
H 0.3820802328867689 6.077531636882875 1.14322530893752
C 1.97679530677703 4.850940737527275 0.6712188438772305
O 1.4779507556894498 4.46607949819508 -0.4042424648952348
N 3.2797802599222448 4.723008072359404 0.9969827991947355
H 3.5994395847560834 5.363201920606403 1.7363310083069337
C 4.283303728326744 3.85369581522449 0.29346957795103523
H 4.070991994273372 2.799503048730096 0.5145168819448096
C 4.22475417280954 4.040320857775737 -1.232385250589811
H 4.36767503857296 5.07435242026005 -1.4292414787235488
H 4.977949948021254 3.444689338498251 -1.7892428279037733
H 3.2525307651475712 3.7600087413682353 -1.5996108900726724
C 5.692102774175946 4.219267915557846 0.8330493056640392
O 5.98251595424375 5.272849507879203 1.4460337904196314
N 6.6073552753320195 3.312022369166261 0.6290409932612055
H 6.260220806526694 2.458114235105444 0.2347900116968918
C 8.036732262571622 3.4779636367600917 0.8692976836221591
H 8.220842403858857 3.269137381865691 1.9518608565582416
H 8.60079843370847 2.7096335964670244 0.3386947415024743
H 8.380883122666265 4.498769090211927 0.6619792833400777
22
-15.228790283203125
H 0.8634115008878114 5.011672961589669 2.4491812697213895
C 1.2127831522934978 5.642804839632575 1.6152024225027466
H 1.813192457651618 6.465774262534888 2.0305106990374924
H 0.388169560084721 6.0822370690819785 1.126671805800445
C 1.9857702801363495 4.855224734776734 0.6729326818032298
O 1.4828343357699822 4.467230162535947 -0.4033070999048498
N 3.279014799239157 4.717400212623895 1.0055171006603087
H 3.609513317645319 5.3317664067309565 1.7431114109427728
C 4.276914597770336 3.8480969888091283 0.2887824171840682
H 4.073809758049984 2.821056676162825 0.5362089121609521
C 4.225142552915044 4.0384765358367645 -1.226740359681551
H 4.362672557163193 5.11800672276086 -1.4222137981474001
H 4.968924150552277 3.4616697920799244 -1.7830627048299545
H 3.2404448930817598 3.7647062318493902 -1.6407999047165114
C 5.685451340341029 4.217116766932001 0.8375494253537767
O 5.976981753708134 5.269553220977004 1.447940579203448
N 6.603579166818369 3.307666345738336 0.6320018733530968
H 6.289987778225914 2.4488910560156745 0.27399020984038625
C 8.037060965266702 3.4804320512004265 0.866245528280009
H 8.192236187009982 3.3001738273184245 1.937101264911095
H 8.625200120785536 2.707697241232933 0.3333548267585157
H 8.389973620911615 4.520398275330007 0.6541926141316536
22
-9.584320068359375
H 0.8519242719264983 4.995689921146396 2.452908899252387
C 1.212827316428617 5.646238581248571 1.6116253350294434
H 1.8098856133635324 6.479669441093915 2.0414916205297566
H 0.3755279748941137 6.093852401211936 1.097632761519933
C 1.9971543523849706 4.8572470716768645 0.6709296895698029
O 1.4880070489507393 4.4688037208166875 -0.4004050127460508
N 3.2779813792819734 4.710834892101945 1.0125415922414207
H 3.625173179387372 5.292004792665063 1.7449850841520795
C 4.270090917461189 3.8458858117912276 0.2862873310868364
H 4.071645460359113 2.832528653020376 0.5565329040369085
C 4.224630365217714 4.037635259889576 -1.2220238424051564
H 4.359260572498363 5.155094906474874 -1.4187199488216091
H 4.9625546078946 3.4786207221681753 -1.7692926667175222
H 3.239168277134471 3.7679549579298732 -1.6762882479786312
C 5.678987287736899 4.2167412012064025 0.842840869376225
O 5.970016664624744 5.265443965673481 1.4490867483625451
N 6.601721022633932 3.3033052014429565 0.6345302361806713
H 6.317368044711276 2.4189233027625927 0.3029218407236755
C 8.037968729746833 3.4827205678141295 0.8644398014294927
H 8.167216349607614 3.3346679657137255 1.9195066221561417
H 8.643609587705804 2.7172564113291715 0.3272364710929426
H 8.390992281621276 4.524782023375743 0.6441686052696707
22
-12.87921142578125
H 0.8481194539809872 4.992267956089505 2.436740324487612
C 1.210931035162598 5.651332735308571 1.6125801976121945
H 1.801856133129439 6.483288369443 2.045725855765416
H 0.3573683829566231 6.105181435238927 1.0643792490284927
C 2.010169223168356 4.857362109525683 0.6655735807232308
O 1.4935699529640167 4.4707634796921365 -0.39564335318133337
N 3.2767025008565707 4.7027899825629795 1.0172451372536484
H 3.647370378985346 5.254907114000576 1.7536511144052025
C 4.263162760852889 3.847085481265885 0.2862981140084797
H 4.063570990417547 2.828197833244783 0.5740254109294554
C 4.2220168224860295 4.040344874576395 -1.2188860528545937
H 4.354975765228701 5.160503008176498 -1.4137389191666474
H 4.9686490880223655 3.48892052441152 -1.75402234135752
H 3.255963765355042 3.771525331205698 -1.6989987349875666
C 5.672793268231596 4.217215930135634 0.8483329652124945
O 5.961725764948451 5.260853927951315 1.449673023495691
N 6.602021135050448 3.2987758285804247 0.6365646399947043
H 6.3380931407639265 2.374197199869004 0.3227341231920493
C 8.039226449906074 3.485524068554673 0.8623972937897905
H 8.151075268562698 3.3680902425918076 1.914083851161804
H 8.652618939485317 2.73910281069424 0.32471051301509446
H 8.382311520320279 4.509977468683707 0.6324541655926385
22
-19.091705322265625
H 0.8499992183824024 4.999977305920106 2.405259951806258
C 1.206326324081173 5.658325249043207 1.6160163282578366
H 1.7903796606855968 6.477716796782462 2.0445652510430126
H 0.3497336211728553 6.107856085970072 1.038880147435629
C 2.0236526844367737 4.856429405657034 0.6579981252593639
O 1.4995831703478597 4.472951547289608 -0.38941355964723556
N 3.275611764578308 4.69320716545101 1.0194289847089206
H 3.673123233128253 5.225594241151299 1.7737419326885284
C 4.256302478397492 3.8506513616797107 0.28896812605218974
H 4.051415595973087 2.8139220492639194 0.5849073763098542
C 4.21759477168548 4.046929336395622 -1.2173107410963566
H 4.349609595489234 5.132769086393099 -1.4067016391688092
H 4.989382423309488 3.491297050590755 -1.738514433668637
H 3.285570779183467 3.774296090978213 -1.708158512693776
C 5.667093864287906 4.217377245293638 0.8533794341389997
O 5.952252513771525 5.256201508387219 1.4499638700777524
N 6.604143848063202 3.2929071895151507 0.6377091416595522
H 6.352626991088366 2.3358686352041564 0.33972553864133315
C 8.040037814841785 3.4888555226228455 0.8600317142851226
H 8.147038100531347 3.397849553023197 1.9262303627919297
H 8.654588747546988 2.7667977401063943 0.325292283783578
H 8.366684408276527 4.48761710610953 0.6169130989173675
22
-15.406219482421875
H 0.8502368127203006 5.008719163296424 2.3742389687599474
C 1.1993063546707996 5.667017298338796 1.6188220087418732
H 1.7801970291591809 6.470574083044895 2.0427711934857813
H 0.3594609681010979 6.099009646794889 1.0286562019990597
C 2.0362446886183045 4.855595314058854 0.6497386795846115
O 1.5060129324494138 4.475127443138788 -0.3823225674831099
N 3.275594512589513 4.682679738960754 1.0198927919348388
H 3.694256612096207 5.201064999550464 1.799016450300786
C 4.249684977733893 3.854998071042821 0.29422581223351585
H 4.038505542710718 2.801533723064349 0.5845650022688348
C 4.2130647827571375 4.055251060831091 -1.2167570339565101
H 4.345266225330892 5.095017351055466 -1.4014106046337724
H 5.016819768978843 3.491144729907111 -1.7186330743635847
H 3.313512533803973 3.7726752397982 -1.7092083706416923
C 5.662171728763509 4.216018736388909 0.8573818910846992
O 5.941769112560239 5.251866720599674 1.450219501705283
N 6.607490905074146 3.2847811220203917 0.6377313903951115
H 6.362208134447384 2.3231422466679965 0.35897879158667184
C 8.03949861783281 3.4924115382543173 0.8586570181821446
H 8.155789901513405 3.423491744794744 1.947979394847984
H 8.65557029290862 2.7904764805104505 0.3252289953863005
H 8.348625743560468 4.473764506063141 0.5943758795475097
22
-12.825408935546875
H 0.7651639238850871 5.002858361232745 2.3699998633212993
C 1.181202331060231 5.696954977100911 1.6046000869033512
H 1.7664005865079224 6.5101340198276425 2.0728512665520786
H 0.33248892168012534 6.108650177220105 1.0201803207727687
C 2.0617658485982995 4.88209355472295 0.6423525046577621
O 1.5376815448182966 4.476890583789224 -0.35712336184821497
N 3.2931072777024677 4.638613697939428 1.025607008404517
H 3.6033637607083424 5.08629172711879 1.8681488585648793
C 4.239301909819783 3.8625378253167097 0.32871666118491844
H 3.9943634764728615 2.8238795765688636 0.43971461995121164
C 4.215134406239038 4.078077948052877 -1.2079922996641954
H 4.349736395795054 5.184509406965091 -1.4599910294657692
H 5.074118683176991 3.543308540440777 -1.575537116137519
H 3.2888334445889966 3.6747163560214795 -1.6886210194237705
C 5.655089513174312 4.170065074034413 0.8561025838745651
O 5.880051139461634 5.237216634627138 1.4540624133626687
N 6.626340534679356 3.2481088905620537 0.6383433770599851
H 6.294945796494742 2.306500063880895 0.38312727861265106
C 8.028882755426029 3.518337120624493 0.8779558662186215
H 8.306616841380523 3.5091899053709943 1.9152991476806003
H 8.656931042069631 2.797696272054484 0.3355541662773427
H 8.234296700657962 4.515438588492396 0.4410597601282672
22
-14.768463134765625
H 0.7615917930607325 5.031497382002983 2.3552688170879037
C 1.1825417116153658 5.697406269087573 1.6009841895931631
H 1.7492267814656473 6.506745145634215 2.070663250899571
H 0.31493740595493475 6.12810970151885 1.0191850004064515
C 2.058975576226552 4.894428917236132 0.6500381990577108
O 1.542757476040253 4.474677895847909 -0.3564150303697256
N 3.2944915480664063 4.633423816103204 1.0282794326414617
H 3.579816162991184 5.079831002143255 1.9008710695208773
C 4.244627576584703 3.8607064887579745 0.32965700014391613
H 3.985406164922023 2.807245652489784 0.4132441712548667
C 4.215660473649421 4.086394486550669 -1.2051174224723655
H 4.335332003295132 5.157417204248219 -1.4608532018739193
H 5.09258801609985 3.544022388845451 -1.575241657982072
H 3.3087763377166652 3.664571217791334 -1.6599971604373143
C 5.657504385315054 4.157293119869143 0.8545831341300597
O 5.866829886751943 5.233725966596743 1.4546283192583185
N 6.625820602916944 3.242766331742009 0.6406175994588776
H 6.289249595414485 2.3032780043768044 0.37391072266471626
C 8.030238261655576 3.526428937721194 0.8776937953708381
H 8.337718541969156 3.522811599190105 1.9179532536619548
H 8.63833242811948 2.8018278418394145 0.3558855934043747
H 8.20490816475408 4.495177431025381 0.43255686869986937
22
-14.824615478515625
H 0.7551697726260521 5.075536758620864 2.369345473972718
C 1.1762799033125586 5.709822875640899 1.5801298637022854
H 1.729908909631126 6.515257563560447 2.066096052603848
H 0.38518672913523233 6.151941039875903 1.0575260520197012
C 2.0349673615253816 4.938484872112719 0.674521968542766
O 1.5602546504373869 4.4643958835728625 -0.3570608840203201
N 3.2826077350265344 4.633817298621221 1.0586595352654904
H 3.5676788803014814 4.9922307766340595 1.9389183017967846
C 4.276259382582602 3.8331096598228487 0.30927565516426847
H 4.007300936305079 2.7861042853394524 0.39805847348072465
C 4.237525085542793 4.103295503980879 -1.1839278314365287
H 4.2468753163647355 5.164663529443153 -1.459340232837375
H 5.062719201419688 3.608263810484764 -1.6483649437337655
H 3.3428127581651386 3.6312674984370075 -1.5774164439485778
C 5.667354995294267 4.129376014980974 0.8619046706307986
O 5.817635203537773 5.205458799260802 1.4514676165746097
N 6.615016017482608 3.2204297168959823 0.6604199105915644
H 6.365544219808931 2.311070343796813 0.309225798279493
C 8.032984544446613 3.5496127061270077 0.8745621767245721
H 8.347085344788574 3.5984807175807196 1.9195480105235851
H 8.629545102917643 2.7636237160768413 0.3751286996387701
H 8.192445024771185 4.537209804487644 0.3884103725486701
22
-0.70831298828125
H 0.7383180463044482 5.11026430914977 2.378883823109408
C 1.139791356768155 5.785956894850405 1.6006909834698653
H 1.7912570253769553 6.5532977394712955 2.0326180314255127
H 0.355816384971348 6.205787700970533 1.0077604063753098
C 2.0449098932610887 4.925731677541254 0.6644368619159878
O 1.5679024485313076 4.459958437020589 -0.35233201034113143
N 3.2550436526272923 4.61974497635571 1.087219918968758
H 3.591700110382996 4.9656326249360605 1.9745312994645978
C 4.281303396087237 3.792951659738289 0.31885096829233456
H 4.088096691660525 2.749033542537897 0.5146177664700605
C 4.261042668210447 4.108699010017991 -1.1947914173006093
H 4.138340868565686 5.2304101463610255 -1.2422861804986165
H 5.127830078858314 3.826514922239266 -1.7502894334783636
H 3.37157599147538 3.673529474803651 -1.660755401812213
C 5.643229377849199 4.091396605211549 0.8807628027680098
O 5.771992129929739 5.147451842958577 1.4627595583159503
N 6.647697683997955 3.2018548301886636 0.7164192798529259
H 6.417003992310256 2.3678877575528787 0.14670687981090663
C 8.027149357344634 3.5739109400431146 0.8520730196242043
H 8.15226194693271 3.70838525748183 1.9052251980579658
H 8.727057923867964 2.8022795609740037 0.46101793149298975
H 8.283687567920122 4.5401316858219225 0.3403850237852768
22
-8.042083740234375
H 0.723501072340848 5.135569260445091 2.382099640482109
C 1.1433513636174404 5.790323876450424 1.5999317296775009
H 1.7787690197035924 6.570782369349853 2.038035051493387
H 0.32005108503156166 6.230128747773667 1.0038223169618496
C 2.045942463395809 4.9237976356582545 0.6702006727555404
O 1.565344866163092 4.459413640558836 -0.3541817190774855
N 3.257955162107516 4.610675389658074 1.083138272891416
H 3.5749492228608433 4.989416827635999 1.982616812421103
C 4.27272212899281 3.789536882801179 0.3271443557265342
H 4.067706503636699 2.750891340272989 0.49693010841132257
C 4.257997993485983 4.110114239344241 -1.1949583112387145
H 4.142670615609042 5.2467269164104104 -1.2387938601779294
H 5.171869069872291 3.848313405997297 -1.7471172337578178
H 3.3674314788027786 3.6684253754982086 -1.6953961268278173
C 5.642568427180042 4.083096701849608 0.8824955682968187
O 5.771976932481861 5.144778026938147 1.4684125392730671
N 6.649888084098987 3.201394731039808 0.7163260653092722
H 6.41828705770412 2.386960571395729 0.14843500721743935
C 8.03026232540998 3.577778923839257 0.8532042837240345
H 8.164747311331766 3.7183326492906614 1.9094724881286238
H 8.7253916641111 2.8030728431761704 0.48724981101722764
H 8.26281976614682 4.532039300471489 0.3314670505060621
22
-12.01171875
H 0.7139740143773887 5.168812262707862 2.3791655702393206
C 1.1482157971799314 5.793220165219182 1.597992084790329
H 1.7593922614511983 6.586212642214978 2.042124442944732
H 0.29579383460306924 6.250402325037479 1.0059186607293942
C 2.0441413815174316 4.922397222015544 0.6763644665332934
O 1.5623782120761078 4.459092429246843 -0.35597738218781866
N 3.2619137424783364 4.6012622840200414 1.0795544974278832
H 3.5603814471037727 5.007918879327995 1.9780497472360412
C 4.262521141069028 3.7864104484407517 0.3344806040293085
H 4.039797225725162 2.741864797791089 0.47521257985659704
C 4.253290547051301 4.114391657324576 -1.1943892657761999
H 4.151738307140761 5.231605602117295 -1.2447505965930479
H 5.212271581085707 3.867126500375835 -1.7383779702550615
H 3.3784848731382833 3.6673031293419567 -1.7223118665987753
C 5.643071097073776 4.075823552728582 0.8856981059824948
O 5.773244727018981 5.142641922897372 1.4747377014995586
N 6.649993249780258 3.2003600229058904 0.7135032953971292
H 6.42661031226492 2.4095404985992332 0.16021401492010873
C 8.035330653923499 3.582322522999606 0.8544601328536404
H 8.187481333536512 3.732342050458934 1.9226249965175226
H 8.713803061360924 2.806892508398737 0.5156061827867887
H 8.23443822031447 4.512158307257252 0.3281724453704373
22
-14.184814453125
H 0.7088467821401107 5.201871272137328 2.3759889398729364
C 1.1527555173534005 5.796155088038509 1.59400130311756
H 1.7376496217046729 6.599273745534693 2.0444759265891097
H 0.29900440295792663 6.257342895935501 1.0206373155048225
C 2.0394952527113555 4.920920734787313 0.6817562324849495
O 1.5591520484855872 4.459204800036224 -0.35725838215545475
N 3.266034859845905 4.592412737337964 1.0773408044609263
H 3.551579225246211 5.017068902925822 1.957928124123061
C 4.251390725520948 3.783130166555902 0.33999839330240705
H 4.00821726465636 2.7249873755454086 0.45174953841290144
C 4.249004755504951 4.119931689873878 -1.193992312896179
H 4.161775327261282 5.199043107604896 -1.2587417453869751
H 5.228322739884181 3.886442142580886 -1.714125997739795
H 3.4052804630439333 3.671080273805212 -1.738365796609766
C 5.644070618439593 4.070109263045932 0.8906465195559033
O 5.775777828157198 5.140694016999666 1.4815759019278694
N 6.648867410065296 3.2000795899604064 0.7091546022004136
H 6.4358501095312 2.4149352935692865 0.16774684972000312
C 8.040991756055515 3.5869660978480544 0.8576422280383056
H 8.216263948870168 3.7500697865703927 1.934595904518984
H 8.701375365803369 2.806476958106302 0.5395101323523945
H 8.205693736196576 4.494394603613715 0.32253287593799
22
-16.61163330078125
H 0.706338954035989 5.227127101144524 2.377828267942081
C 1.156664659226399 5.799794991469983 1.5882631123996072
H 1.719124481801944 6.610874496954452 2.044728135335781
H 0.3269657935516861 6.251367838781416 1.0423000143955916
C 2.032533194096136 4.9187409005194365 0.6855186363001302
O 1.5557641075940107 4.459901567732253 -0.3576614801273125
N 3.269060882645276 4.584573134025515 1.07626057271373
H 3.5541053733764145 5.019412016744573 1.931682257108891
C 4.240026646071698 3.7789487191305735 0.34293016747974114
H 3.97816158026848 2.7094272038172313 0.42811395525321083
C 4.246601848138615 4.1249726789722105 -1.1932221711095938
H 4.168636994855639 5.1736417379289446 -1.279079487671677
H 5.216670564309859 3.9050796123663685 -1.674454615188867
H 3.438756626051487 3.6755292813142337 -1.7466773926628265
C 5.644765180213626 4.066190556406668 0.8973359583852053
O 5.7795198885110635 5.13860914228146 1.4887637079767893
N 6.647407083985422 3.2011392368347003 0.7041347898965404
H 6.44213662905496 2.39479085712908 0.1645557039159728
C 8.046012079350982 3.5911201691017682 0.8640362838173437
H 8.246064800899106 3.7708716373525144 1.9370138769605432
H 8.69540046443493 2.7968181411592736 0.554023377700936
H 8.183160734705213 4.490198321249567 0.30785982097116094
22
-16.1092529296875
H 0.71971259095222 5.241820421145488 2.3987513592074947
C 1.173096972770884 5.809765462640778 1.5761002690035386
H 1.720918659153624 6.6401717216056895 2.0226851019999454
H 0.3762495554276019 6.245382462376309 1.011737539143309
C 2.0071439685353107 4.905067708590857 0.686329875621555
O 1.5442600039792391 4.465471636082693 -0.35330113276240244
N 3.2626871423810666 4.568118661109289 1.074490476436783
H 3.644031441681354 5.033368768706389 1.9050118024175688
C 4.211399336428982 3.7590336120017165 0.33260811312197314
H 3.9296844776214734 2.717592905362412 0.3731269769869216
C 4.244649096571105 4.13624239159984 -1.1762611577137223
H 4.151425341243138 5.232304182312947 -1.3482631143707478
H 5.2009316178665435 3.9037625230553745 -1.5674894422315442
H 3.487342741106276 3.6436271074254623 -1.7717773598851183
C 5.639516210570518 4.061807358513536 0.924363257135944
O 5.796575228041564 5.130545502181745 1.5116293117649235
N 6.644666644352077 3.203423324219885 0.6845295014549945
H 6.458229185112868 2.3309255664648814 0.17361328566204964
C 8.054587329836426 3.5997538165881737 0.8917320353611464
H 8.30800678480258 3.8498482061606483 1.911032515748738
H 8.702512604368088 2.7576347699808474 0.5523186304159837
H 8.178645026362052 4.510728930520127 0.24618780730080442
22
-16.764404296875
H 0.7361289774388788 5.236946145711125 2.395271122365429
C 1.179717363788508 5.812103995163271 1.576155217419051
H 1.7429550359803638 6.644060168695538 2.0042493317949326
H 0.3648108808132969 6.254507961045653 0.9647971570855916
C 2.000858928292146 4.898298052295343 0.6851141696862116
O 1.5393267092613552 4.467975299599785 -0.3510508272619013
N 3.2555732941114095 4.565725882770285 1.0749971401474203
H 3.678671727264395 5.03759641622782 1.8971515368827245
C 4.205929106619497 3.752455478278969 0.3243496397731468
H 3.925776966658229 2.721343648829688 0.36470656442049165
C 4.24271150526349 4.142353523136525 -1.166530103756589
H 4.135767203900393 5.2527630017657065 -1.358581066050346
H 5.23644053661171 3.878468990430823 -1.5556894398833945
H 3.486222089918973 3.6201464773241354 -1.7781311932132673
C 5.634559824394469 4.059992693331094 0.9334066479512135
O 5.803538562172411 5.127648584860366 1.5198526225729259
N 6.6445234355903064 3.202680466269207 0.6771443171301561
H 6.466330676383649 2.3442562901889947 0.19962443536728128
C 8.055997443830595 3.601627496765036 0.8968176072446394
H 8.315760555471329 3.8807201210169664 1.9146691835681628
H 8.697614630094296 2.7685234773606435 0.552287435867712
H 8.197079717850762 4.491661116766058 0.24720397620007026
22
-14.316741943359375
H 0.7902379362227058 5.222025889350178 2.3761906379097244
C 1.189609171864823 5.823830484872991 1.5700615403116984
H 1.8401664071650106 6.6273549968624685 1.9270710691917041
H 0.4205296452809645 6.225267664915307 0.9086525952169273
C 1.9978348645639832 4.875753339708517 0.6884208788843303
O 1.518394421373273 4.47458775119056 -0.34808987080037146
N 3.228488622659486 4.565258907914761 1.079292815316671
H 3.6971312780921695 5.040527310263797 1.8213839694847866
C 4.203756242463152 3.743995493287046 0.30197258803709986
H 3.9290457315413496 2.6795290852460187 0.3701176078574747
C 4.244026332315752 4.161416081690472 -1.1489549723900918
H 4.084951795140313 5.204929279328089 -1.3220357141904568
H 5.229621610253437 3.8293680907280443 -1.5248049721957053
H 3.5220333436334155 3.590394160777337 -1.7267287113583856
C 5.613316974031093 4.045330807659012 0.9523997736158658
O 5.824723517533904 5.118672747453152 1.546486938205145
N 6.648280263404648 3.2135407387040904 0.6649484343079181
H 6.459404308739698 2.3139618582264343 0.23310838392698036
C 8.053383948750419 3.603790223914482 0.9026379495773997
H 8.284938916083092 3.9452145450228935 1.9310768116671055
H 8.700685987884178 2.8201918540775 0.5732016265869215
H 8.28976865327933 4.425875676165661 0.2651774117686152
22
-8.994659423828125
H 0.7991362420165256 5.222731075865763 2.3791104626465986
C 1.1927796189250857 5.827509194029429 1.564400852448574
H 1.8700639184165024 6.615872453307814 1.9007458359423135
H 0.4504150092669426 6.210041535637729 0.9190912596228584
C 2.0000731498840887 4.868940398768585 0.6924618901955539
O 1.5096197714046031 4.476121461664285 -0.3487493760649652
N 3.219443187644254 4.564185631773528 1.078384823959324
H 3.683860141680931 5.0598392215097 1.8138758701239102
C 4.206172008893253 3.744082987454891 0.29902337855756134
H 3.938973271080521 2.6752911413931475 0.3778484625572235
C 4.248302600737359 4.162548809726054 -1.1464485606826464
H 4.066988283454931 5.201176760719263 -1.3006207890803598
H 5.185568901516379 3.836407602266718 -1.5188774925951716
H 3.534872322065641 3.593487154158202 -1.6998585206694814
C 5.6063612275946495 4.038584250763382 0.9559837966969252
O 5.830934859332285 5.1145600839987555 1.55535843192806
N 6.649768910322092 3.220168601226034 0.6636581138195226
H 6.45219278897269 2.2977598125117678 0.23552988148366233
C 8.050042249184695 3.604010067580189 0.904992216268511
H 8.254404959398773 3.9474537000472254 1.923479641653665
H 8.721677927169925 2.815114097102965 0.5854186820631019
H 8.32528429292317 4.430141343056842 0.25404131070255365
22
-5.67193603515625
H 0.8032072971992321 5.231950104763711 2.3843370026501205
C 1.1986723811060767 5.829076845425478 1.5588314309131412
H 1.893701613867493 6.605096098357148 1.876762058948506
H 0.4585988442100892 6.208293717910468 0.9247941260761372
C 2.0016776754283576 4.862805009716589 0.6967675095728693
O 1.5004321672506762 4.477309464971185 -0.3498417442083043
N 3.211898649718185 4.561869688008729 1.0760608806424408
H 3.6642728125038655 5.08918928775784 1.819230939558829
C 4.209492885749487 3.745214434256297 0.2995606532067216
H 3.9532940645995547 2.683664205565594 0.3863472128182148
C 4.252049011845007 4.161407582661873 -1.1432678923826012
H 4.0490681918514 5.216815766201756 -1.2807046319802282
H 5.163025540624883 3.846138177671829 -1.5305748666806094
H 3.53280470666503 3.5951456059794706 -1.6820966462256515
C 5.600758744803923 4.0324549830772565 0.9588748391298573
O 5.836199729493348 5.109137802089572 1.5637450667225679
N 6.650246382785618 3.2257689541503876 0.6624670553997274
H 6.450313820421986 2.3067588700066657 0.24587888138024375
C 8.046998622675968 3.6043039953506284 0.9062293873458436
H 8.217102533095442 3.9425966911651633 1.9179397558633158
H 8.744102461957207 2.801527862451759 0.6048837584104374
H 8.354605615691815 4.440133686248682 0.24097327304329846
22
-11.6719970703125
H 0.8933919269129498 5.399114659066536 2.443492203358472
C 1.2693269687908117 5.833574194831121 1.529059149804045
H 1.9409192201932368 6.6439571260452155 1.790989327715372
H 0.4327860085428804 6.297812570174344 0.9751339037377765
C 1.9412478942530218 4.808167421146728 0.6665170591200338
O 1.4199042954746428 4.470245345601126 -0.35842531146758316
N 3.2119792737429305 4.545314316597465 1.06115847088436
H 3.578151284027139 5.091109642682009 1.8371685529309798
C 4.255164022151693 3.7875225544449287 0.3950824930093765
H 4.035262891974173 2.738025898829828 0.45942898192426984
C 4.242292485366427 4.144089659637987 -1.1348282048862588
H 4.099912178078247 5.248306175912234 -1.2060955879074677
H 5.189631042622879 4.017662422566726 -1.6931330675835738
H 3.3823183279266504 3.6953040500589527 -1.6300457383247005
C 5.648285246751065 4.052456972596973 0.985746798021319
O 5.828896557890713 5.031937001285755 1.6323410403204601
N 6.645343683558838 3.246960240995757 0.6427471017639401
H 6.436204612820213 2.4276218172019224 0.14926291410687254
C 8.026887619169099 3.596387917285091 0.9086979646957827
H 8.074684873595412 3.9539475531282187 1.9359104830923768
H 8.656261092122953 2.69398450833818 0.8930385102172688
H 8.345638004306878 4.43632528833104 0.25818920164518033
22
-9.58001708984375
H 0.9189927667840031 5.3853034393854315 2.4461817629284384
C 1.2736402710173576 5.83942059644526 1.5322625987989125
H 1.9585708135498288 6.649220735125016 1.7761432487859363
H 0.41853771943230733 6.304521827436389 0.9518178172559899
C 1.9400960579196702 4.803597960572857 0.6649033127719697
O 1.4100596306351385 4.465599670150294 -0.36262490538874864
N 3.20936462788487 4.548264949036474 1.061000918673356
H 3.582178011284125 5.061464978481896 1.8333876393627546
C 4.260812379362049 3.7887968748011636 0.39880820683487317
H 4.045129705344668 2.7385878797310594 0.4687701920432502
C 4.2376675988694394 4.146972996245064 -1.127922225445117
H 4.113047396778671 5.254827919617266 -1.2128873704922205
H 5.214313124203605 4.001574738700283 -1.7017830194766714
H 3.358967362346166 3.6849273554233797 -1.6381849783236733
C 5.65625228594836 4.05371043490541 0.9841094879135853
O 5.825278837227989 5.029990235413724 1.6451671419852087
N 6.647681074579619 3.245982412866937 0.6382592007307935
H 6.422429592092495 2.426147414615408 0.10859274936809327
C 8.021680504595423 3.593075682354968 0.9139493057060509
H 8.091848400664627 3.9872992246184715 1.9499340553462319
H 8.639889218376046 2.7029304520610937 0.8853687263086146
H 8.346750083540325 4.399713103138352 0.26829173789011607
22
-14.81988525390625
H 1.0909747652909796 5.458037395343593 2.504211269097481
C 1.302743040421053 5.871359882738276 1.5287626170596962
H 1.9480169403612262 6.737249622413436 1.6414010680131608
H 0.34425379066009615 6.235085955248798 1.055160031981742
C 1.9575818953769752 4.857890848926694 0.6175432328857791
O 1.3578506723568124 4.378612012318772 -0.3196671892348245
N 3.1853895255562974 4.5369284026894885 1.0225358568988079
H 3.527059521671041 4.894988380530193 1.8989968790287304
C 4.225764248082734 3.7972894796704826 0.3857567853180236
H 4.014207193831528 2.7397174450078183 0.40556480162054703
C 4.22947828084407 4.1413386818582465 -1.1013796603252168
H 4.279456497305977 5.239729647149404 -1.232098874686771
H 5.135142454562981 3.710170073923962 -1.6414917710255927
H 3.2824279246602464 3.805885145518626 -1.558749672388398
C 5.639116739133936 4.106037174255766 0.9790210069189621
O 5.781882722003582 4.998604236925149 1.8281340580398033
N 6.654617108844873 3.281044984367143 0.5998045722127356
H 6.463953625518865 2.6328589489034027 -0.18933756657502052
C 8.062353085854712 3.5098910272627126 0.952373419132253
H 8.057189119139945 4.001031314507286 1.9570330214099507
H 8.627135620801983 2.601726468429822 1.1148633462093471
H 8.52470768071918 4.224208631458145 0.27802704385826993
22
-11.70233154296875
H 1.1144691754856195 5.432994317954815 2.5141897094521113
C 1.297859058857866 5.875468965161311 1.5276396624062203
H 1.9562390099850604 6.745685353234485 1.6222738253720406
H 0.3392467578008076 6.224052872659668 1.0493523362258879
C 1.9660479307051566 4.866221604206286 0.6183068527175782
O 1.3575912418999705 4.371591811438023 -0.31187591559814476
N 3.1803084316507455 4.534837305087958 1.0186058218369538
H 3.5177710512215308 4.910596734980739 1.9152717248722286
C 4.223880003765271 3.7977998118785594 0.389820174436789
H 4.01548601758438 2.743569925323914 0.4114790671927161
C 4.2312234955769314 4.137953767367664 -1.1101271548450231
H 4.308321963235642 5.235947873505925 -1.2219119260134375
H 5.132816249889046 3.715261854243657 -1.6636491032972245
H 3.2550882572455704 3.8180660479899893 -1.5805714801697512
C 5.6374565812998245 4.104646566641538 0.9819668071066867
O 5.7775289456241765 4.989253136623663 1.8348984720495556
N 6.653143524309941 3.294262783949512 0.6002907855762569
H 6.4414720053941465 2.6549359219365183 -0.17427321254535746
C 8.066329010353602 3.5040679310124174 0.9524534988146477
H 8.053783349121243 3.9995303083216323 1.9570044823156145
H 8.607785206950489 2.593569259169283 1.1211995658312865
H 8.558447290265146 4.2000400854472275 0.3074321660376555
22
-18.11572265625
H 1.137151077625098 5.410163838427838 2.518462624851125
C 1.2913787701108361 5.880496245296439 1.5253273761844932
H 1.9625675394318898 6.750186349053252 1.6046602113168849
H 0.35526065296273385 6.201104719924731 1.0560073142741286
C 1.9737766609149252 4.875339274147742 0.6203797122387791
O 1.3572356089438808 4.364349364704066 -0.30434815403064447
N 3.1762229440666223 4.533994427999238 1.0172562915989738
H 3.4941875038525634 4.929013572758048 1.9229056525480055
C 4.2245972845254025 3.797094675967693 0.3902805887076912
H 4.0171049580693 2.740041126757355 0.4252060439073615
C 4.233534688221042 4.134807702761627 -1.1210956430814092
H 4.3342976219753035 5.225460140064218 -1.2110869197360317
H 5.100011079349769 3.7261078048899146 -1.666413267724165
H 3.2550963129724075 3.8333847340748206 -1.5948891639151164
C 5.635291073486547 4.102152320370676 0.9855237162257093
O 5.772991860939591 4.979740788488915 1.8413682836559238
N 6.651249548576019 3.3075679163560743 0.5989509223408327
H 6.425365357465207 2.6827972870524115 -0.14441810573336503
C 8.06814093447581 3.4996543710504002 0.9570140517040573
H 8.053302396460616 3.9917122729726735 1.9405818919844575
H 8.592615450740578 2.5721283982544674 1.1176299337205777
H 8.598681622779976 4.1809145515548005 0.3190416235797421
22
-14.79876708984375
H 1.1734471697797058 5.395971511101305 2.4911674109050312
C 1.2827671311266198 5.88886005994801 1.5213610570164182
H 1.9521515233550666 6.745494685105788 1.5798028104664839
H 0.372479283225417 6.151021412680334 1.0760170639155668
C 1.9824582039633354 4.894359665195144 0.6245772799949338
O 1.3572219615811012 4.350061635529606 -0.2888855812957912
N 3.1724420295900786 4.537090966265962 1.0238567281700413
H 3.422946867991082 4.954826342248321 1.896403418597621
C 4.2327192596149645 3.7918089409964684 0.3799137905228661
H 4.021862233512978 2.7209464750448955 0.4687004684376253
C 4.234935305386738 4.131212956490869 -1.1418163587169146
H 4.374952988944574 5.207621017057989 -1.1993493963667596
H 5.030541773111689 3.7225203700411855 -1.6645045382605526
H 3.3135616160496295 3.868133739676083 -1.6049340551995792
C 5.628242462368458 4.095503549952081 0.9950036888585262
O 5.7634931540835606 4.960684215334097 1.853824148119184
N 6.648530006740917 3.3375311160957737 0.5949953122375455
H 6.405730122687259 2.6939907833941406 -0.11249639526897046
C 8.0669242461271 3.4922462247384645 0.9734544097808727
H 8.064262766137908 3.9781578874140724 1.914465883328465
H 8.56415834813108 2.5098013023939676 1.0875187601432514
H 8.676476847099408 4.144093445018753 0.30053811385358986
22
-18.227874755859375
H 1.1824133512684671 5.403304576123591 2.473721331111044
C 1.2831060814109982 5.890814510374231 1.5197339194250148
H 1.9372937504129513 6.746722143538886 1.5747295985496654
H 0.345807338761259 6.135335899621406 1.0775673382710245
C 1.9826573623708432 4.902929350377525 0.625178403812434
O 1.3579077807852697 4.3434577462684825 -0.28049854847699146
N 3.1718719013202286 4.540346935996718 1.0293598578412926
H 3.3978878373334354 4.967075998149818 1.8887525199973207
C 4.238685631561722 3.7873518307555676 0.37026328280848586
H 4.026498906326004 2.7148968986366846 0.4919129056662338
C 4.2345216736915745 4.132004951570549 -1.1474617401869875
H 4.389725389908068 5.20786302498043 -1.2038667146987287
H 5.02914261484709 3.692410039232839 -1.6803941416274322
H 3.3334830026174442 3.879288320730331 -1.6147682453370757
C 5.623407726823898 4.09181824478218 1.0006839956995173
O 5.758457916299212 4.951436279120194 1.8600599161716818
N 6.6483141301193704 3.3538729603943547 0.5926547400872277
H 6.402990334892805 2.6731239125019703 -0.11699175890964059
C 8.066171861895539 3.4878994825377423 0.9811026632356821
H 8.077204174973483 3.98202060494963 1.9297422600225123
H 8.541007039027935 2.4889373121971237 1.06573055919511
H 8.693789208705583 4.11120120979869 0.2901722143862796
22
-24.6007080078125
H 1.1839617130337752 5.414208135211664 2.4689659988059667
C 1.2853033545248562 5.8915401090858435 1.516997898318577
H 1.9205831468717907 6.75808292768084 1.57504214710424
H 0.3033073082569215 6.125127528540464 1.0766445058107987
C 1.9804878869605214 4.910003818058851 0.624340048768109
O 1.359064913718443 4.337394560418867 -0.2716238781417209
N 3.1717221808383362 4.544135198580382 1.0345214639506843
H 3.39246713046209 4.982193964119977 1.9001936033816436
C 4.244463310804134 3.7821435501983136 0.3591199400132223
H 4.033242699982335 2.7152196269552196 0.5109888331726701
C 4.235414129579413 4.134421780726026 -1.1495984886981407
H 4.401342662901047 5.213746611931622 -1.2165173907953615
H 5.046739920813628 3.647003331586389 -1.7033310435397988
H 3.3277776322640653 3.8828553412919864 -1.6340340708931467
C 5.618105756641203 4.088112753104552 1.0066602695929152
O 5.753110786750596 4.942638307804047 1.8665508616270088
N 6.648808872217745 3.3693226289930385 0.5887220267171853
H 6.409923947128143 2.653427553287073 -0.11773967560224712
C 8.065967931930436 3.4830362771598677 0.9875670896705324
H 8.095509600124178 3.9899925436506267 1.9605725136194492
H 8.510348009089236 2.4804491019477846 1.0443085016791576
H 8.690262096980593 4.067194585123403 0.28619750683664846
22
-15.61749267578125
H 1.1608102950272088 5.484891267957114 2.51919801036605
C 1.275901732705994 5.8980043078786295 1.4978791180486524
H 1.8352813857646373 6.843943210932442 1.589687727729553
H 0.2930168857961628 6.072701599422912 1.1430937618570507
C 1.9665421314465337 4.919440388062958 0.6144835226560862
O 1.363529175845318 4.316479206095587 -0.2369513213942307
N 3.1830994787586646 4.566418538369458 1.054902742420247
H 3.5157915645121958 4.962275398866814 1.922583992641598
C 4.249651580469415 3.7701862275547082 0.32440774396544547
H 4.053917857048434 2.7170473727063102 0.49904609539342476
C 4.2574825738251505 4.138429444485437 -1.1634059226579327
H 4.4305587838704845 5.216703153573587 -1.3111602174794594
H 4.996545291029407 3.5466951973791017 -1.6553370345626315
H 3.292986371769733 3.892911982345079 -1.6537054982622765
C 5.601093650994313 4.072571420869037 1.0255864938031718
O 5.726782203650028 4.914830646089835 1.8986287367617671
N 6.660673859821259 3.413199679280743 0.5585139498261829
H 6.486756276562859 2.66573498112526 -0.062095746647969
C 8.052917433792588 3.4674387402778635 1.023540175110522
H 8.193826453676426 3.9380829134689224 1.979659932344521
H 8.406850415531768 2.4320218069028834 1.0312710066707518
H 8.627687945953936 3.952173241938592 0.22878043663572845
22
-8.59808349609375
H 1.1604366841382074 5.512479618158358 2.508335104389176
C 1.270201313820378 5.902258900162831 1.4978195477327458
H 1.8049320072364465 6.848177829401747 1.5818085480312454
H 0.2983265700460813 6.063553065193385 1.15426519461632
C 1.9671722869674124 4.918184284668026 0.6150400476365431
O 1.3633804226791144 4.310972382107979 -0.2302379487076103
N 3.1896396379322867 4.572240026868438 1.0575531179296722
H 3.5499365767872204 4.944934050973715 1.9094339877355682
C 4.245488742431371 3.772517694510033 0.32193425050938373
H 4.04924946921563 2.7062298723011287 0.4715620181147948
C 4.261374714354779 4.137458346175108 -1.169972253368789
H 4.440820971112911 5.20362242368806 -1.3351576043760518
H 4.978319756421121 3.537227904930116 -1.6319062094504522
H 3.323750897130213 3.9046897342672904 -1.6252235362381935
C 5.599520376106593 4.068069186993027 1.02703816862537
O 5.718832708618641 4.909661157737622 1.9083821068910738
N 6.666456237275755 3.422284466535142 0.5525091148187442
H 6.491276246975241 2.655162106662929 -0.0781487453919992
C 8.045757602503105 3.4625902543722606 1.0307277864981412
H 8.215652563612618 3.9222202902978958 1.9782550340438267
H 8.393819827910662 2.4142070844907284 1.0527724999137056
H 8.623231067712709 3.950830107579214 0.21248023436044883
22
-8.19866943359375
H 1.1631401508869716 5.535755000914076 2.4971672621499414
C 1.265121009901756 5.907115030568914 1.4998682713261047
H 1.7776290707473037 6.850339737850231 1.5664993322692589
H 0.27702087555749255 6.060872333114985 1.1503675560725346
C 1.970519203828107 4.916287888182158 0.6184659918858374
O 1.362615688243921 4.30509410289323 -0.22458509085155276
N 3.1970000321730767 4.576860830842675 1.0569550947169253
H 3.5783911486658053 4.938728617428189 1.9092820018414056
C 4.239682586392897 3.776642543786193 0.3219101786782003
H 4.040321751192662 2.699189920440694 0.4368538233626845
C 4.264285949070577 4.137154948719502 -1.1745200913249005
H 4.455609432568771 5.191331518024831 -1.3566448342994708
H 4.985703216904284 3.514745508308309 -1.626478963448291
H 3.3415875476047 3.91280562840509 -1.6018699304579291
C 5.599193141211503 4.063662823844893 1.0270991274255956
O 5.710500516338181 4.904799587974131 1.9185375846349306
N 6.672200266427785 3.429717885408625 0.5471626381618351
H 6.489571035122217 2.650531801421778 -0.09958812972741166
C 8.039084398751944 3.456311047527616 1.0336567415234
H 8.232662518635992 3.9185711961284713 1.9929913814864215
H 8.382328035944903 2.4070492994712267 1.0819612896920967
H 8.61735939918055 3.949247556688351 0.2165958918756339
22
-15.431976318359375
H 1.1679319681804632 5.549899982029892 2.497805621163098
C 1.259738681673142 5.9122917964345145 1.5024092525858217
H 1.7585806455041775 6.857843169184823 1.544472219167976
H 0.23888057053000683 6.061766150032848 1.134897909021879
C 1.9761070499611708 4.914088344175726 0.6248627358516954
O 1.3613988981198586 4.298901887140907 -0.21984268494990453
N 3.2051542117693046 4.580231215991542 1.0533277451774343
H 3.5968112690695215 4.9448535587734055 1.9210382213898018
C 4.232874837212422 3.781975121788836 0.3236934545371161
H 4.028054881418445 2.7015050061080554 0.3989248245611211
C 4.267915509972954 4.137119005286256 -1.1763438434919928
H 4.4758456640756075 5.1845337994489915 -1.3748107581589446
H 5.012374691482723 3.4833857790924627 -1.636812776973946
H 3.3301141499622027 3.9132860361844735 -1.593914606964569
C 5.599929082338834 4.059798249487775 1.0261975237677434
O 5.7019335438644445 4.899883916217383 1.928779174336196
N 6.6769476004996005 3.4344289182736985 0.5415947843663025
H 6.485642819991131 2.6653227748217576 -0.11550518411387968
C 8.033886557619304 3.449202939795683 1.033527222307467
H 8.240342160679893 3.9243053149007956 2.0141235355536056
H 8.371553521293299 2.4103836016771503 1.1148329749747623
H 8.610508010438076 3.9445988742938853 0.2416536469498666
22
-28.49298095703125
H 1.1862203229687878 5.762866887101095 2.5523681400847673
C 1.2117845832478542 5.929517785544513 1.4776989912659153
H 1.6770825199917805 6.90741249906503 1.3061128141709957
H 0.21159085951399714 5.955430025626161 1.1541540608851304
C 1.9418150139674628 4.855500791383561 0.7262990352037167
O 1.3861625429090418 4.24703513998373 -0.1387702901431055
N 3.232245044238641 4.694683025997152 1.0053530646816156
H 3.653707716083889 5.127274332078498 1.8193235004751152
C 4.265962284777478 3.8329420829522993 0.31190773586272863
H 3.9614238812558917 2.817639239730236 0.5349202304326223
C 4.33196376243008 4.109484721057653 -1.188829641780961
H 4.649437360042781 5.155856276890597 -1.2952093271144514
H 5.022606997158706 3.454062948790462 -1.6531382665105157
H 3.383585211091982 4.005991429727718 -1.6813961825107113
C 5.5914347717933035 4.06722198324843 1.01441433443881
O 5.630486524137667 4.7906553060389765 2.0162856088005223
N 6.64463760696322 3.40801018052777 0.4804768966296604
H 6.560619011698624 3.074147078574997 -0.496047141756431
C 8.0025741418539 3.4148088000743893 1.0909976306692628
H 7.931693755664675 3.978458389000789 1.9846709302794452
H 8.332977373642093 2.4025492883803525 1.3581619284391302
H 8.784693747531456 3.8660204968961036 0.4338102170781122
22
-30.29522705078125
H 1.1974704939852407 5.776026861937221 2.5241905365677835
C 1.2127273162663563 5.9293473295172126 1.4756516114516638
H 1.6627024006615068 6.888681888649156 1.2932563458072108
H 0.19790360470296278 5.949989662967322 1.1600337597321655
C 1.9377945659204077 4.852456940856947 0.7373872084699217
O 1.3873828771661791 4.240591304268579 -0.13375483349531822
N 3.2301886427651247 4.709310196376871 0.9998838729072685
H 3.6581100221608813 5.1631444969792835 1.8137895762536265
C 4.265014331617472 3.8358860827005623 0.31338806830624477
H 3.987458465609342 2.804830265413121 0.5426707405723339
C 4.337163155289499 4.1126595423169725 -1.190446600501805
H 4.650960123348533 5.14178578530578 -1.304834369066372
H 5.025874890335534 3.4433523674654136 -1.6470906085223342
H 3.4141854927097066 4.017567171500396 -1.657639392034752
C 5.592201565977786 4.0631380936235395 1.0088073578105634
O 5.629214587565803 4.778926296500736 2.0220685025926928
N 6.6455054484666976 3.4068135455315076 0.47672149977283357
H 6.571764916880989 3.110398339875381 -0.49173590379572024
C 7.990253249422268 3.413863793098085 1.095441327357365
H 7.968639708844492 3.985791405112433 2.0198913568169723
H 8.31168856279605 2.4075249988528737 1.3757804708441888
H 8.760621741013113 3.8620913916138995 0.4373226165604711
22
-31.871490478515625
H 1.2143738490454328 5.779335109105531 2.5130534236998034
C 1.2131542517229978 5.930067597266654 1.474014458616757
H 1.6539489035837553 6.876381525992507 1.2746729277889055
H 0.16965834068032487 5.944849770838157 1.157024644396885
C 1.9357536649435656 4.8501013111345 0.7489145429951813
O 1.3875865761718251 4.233080615707824 -0.12975710225444312
N 3.2309733652284423 4.722692977851257 0.9936561246322924
H 3.646986350127897 5.204295436680186 1.8051140015324194
C 4.260795743789741 3.839458257917086 0.3163377830671329
H 4.008217280478826 2.791326841098269 0.5378204014310779
C 4.343641591668028 4.1169387197618255 -1.1890680549666157
H 4.658364029668601 5.135899605662106 -1.322686142541871
H 5.040338753667287 3.4229923555778408 -1.6514073731562022
H 3.4119289943276563 4.022663225129682 -1.6472134327103105
C 5.594042159463255 4.059120652873256 1.0039687973569253
O 5.628803530152439 4.766437097599688 2.0269959009437235
N 6.647323353905616 3.406743510557865 0.47360258885598905
H 6.582970462292516 3.1431786816090392 -0.4786133672573697
C 7.978289743017831 3.4127950320905196 1.0996086541050438
H 8.004041294560512 3.9978587892419797 2.056378482012148
H 8.284514629150298 2.413656238179771 1.387319516976073
H 8.72280571137319 3.854082793941667 0.44431811673686783
