22
-39.0743408203125
H 1.5416807621025574 6.237438047771192 1.2812607227604156
C 1.719581315949839 5.230464104732361 1.6505073057694852
H 0.7622004741241308 4.647028475723138 1.6967462112540186
H 2.1459577739891382 5.319943089771689 2.7111953208423216
C 2.710213598870825 4.505633454696014 0.7575335007626272
O 3.043720715733774 3.3154302753865297 0.9570905384352935
N 3.262274416081179 5.222590255312517 -0.2820989799819685
H 3.082947440105265 6.190743774139166 -0.23663560098807326
C 4.410307387397715 4.728250322469551 -1.0077759524232717
H 4.187259485839058 3.7486051789881323 -1.3817616452038248
C 4.614872839507963 5.576335569881385 -2.249747776596155
H 4.853786999107757 6.595602541559944 -1.9882837790126364
H 5.397907889833165 5.101141443278875 -2.8455560661849795
H 3.6761102775439145 5.546680145736003 -2.8610193947172817
C 5.711492024439703 4.664390941598306 -0.13659540814779292
O 6.487798128096682 5.668125196757509 -0.04038945390822336
N 5.8314445894388856 3.5193327754316317 0.5665566294782387
H 5.0408733491382165 2.863903214834786 0.5503156075063651
C 6.894862121539568 3.2484943274583222 1.4995385235575371
H 6.62135855888041 3.842886884078829 2.3937055490583283
H 6.852875368800891 2.2134447668318185 1.821548223622895
H 7.914681078281301 3.5161109000787834 1.1960522700320595
22
-39.186981201171875
H 1.5547567283789347 6.256267970996153 1.2654557676853626
C 1.7173227459164842 5.234424990098214 1.653887970199276
H 0.7722170389582628 4.653588701251583 1.6750717507313206
H 2.132316741528429 5.316820011418044 2.70105041860883
C 2.7137109335362797 4.506958797652039 0.7581372142969267
O 3.051904461230704 3.3205202875438804 0.9685027417370208
N 3.2571733207573805 5.218008922007206 -0.2853521196853764
H 3.05690177830576 6.188874272531666 -0.2519816976482998
C 4.4135707933808535 4.727242876978535 -1.0148026155079721
H 4.206769841448703 3.7233565980670664 -1.3424318923143894
C 4.624907558958502 5.576997147346095 -2.2478092786401134
H 4.848690468385576 6.590052182037471 -1.9787465613677306
H 5.397812219294521 5.133709446478875 -2.853036696399358
H 3.685362684330534 5.529947837159069 -2.869374038138694
C 5.708471037963733 4.656756338487756 -0.12798854311602376
O 6.4738945933013925 5.670248436365064 -0.027324269307962574
N 5.83300196476972 3.5121368189433277 0.561562883919729
H 5.05265171508344 2.8711537369610634 0.5359078751516586
C 6.887707112145122 3.249918355087727 1.4898033460250608
H 6.6085046559884475 3.834635003465088 2.3786834416841853
H 6.827288052120957 2.1858444680746714 1.827947681616452
H 7.933149343225074 3.5199307647388367 1.1850601192413937
22
-42.85693359375
H 1.563844372857409 6.267468467388167 1.2537026621363403
C 1.7158937047909972 5.237968458602654 1.6582931871725277
H 0.793159535180781 4.668561599191579 1.6519270109893984
H 2.110459061506426 5.309581796129308 2.665167663797656
C 2.718489352437376 4.507726036199425 0.7569521340150809
O 3.059131128855148 3.327320826745984 0.9799818596803134
N 3.2511060752673613 5.211442473902409 -0.2849636165429911
H 3.0321150907391607 6.202393293788431 -0.2777886814395413
C 4.4184070038205245 4.726322339677147 -1.020459667157522
H 4.224568387647903 3.6885123904648975 -1.3075697993824156
C 4.631927430119854 5.576857284880471 -2.2486538622645607
H 4.847949523626173 6.596293278631666 -1.966159176375225
H 5.407015145426874 5.16750509140592 -2.860349043981442
H 3.715529423474553 5.519309611351407 -2.8623056732728003
C 5.705679812667851 4.651520836875921 -0.11988853831064256
O 6.458269321779964 5.669611558340212 -0.01435318678686164
N 5.834927563358137 3.5066366242726184 0.554769367110796
H 5.060452539464903 2.876712082510371 0.5198936011241204
C 6.882005248539466 3.2495401128113635 1.4834995018488015
H 6.605559876363012 3.8273462204786095 2.3636057464702156
H 6.808497311500234 2.1737933501970814 1.8249490559277082
H 7.9288602841363645 3.521062747037438 1.1705105623355583
22
-43.8447265625
H 1.5695322093426334 6.2641875154313436 1.2505431747352445
C 1.715634526412972 5.242094495985242 1.6605095975959485
H 0.8097621322494436 4.683522104010663 1.629352562550337
H 2.0915908343253555 5.300499070653925 2.633051980781586
C 2.7242295868377546 4.508231594711667 0.7544616262816948
O 3.0654496572172674 3.335597142715711 0.9915620470776337
N 3.24424032254852 5.204431450025561 -0.281643681316744
H 3.0124284725553685 6.209744600982447 -0.31270710634976306
C 4.424456445950753 4.7242090094130065 -1.0239337229251986
H 4.240502958360588 3.6573185732166347 -1.2801314027374153
C 4.636724177156982 5.5765989594128005 -2.251291235956031
H 4.849503249138508 6.6102457174627105 -1.9525953421617541
H 5.4301029535995795 5.197864378786447 -2.8690870252540335
H 3.7531831651916314 5.51502941125211 -2.848871092247209
C 5.702837509410745 4.649325950006268 -0.1129311653729686
O 6.441220535080696 5.66635365758556 -0.0013652074228105923
N 5.837644318459997 3.5031436351593332 0.5463571184556161
H 5.056823422387959 2.8723239674870475 0.5025779300140625
C 6.878124002034011 3.246213666398137 1.4802789960936344
H 6.610410560086257 3.82568252634928 2.354604257844553
H 6.799229399034412 2.186043154032417 1.8102346150930446
H 7.899188606160726 3.517600922197706 1.1543374724365398
22
-45.935882568359375
H 1.5717058187324162 6.250561293773851 1.256153794788146
C 1.716828733528106 5.246691772756783 1.658030485259614
H 0.8109222050896808 4.691958222792041 1.6088178191035485
H 2.0851627199976965 5.291264784619395 2.630164982994639
C 2.730179511564121 4.5089263935802375 0.7515871919948253
O 3.07096965322913 3.3449742645295815 1.0032751962698359
N 3.237181340342434 5.198219276338122 -0.27664669506127915
H 2.9994918317651282 6.1949208213373606 -0.3527949061930707
C 4.43106309070398 4.719794719468799 -1.0248501596082842
H 4.254734278034663 3.6429007576965926 -1.2615645064113414
C 4.6415090459206905 5.577216918062104 -2.2541934656437124
H 4.849650331430384 6.621220381253268 -1.9423549870483807
H 5.464246040723554 5.223763947266281 -2.8769109147489074
H 3.777395684358995 5.516181091103815 -2.8441651865068662
C 5.699556926907967 4.650068674460643 -0.10747998844533752
O 6.423250746181708 5.661043757721277 0.011727513579595367
N 5.8408027305115295 3.50122688056159 0.5365730460630868
H 5.045877784067362 2.8597116061732724 0.4843991444452733
C 6.875180829083608 3.2404453180336414 1.4797613056852237
H 6.621460687249439 3.831171718686461 2.354073018739022
H 6.799499898434812 2.211038043603139 1.7883565663669254
H 7.857928511186055 3.512184057825629 1.1337938049486187
22
-50.828948974609375
H 1.5696459086354153 6.2393932584577865 1.2660728416356892
C 1.7196036873940022 5.250565481347122 1.6508361420039508
H 0.7963161666194264 4.693491146617128 1.5907339571335082
H 2.0920504470105294 5.282108000406135 2.659027366236006
C 2.7353544456111107 4.5101847886101325 0.7494866289545087
O 3.075857527706842 3.3550368104487127 1.0151076385390478
N 3.2310918658051815 5.192693844281245 -0.27146674897388634
H 2.989865626049755 6.161685325299031 -0.3937727765257619
C 4.4375420484143095 4.7130620644067704 -1.0231851922449358
H 4.266449823549648 3.6489223169335707 -1.2534982507817625
C 4.648052232654843 5.579174748474781 -2.256576083094414
H 4.845664443442534 6.621128984406335 -1.938538139869772
H 5.500772598737029 5.2467976253855175 -2.877968949092925
H 3.7770783586624312 5.521902774163584 -2.85703317519374
C 5.695434601663867 4.652939261572671 -0.10359215941131159
O 6.404949194311634 5.654532703736978 0.024986145674924378
N 5.8435054395383 3.499902746753936 0.5257493788400139
H 5.039949661899988 2.8483121398172324 0.46618826755727216
C 6.871782353185387 3.234052628495936 1.4815467762887449
H 6.638334628986877 3.841304598163047 2.3596174111985326
H 6.807524998956131 2.225795543500843 1.7676158763589875
H 7.824823981345506 3.508907766384213 1.104757584733897
22
-38.843475341796875
H 1.5766143382333266 6.280244090943853 1.3117538140893346
C 1.7432017766112313 5.244520556867619 1.6057982477993336
H 0.8107468292767142 4.745193061434971 1.5337868041840736
H 2.0717815920318907 5.214410600382985 2.589753290680916
C 2.7312305322560206 4.53452661849134 0.775258557898761
O 3.0998465757883578 3.4123588082039724 1.0879100078648203
N 3.2518623267043836 5.15112014325342 -0.2807403772238495
H 2.826033567606631 6.016092521456463 -0.5693033164511189
C 4.445602322623472 4.692377426946848 -0.9966081828599617
H 4.248559276999777 3.6704317893336307 -1.4219578763977077
C 4.680017617723265 5.5894665447349485 -2.2714733257986355
H 4.7897811888452395 6.6372185178352625 -1.938197178162805
H 5.617610953226397 5.314051214593269 -2.7500844450077278
H 3.8531855514305926 5.573181696875632 -2.919598752645351
C 5.6392320730740515 4.654005731216736 -0.10444414539148816
O 6.314871151406308 5.632423622020834 0.11202452637122201
N 5.850833153900753 3.491701482565161 0.46677205874443906
H 5.108139267875158 2.790074428178013 0.35276844662118556
C 6.859306414301121 3.2057521499420916 1.4989512427014944
H 6.790393606921094 3.8512787685615413 2.384502414013533
H 6.918443898274058 2.152573887095718 1.7341017785794122
H 7.769377983936268 3.456196819463049 0.9903460471246919
22
-37.59051513671875
H 1.6764447423682705 6.3153937359831644 1.2867037074639285
C 1.7316520975954595 5.252253017401078 1.5837261657283743
H 0.7616677992174654 4.718019480369914 1.4976533192648656
H 2.0813581596719715 5.181980697288054 2.6569894299450567
C 2.7495171890241195 4.542415475603606 0.7826019070943249
O 3.1100963004134035 3.4437247904277823 1.139574332339946
N 3.276599331537441 5.129054768743373 -0.30444374987803974
H 2.7278827598135873 5.917568993910845 -0.6525306105348782
C 4.404073573889032 4.698247516164869 -1.038952847286737
H 4.242363394428349 3.7430019158820094 -1.457782749615488
C 4.699836212402095 5.601641600647919 -2.241975478867268
H 4.760640203879439 6.629815315998089 -1.9275285752209004
H 5.6310164849491375 5.279948174635621 -2.689522113216027
H 3.885818910653773 5.507267091119251 -3.0164951650189793
C 5.605280102517218 4.634103257396614 -0.10362571881886373
O 6.2745413771857095 5.64274512310983 0.1750579520964491
N 5.854677297167231 3.464782217735562 0.45969715147111745
H 5.193787818299029 2.745407374766934 0.2743335429360974
C 6.870584178598213 3.1931919534054716 1.4799278236374145
H 6.800434988105852 3.8040527511617506 2.3791015866694867
H 6.913173294045196 2.118313066165074 1.7880542208505887
H 7.877814665967878 3.4102553167911442 1.0450052178586444
22
-41.816436767578125
H 1.6939254469354348 6.329669395446845 1.274026535999718
C 1.725978684955765 5.25351952306503 1.5858569953616866
H 0.7694265446395138 4.734093872593748 1.4852469195994964
H 2.057685953713873 5.1856409363670055 2.6234934848293587
C 2.7602642530673833 4.542985575959458 0.7796105898724692
O 3.1125594134439516 3.4497634055307347 1.152949082503275
N 3.2748653564091557 5.125565411489282 -0.30761173143379833
H 2.726188234160016 5.900908360846051 -0.6830263128842228
C 4.394694379412641 4.7014276495768685 -1.0550766736694515
H 4.232525715807881 3.7237383322955235 -1.4671673602978443
C 4.702104097478972 5.603684468875213 -2.237065187067392
H 4.759027105174873 6.645300016719102 -1.9136035276555485
H 5.624088658877505 5.275316768637428 -2.671672060030374
H 3.9218638681435873 5.486002753513107 -3.0058039424866867
C 5.602388576753311 4.631181704323648 -0.1006996885279689
O 6.264056400860198 5.645224366642766 0.19024483983711826
N 5.856204426342243 3.456434897474538 0.4609400773020811
H 5.202866825422178 2.718103021914922 0.25410209423800656
C 6.87855971549455 3.1900777858086076 1.4727671931911959
H 6.777815364999218 3.7997582375422367 2.3780346483552166
H 6.8898912651475435 2.1020914882333654 1.802616824556439
H 7.901713591978503 3.403836005539558 1.0588320618725573
22
-41.05242919921875
H 1.7056998965142882 6.321654408724236 1.2679315157260183
C 1.7203346152212073 5.2567534517787164 1.5879325481857876
H 0.7793423435438039 4.757141961111169 1.4712096319795398
H 2.027938361229056 5.192724200366557 2.588944738094016
C 2.7718219799926813 4.543832462295755 0.7759580721470678
O 3.1154391525238796 3.4545962365551657 1.1663832416999387
N 3.2690948994715896 5.123956325294317 -0.31058068866231764
H 2.736706659580622 5.879016844235827 -0.708924917321309
C 4.387937742335954 4.703467290790386 -1.0706032760606017
H 4.218955379300461 3.693048939141291 -1.4788492165139604
C 4.702721566649391 5.606473233861741 -2.233361630445577
H 4.758674636708504 6.658341322882446 -1.8993780403037575
H 5.629291082901436 5.271424132809248 -2.6581420876620148
H 3.9616046685996564 5.468073680079839 -2.986081641966915
C 5.601203833372876 4.629233666078153 -0.09707326265652211
O 6.253049436555744 5.647146821162332 0.20501502984858397
N 5.857696840998825 3.4481642997011566 0.4622227761600832
H 5.209312911009202 2.6861518472480657 0.2356135648343669
C 6.889823276654186 3.1841918374676785 1.4663238097134987
H 6.747398570899055 3.7991783030637 2.3738886459591746
H 6.860989310259456 2.1160655378093343 1.8050689017551356
H 7.902855628128251 3.395242997439797 1.0761563113732875
22
-33.575408935546875
H 1.7107920254142195 6.298783279199914 1.2679303306421268
C 1.7157254987869757 5.26194650211787 1.587186241671977
H 0.7787669177575662 4.779186853294832 1.45428454866195
H 2.0009401186968048 5.201118009818293 2.5815012056985047
C 2.7828507701565504 4.545325239130827 0.7728383209082867
O 3.118918191967029 3.458165422651287 1.1797348392117855
N 3.260535029780308 5.1235132943233275 -0.31395056725820025
H 2.747869871902186 5.86280893962077 -0.7308766139782537
C 4.384148393130076 4.702355841209052 -1.0844892425324215
H 4.20515005526118 3.669568376699368 -1.4865074022481959
C 4.703461462992317 5.610673390133982 -2.2293856791433266
H 4.758329511688297 6.661310780729581 -1.8893812515366282
H 5.646524386175943 5.270331151667802 -2.6491862238919395
H 3.9865483677842155 5.454111530246012 -2.9768695477137372
C 5.600954268937453 4.62805446047381 -0.0932624349809248
O 6.241509449284801 5.648453559404112 0.21934211811094825
N 5.8585591832978 3.4393840521017527 0.46289604832337633
H 5.22386634980497 2.662734131824178 0.22270603517766402
C 6.902399386081617 3.176567258964771 1.4615915903225822
H 6.714252709303623 3.7983307810867166 2.360987578195003
H 6.830965266715453 2.1487966139617423 1.7979591922466762
H 7.893350627159644 3.3865416786461893 1.091524645012024
22
-31.03240966796875
H 1.7090388893216246 6.280258962540359 1.2693735616177286
C 1.712822370677403 5.267728634786614 1.5829081562865788
H 0.7624589846719532 4.795705575869781 1.432993107496893
H 1.9807937887745237 5.2092915544120455 2.6098448270409538
C 2.792164432763888 4.547612743564498 0.77142204371831
O 3.1230869962387677 3.4606108526432156 1.1928417860769072
N 3.250645333139665 5.123445369542525 -0.3183066686192638
H 2.7492286877954264 5.862104121091004 -0.7505377865933999
C 4.383326791949411 4.696979745458901 -1.0957704735697689
H 4.194348655300162 3.666307087243098 -1.4862801015470193
C 4.705787561645403 5.61583343720248 -2.2248144819894313
H 4.757092247056954 6.655066055611459 -1.884951160264794
H 5.667971356113797 5.27615076043347 -2.6419333619474243
H 3.988648287607546 5.445287950579355 -2.988144614683823
C 5.600851108121119 4.627186622105209 -0.08969918336736298
O 6.2294962358470425 5.649211474653245 0.23323475825891304
N 5.858998807736251 3.4300940314738497 0.46268865862774733
H 5.248482242692165 2.652412963325314 0.21625934495351273
C 6.913501736972201 3.1692793181075647 1.4586487726000779
H 6.684601195479755 3.794844769213847 2.3377333719143207
H 6.803939987831683 2.17456364361124 1.7896968519611636
H 7.891916647658355 3.380773109010424 1.0986577996578761
22
-42.642608642578125
H 1.652588551681522 6.359944949140175 1.2631995755140688
C 1.709433683408534 5.287053476783489 1.5604827505289798
H 0.7503672545767698 4.873025101857046 1.3064987278267934
H 1.863506387136806 5.236423722829057 2.600364943838006
C 2.800063493176533 4.56706397010524 0.8022899051785183
O 3.1537660986992835 3.4669882777540764 1.248748198195203
N 3.1984493201534208 5.128073820638531 -0.3681920297347615
H 2.6951806880165736 5.912415924212752 -0.7160267340141107
C 4.4119817238698635 4.650177958644275 -1.0897809255539979
H 4.177903708351421 3.658442507146677 -1.5066779381620776
C 4.723286957260178 5.626919685383404 -2.232220133163204
H 4.724771242830209 6.670795929688006 -1.8636759264793212
H 5.713111741314858 5.43271682137719 -2.6013866503379197
H 3.9966563279328726 5.548221886641629 -3.0104387329994564
C 5.591253760064773 4.6034176468592065 -0.07674696615850712
O 6.164982877079921 5.649142389922561 0.297044120365743
N 5.881782408156447 3.400888878204802 0.45153440519734966
H 5.296217710938582 2.5969260248991715 0.18305727676264025
C 6.924712356061784 3.143983854529271 1.4428978296865411
H 6.686841853983151 3.8243643880759377 2.285507181179904
H 6.819281992429733 2.093199220246456 1.8064467125849655
H 7.938480376364881 3.357599066703724 1.0702833013575677
22
-37.904815673828125
H 1.6509801611785297 6.343615620436434 1.2739445562196514
C 1.7070220340632059 5.296002016223142 1.5540534227487754
H 0.7678476627767505 4.878936819950542 1.2823646375508115
H 1.8441430838922257 5.230958735012376 2.5817126553693743
C 2.7971869437832293 4.571380693404059 0.8113511049369798
O 3.1609011411495462 3.469834537828953 1.2571523544119523
N 3.189332707093459 5.126193319060465 -0.3791589980064574
H 2.6862688244192623 5.92324851151144 -0.6944816083987491
C 4.418599123483149 4.644167230640681 -1.0791393881880786
H 4.185040530474709 3.633439761558661 -1.5220413722569515
C 4.725165883873015 5.6294833111154405 -2.2361601487025586
H 4.712263485537005 6.662678613354416 -1.859300408690755
H 5.7324593991454815 5.465345985416627 -2.6083454227529885
H 4.007772514708533 5.581069162290362 -3.001860622769737
C 5.588884538642173 4.5945508469653245 -0.07384756156846764
O 6.151079728815905 5.647882226720055 0.308499044568122
N 5.888974004130433 3.3964094645483183 0.4461207401771966
H 5.304354668500392 2.6121878543777415 0.18098804834294985
C 6.922360644052925 3.136568557715499 1.4408923266481937
H 6.721090944736876 3.829563789042114 2.2906467974992206
H 6.856703983012803 2.1160754351446682 1.7982683242440853
H 7.908899143078023 3.3435299374034475 1.0691598432333027
22
-29.95318603515625
H 1.674466979452641 6.37099909190462 1.2874732936157443
C 1.698161020191452 5.32281051107387 1.526989367304063
H 0.7502434313564356 4.848479647291147 1.2012353618729417
H 1.8181661723419407 5.1894855555936985 2.6496664817355846
C 2.7937739184244954 4.583441196242894 0.8236504697319414
O 3.180273561692606 3.4878196090984974 1.2763580773054737
N 3.165716486515663 5.103949635818581 -0.39397475438680524
H 2.686197163351649 5.964019398127577 -0.6637584406181929
C 4.422994882918692 4.630080857665875 -1.0554109078056761
H 4.262592415724978 3.6701210031633003 -1.5013760482328298
C 4.738324945795519 5.63979044545138 -2.235089929412603
H 4.676841649248582 6.639617304072264 -1.8311530764696935
H 5.755912194987838 5.525721403565667 -2.6390767844185357
H 3.969144292295224 5.628936893376269 -3.055356405581735
C 5.588418634558195 4.57621953619922 -0.06077748833479644
O 6.1066440934763815 5.637152434891474 0.3395613405881673
N 5.914412845986691 3.382398979632023 0.4283857164219763
H 5.288541833925718 2.6383373695799532 0.16750571153851124
C 6.90986225489687 3.125266053906113 1.4427847995575236
H 6.840358620521897 3.7989861431733973 2.277552874268649
H 6.955764786795299 2.0980386984340047 1.7993281168841508
H 7.895777852040603 3.3205746598567387 1.0056787046759923
22
-26.880279541015625
H 1.6880818245709208 6.411881579902916 1.2829121244473438
C 1.6933476809331967 5.328062504864368 1.5216594564832064
H 0.7475293074549736 4.845420645690714 1.18106531980781
H 1.8089465910335423 5.178023036618759 2.6368629552836516
C 2.7952040416401975 4.586911546222527 0.821501954849534
O 3.1857317278246255 3.4971936520421103 1.280939175655564
N 3.1585097999335856 5.092707859772373 -0.39244630591957774
H 2.711795331902684 5.953119205103241 -0.6603541199300871
C 4.419883516584216 4.630733455790725 -1.0514353970049064
H 4.2939519480476775 3.6814524414003458 -1.4890082504325644
C 4.741678987401414 5.642023502916854 -2.233438136134611
H 4.671000227513908 6.650131358662968 -1.8128606749760912
H 5.743680795024458 5.532743728124858 -2.643105139816659
H 3.971318795056933 5.626015274453831 -3.0567540763028536
C 5.590174134832353 4.574103098290056 -0.05527921287212003
O 6.0913852251039895 5.631544741659479 0.34915558816312803
N 5.922841169584249 3.3775115976537813 0.42246120421152566
H 5.271296833568789 2.6305035097734564 0.162531958836371
C 6.9093863413482906 3.1228384432275123 1.4437113186763448
H 6.866675702227184 3.7962924007103367 2.2839199830231447
H 6.971400920030193 2.0669259571864487 1.804537619046468
H 7.899802172340812 3.3173355568493 0.9729192870473659
22
-30.670806884765625
H 1.7029334329224513 6.439158218804428 1.280168023533019
C 1.6872284571155716 5.332857186035097 1.5181433618364717
H 0.7560344973296753 4.854576989642652 1.1682395126391796
H 1.7972818881010701 5.170811572799053 2.5955131045439024
C 2.7973276628730726 4.589821903527509 0.817246410995016
O 3.1907519916249614 3.508055322664958 1.284708183968061
N 3.152568729552465 5.079459347362229 -0.3883515228987678
H 2.7419220896440235 5.940559914405 -0.6633403384501712
C 4.415776667802217 4.635549619175735 -1.0490332658536718
H 4.320229255585817 3.6715016805023524 -1.4847914996227614
C 4.742227727672377 5.644273343344265 -2.2309602126447783
H 4.670855308242282 6.660027725776163 -1.7965419747705111
H 5.731406237192922 5.532678456043476 -2.6451617113970167
H 3.9914385411088253 5.614652067145622 -3.0383059952113993
C 5.59210243648947 4.573317251185813 -0.04978962671959113
O 6.076384548986872 5.625660322386469 0.35874414163032753
N 5.929337106116497 3.3716810126237458 0.4160241869393644
H 5.264757073284823 2.628416552638365 0.16473036531863672
C 6.913653864136599 3.11842475630694 1.444479950621432
H 6.881480334621952 3.801970891712081 2.2976301947785984
H 6.974355195403522 2.05121793819595 1.8023477065860538
H 7.890382958381613 3.3126934046075647 0.9459496915507603
22
-34.255950927734375
H 1.7171433556052695 6.43725275516961 1.2830819678597463
C 1.680635000681382 5.338679858964738 1.514068748690881
H 0.7689497798547913 4.87439881429376 1.1613132383387583
H 1.7845735923614043 5.165837920195545 2.549613426144072
C 2.7992738188156134 4.592064663744049 0.8121891189578979
O 3.1954527193761284 3.520165539526942 1.2877248750731307
N 3.148735404637733 5.0641380854679685 -0.38266045376744
H 2.7677017644339093 5.9375057074568645 -0.6739431670283298
C 4.41145308641863 4.643362424529039 -1.0483196431310946
H 4.339404464570885 3.646606631253999 -1.48651889571792
C 4.7402201003909825 5.6472140192667455 -2.22596588289273
H 4.676875344809433 6.661618092375767 -1.787532137544191
H 5.72572376277193 5.525188063185667 -2.647143409855767
H 4.017775317454888 5.5961191960506875 -3.012203758382439
C 5.593539649724523 4.573199609144142 -0.04482489108184453
O 6.061996193847686 5.620005158173824 0.3686168137664244
N 5.933557917578497 3.3650013021727005 0.4092240444215279
H 5.272156726414189 2.6337472721969495 0.17482274418571225
C 6.922510004703125 3.1119635182954553 1.4453548539065486
H 6.885382371989178 3.8096918847731813 2.3104824231778083
H 6.965159507983469 2.0580565465819425 1.791244185695212
H 7.869489926946383 3.3060121494417904 0.9286172006444919
22
-29.897613525390625
H 1.7295880933595098 6.411962625832508 1.2911083089935467
C 1.6748557629674954 5.345617071067732 1.5073734592216876
H 0.7741046739983226 4.899489855922561 1.1561328490225387
H 1.772436866661626 5.16006372993123 2.526633417107758
C 2.800063214346728 4.59368570192628 0.8076369245218306
O 3.1999965160021038 3.5331629106168307 1.2901025941205586
N 3.147348413183156 5.047777270855631 -0.37683194007308585
H 2.7853896181775646 5.942076786738544 -0.6880406936920991
C 4.4076670068711765 4.65175056272284 -1.0494389647965554
H 4.35044768727986 3.6242391056615793 -1.4874116760373775
C 4.737034999656914 5.650841435297931 -2.2171467894766375
H 4.687795509652201 6.65582271349786 -1.7873001081465534
H 5.727798949002212 5.51058816762421 -2.648404499613603
H 4.033265774819246 5.572105655151952 -2.995936489326026
C 5.593855137285849 4.57315639116668 -0.04087490314039441
O 6.048509361195833 5.6149932370750335 0.3790227595882919
N 5.936386765407838 3.3583943875026194 0.40283583847639
H 5.284246539017755 2.6362855050750396 0.18825553666064787
C 6.9341289966298 3.1050570061369065 1.4464016639636652
H 6.881065186533089 3.809986905413551 2.3118790366366953
H 6.94676422010104 2.077200228835011 1.7760837489748744
H 7.850374571404391 3.298634990248096 0.9197923735246423
22
-27.071563720703125
H 1.740864522331003 6.386867572275935 1.2996639624916015
C 1.6707970510939618 5.352165979697055 1.4978928242025966
H 0.76258004253923 4.924727261664468 1.1477857063917107
H 1.7616938367203279 5.152251204711133 2.5370351552707184
C 2.7989382905471856 4.594759790605443 0.8045656051736649
O 3.204540469927049 3.546624594508112 1.2920278743328506
N 3.148176570495518 5.032304946527624 -0.3724932200928476
H 2.7962430416157975 5.940362247502778 -0.6975070203694133
C 4.405128540932296 4.658394189284346 -1.052026084805098
H 4.352883001205898 3.620182300015029 -1.4822662466814942
C 4.734080007762623 5.654313866503719 -2.20496871954682
H 4.701105996111457 6.651793856550226 -1.7925076525402448
H 5.732079289193052 5.490645738529692 -2.6453974131162994
H 4.0294487878198675 5.545094030436502 -2.997349774252119
C 5.59260795243976 4.5725926874997285 -0.038269098106991334
O 6.036089506268919 5.610944120275235 0.39011601638269733
N 5.939098883971531 3.3528888956609544 0.39775840750810865
H 5.289078946689935 2.6246105002034277 0.19962401376469527
C 6.946021654724199 3.09967493445239 1.4468765519407423
H 6.872039443762472 3.7986269646327364 2.298475098684482
H 6.923338927823375 2.0889595617844794 1.7649597552228824
H 7.84882725115104 3.2922686843819853 0.9158345952328134
22
-31.014373779296875
H 1.7523275889047563 6.383517608678687 1.3044911375489476
C 1.6685562242757301 5.356346574764314 1.4874674776940342
H 0.7346729198438566 4.949234695791132 1.1341359101241717
H 1.751257990065502 5.145206204046106 2.5657440659506667
C 2.7954778718460016 4.59546177081473 0.8033593563269612
O 3.209196403528596 3.5600975121346345 1.2937862694505902
N 3.1509648762889846 5.019258041751954 -0.3707880773031997
H 2.8012769954630197 5.921683188936717 -0.6965012113861079
C 4.404223166379101 4.662078729349848 -1.05525854461386
H 4.346726294270857 3.6389628337595537 -1.4711487748949146
C 4.731861658539889 5.656528276885334 -2.191438141643281
H 4.714303851771818 6.658884963588911 -1.798468895882281
H 5.7306180703630325 5.46821990610915 -2.6342474403122464
H 4.01176081372363 5.519041718504524 -3.0092376778938412
C 5.589586478024641 4.571008790021461 -0.037162516574553245
O 6.024831667638192 5.608089026939711 0.40199927439333866
N 5.94214782065592 3.3487413632548386 0.3943730520013774
H 5.2845902795089374 2.5984620537463217 0.20729146652176722
C 6.9567338944264945 3.0964150095669223 1.4453595154741092
H 6.860469880835351 3.7813576270113898 2.278464186978107
H 6.898193000217883 2.080850111497111 1.7630756992344865
H 7.871889663337264 3.2869727460253624 0.9157092264806315
22
-32.03009033203125
H 1.7649004949409148 6.407543198768154 1.3045133172832446
C 1.667397517558957 5.3571627250847085 1.4783596646217765
H 0.7002553597811945 4.975622930280111 1.1169249435897988
H 1.739435129393495 5.143319271338384 2.586386093588313
C 2.7895412833392292 4.596037412249664 0.8038800853531382
O 3.2140517272976687 3.5730761370452813 1.2957502863061319
N 3.1557044033476123 5.0089905604021165 -0.37198151009564273
H 2.797716369886048 5.89000507167026 -0.6862992390113054
C 4.4049770845933605 4.662899166294723 -1.058083522984497
H 4.332686069919463 3.671440103674572 -1.4599195662455442
C 4.7297203622692985 5.656912555840793 -2.178917225365029
H 4.725772863139013 6.67855789477013 -1.8027033703149942
H 5.719847512381929 5.4459736119067035 -2.6136611629297475
H 3.994431813170177 5.4991142458261075 -3.0150358161600375
C 5.584841594248654 4.568017340670774 -0.03751061886287039
O 6.014779791393547 5.6065498586940805 0.4147356020754839
N 5.944966351205238 3.3453205226327443 0.3924769446276493
H 5.280384874519525 2.5707411226761323 0.21334739207443443
C 6.966272485343995 3.0942205619633394 1.4404867355171338
H 6.846833650532456 3.768454111783396 2.2645126424634476
H 6.874091510166513 2.056711354780815 1.7699305607702298
H 7.9138597306058935 3.280759183255194 0.9232670797303464
22
-29.99517822265625
H 1.7781053552210437 6.443805934471304 1.3020561132275668
C 1.6659847000026948 5.355638986857588 1.4718969119131007
H 0.6745152253292355 5.007109284735904 1.1002911224432061
H 1.725523914728073 5.148837685721951 2.5786323368672956
C 2.781465737774173 4.596569930740856 0.8054990971604264
O 3.219160323739516 3.5850948553149293 1.298313611758698
N 3.1622922252499963 5.000898391097727 -0.3754037122688031
H 2.7807812839933552 5.8610230346584915 -0.6750159391981027
C 4.407143775531444 4.6619757402836495 -1.0594517000442056
H 4.312526424747119 3.69924470876261 -1.457299608100062
C 4.726581701743909 5.656007276822169 -2.1687619353276344
H 4.7345861152168505 6.701146281211887 -1.8061625826991843
H 5.703735821760932 5.425182853693613 -2.5865341127985646
H 3.9891336040165237 5.489389946032275 -3.0017136873956973
C 5.578817372532731 4.563437345098443 -0.03895488595467397
O 6.0058229555017215 5.606198042520178 0.42822858338851044
N 5.9467430118058395 3.3417525509402486 0.3915399000905493
H 5.288653588620509 2.5579287326766535 0.2203786811467852
C 6.975429767719681 3.0912837389515833 1.4320032277930503
H 6.831463438299553 3.7655335297211194 2.2633515306577796
H 6.854447491560638 2.0344709170333566 1.7799504451054897
H 7.959617608261226 3.2709392934669306 0.943716122543401
22
-32.33819580078125
H 1.7901654516341092 6.466518663677942 1.300826542277216
C 1.663199261971955 5.354442443605615 1.467625902650732
H 0.6677289990305544 5.044031351905093 1.0871138412884935
H 1.710149620886157 5.159612999460479 2.5437324317007777
C 2.7720806799123543 4.59687416783345 0.8072402048482474
O 3.224530276686851 3.595824797536456 1.3018073219201618
N 3.170087743141578 4.994560500294057 -0.3799775501692604
H 2.749637367410582 5.845580861371752 -0.6709336579124452
C 4.410316733359332 4.660538550298265 -1.058561384703166
H 4.28841844984632 3.7049657907540485 -1.4703975696687996
C 4.722024647567311 5.65510662685146 -2.160841813370999
H 4.739916341019697 6.712370762389757 -1.811143390319001
H 5.690500818252076 5.405822332079801 -2.5582662809453356
H 3.9963897993985453 5.490898728627233 -2.9695888075407857
C 5.572293342858783 4.55753784763799 -0.04084323357666377
O 5.99770287555747 5.606575686884538 0.4422020074758386
N 5.947661522116633 3.3380080873499276 0.39122698205920603
H 5.309491403748247 2.5630188687087383 0.22737136352376397
C 6.984600046789575 3.0865224756340996 1.4210381159081305
H 6.816539990964262 3.768843116363374 2.2705981295098825
H 6.843125173345985 2.0326763811378084 1.786349470379519
H 7.994285316412223 3.255945524396671 0.9783260164537911
22
-31.61932373046875
H 1.7997316084362711 6.458950621275449 1.3033543784474833
C 1.6589271063791322 5.356042618882814 1.4637148832606628
H 0.6777939079292482 5.082580841279428 1.0764786715563803
H 1.6942487885138058 5.170232163854829 2.504031448920223
C 2.762389916596723 4.596684133809984 0.8080647569268777
O 3.230094610242051 3.605124490976646 1.3064470469894482
N 3.1778256481548883 4.990418724885362 -0.3847464937300502
H 2.711158678403801 5.839701338779145 -0.6776718769186778
C 4.413895469438648 4.658450476785439 -1.0554448343211718
H 4.2633657732527315 3.687940475607121 -1.498361519134548
C 4.7167692939133925 5.655127891229242 -2.1539776843485736
H 4.741174725799534 6.70555258756092 -1.8176502256454468
H 5.686401477265164 5.3879170649335375 -2.5340253831214326
H 4.0054174350837615 5.501361870796338 -2.9325111956720895
C 5.5661417110791565 4.551239846898964 -0.04240969091660218
O 5.990137732249796 5.606966076894641 0.45630534717141097
N 5.948976139754665 3.3349851697241455 0.3915591877258928
H 5.329915763081328 2.5725708999448442 0.2300054479631974
C 6.9931868628730465 3.080581139162178 1.4094840620187774
H 6.806170196791053 3.7681886813859733 2.2735409108289586
H 6.8420650724502785 2.0542892040344114 1.7866703396492474
H 8.012925823648771 3.236773195938917 1.0218295193111977
22
-23.705230712890625
H 1.8082147110058933 6.4282755477622135 1.308895826966783
C 1.6539747376558323 5.3609218534554195 1.4585289405369548
H 0.6916680588109232 5.1164350050456715 1.0638288268614258
H 1.6779744345145984 5.175296988308789 2.4856835296317428
C 2.7533383016526476 4.595809438110921 0.8070788921976597
O 3.235700836482642 3.6130677212992923 1.3122943008799566
N 3.1838781835161027 4.98945024066682 -0.38899705048645494
H 2.678285944209813 5.828845211268739 -0.6942983825845112
C 4.417010250972766 4.65420173243475 -1.0511034131207186
H 4.242695117356229 3.664829327314472 -1.5313368170481714
C 4.712327568980427 5.655781806978632 -2.146918619188135
H 4.738626561839828 6.688196070983709 -1.8217861070029606
H 5.691340075338781 5.37279820951396 -2.516734225192561
H 4.00169711717766 5.516666256535382 -2.908653210392501
C 5.561171451147153 4.545889129627359 -0.04288495631340688
O 5.982873928814318 5.6065663079654495 0.4701691972590095
N 5.9517644695784195 3.3334406402308487 0.39250733743561667
H 5.337803177676058 2.5722772398053384 0.22476518776902044
C 7.0001132478674855 3.0752462306229056 1.3989470091930547
H 6.803763077214127 3.7561252235995553 2.2616598987612218
H 6.849499706029998 2.0836447275388803 1.7845247798513748
H 8.022346188588044 3.216654848026723 1.064441838206929
22
-26.78289794921875
H 1.8891017218809805 6.4244336433897224 1.3549005226343285
C 1.614268819060614 5.408856605104267 1.4220273536368266
H 0.7216340855891128 5.206083699594376 0.8948400079032741
H 1.5140051377102126 5.103422788499295 2.441098817741163
C 2.7238718697975823 4.575767150761477 0.7549150134363257
O 3.2642858750854216 3.652789373411156 1.3851584567124418
N 3.16366521537564 5.038294304409777 -0.3995724416150528
H 2.6354477652566195 5.654261559100918 -0.9853394143280892
C 4.4083901475673075 4.572829169291984 -1.0321141963207279
H 4.322516071259991 3.568337856925017 -1.5373012328065692
C 4.7018207857644185 5.64145397636389 -2.113818920312427
H 4.71390942202616 6.586315765635012 -1.6087133312699817
H 5.668944500073126 5.471933207355429 -2.603159154885271
H 3.9431713337308834 5.662471121708858 -2.862324633492715
C 5.574461430639522 4.55091664172646 0.009544571769402318
O 5.929537424186226 5.565595124310988 0.5622498564406337
N 5.983051711748958 3.3333254394146317 0.3775513439678352
H 5.376516069683758 2.5542948951564965 0.08720128263204502
C 7.02817602311824 3.0426555451748296 1.3749670763957345
H 6.904625583336497 3.7561492623227215 2.1984530248817538
H 6.935594487827381 2.0435450368619987 1.7316914486026853
H 8.00255402639772 3.198717924824637 0.9100544757691882
22
-23.039520263671875
H 1.880845547432677 6.417719854587929 1.3724775227234813
C 1.6133259149409063 5.4141293041748675 1.4126892763952612
H 0.7159764793067225 5.217079949451524 0.8758934876541808
H 1.489032548220703 5.080608581564967 2.4530219157214495
C 2.7205119663097452 4.574882935416381 0.7540073412451559
O 3.2643770476044054 3.658073121130867 1.3937010826689238
N 3.1605046555790195 5.042077631993046 -0.40613824932066267
H 2.6169244109816185 5.638450229227409 -0.9779206258899735
C 4.408940016612211 4.568408694702972 -1.031410336791045
H 4.330114254521799 3.5547793501462817 -1.50720793561809
C 4.70243887092907 5.637170285154611 -2.1078877783170586
H 4.721063688875456 6.578060457739424 -1.575646323476716
H 5.660939749317525 5.493144721648657 -2.626071839050395
H 3.9229120656225187 5.673366335960073 -2.8783042277137034
C 5.574476156360286 4.546536123559716 0.014590214487534867
O 5.925633467862561 5.562727792749226 0.5744800414673396
N 5.988031117422099 3.3338203624992357 0.3739417234966539
H 5.388536434682884 2.5449247345931796 0.0694599397784863
C 7.031031935311367 3.0408187262884563 1.3782481258771953
H 6.933362091017048 3.739204846970038 2.181921362774525
H 6.94259359131241 2.0284785788429325 1.7194517447238389
H 7.974827057456363 3.2082047374785216 0.8531727091947393
22
-23.64404296875
H 1.87834690523673 6.443477257836734 1.3901180207561268
C 1.6134261112673305 5.415139743152709 1.403853676275353
H 0.6956209211557711 5.229223194476557 0.8494184302917125
H 1.4662412655621373 5.061074897605127 2.458482947988509
C 2.7170532564161847 4.5749268134184256 0.7553539571838452
O 3.2633441689746157 3.6641262025827026 1.4013021048119914
N 3.15873136539024 5.042687632648041 -0.41294938918321566
H 2.584513269056279 5.637990436315169 -0.9697214631778729
C 4.410422351385046 4.564600434098257 -1.0314480262561139
H 4.335194303270179 3.566155492993505 -1.4651296550384838
C 4.703161177143364 5.631874094437196 -2.102403181864644
H 4.731669446838115 6.583219188023484 -1.5475097277916572
H 5.647843404963964 5.509843765917014 -2.6396239641575066
H 3.9037342261443064 5.681506895269779 -2.8889334794840464
C 5.572772235366992 4.540471454538761 0.017819393803240283
O 5.9225098123297 5.561125086121217 0.5871971186684372
N 5.992383032033294 3.3323456165503478 0.37076057736236934
H 5.415757141826517 2.5516582181886798 0.05959455264013563
C 7.033476583623992 3.039941365341232 1.3780557532293634
H 6.962941829566969 3.7307767860963024 2.18184946138087
H 6.9499130237319795 2.0006883065930525 1.7141820510361596
H 7.951132745550503 3.214780487773718 0.8053795352769546
22
-18.76239013671875
H 1.8793961086681301 6.486183560402542 1.4076174422056291
C 1.6131911056760961 5.412612410040345 1.396294381049057
H 0.6743613162555191 5.2448246461170855 0.8225498390225315
H 1.4480852374574817 5.049612746244395 2.4431217314849354
C 2.7140574570376854 4.5760345450007485 0.7582600426067104
O 3.2611310327001113 3.670953802866414 1.407988246129894
N 3.1576468599658902 5.0401697675662405 -0.41937549575592065
H 2.546777962033608 5.648025676896548 -0.9602495221350604
C 4.412706065339547 4.562801448292967 -1.0313154065264225
H 4.335803482240573 3.5843514807391132 -1.4233588632718366
C 4.702739364396685 5.627077943765746 -2.097985390146948
H 4.745320099105168 6.590278972267088 -1.53232752485842
H 5.633421378959484 5.519461444415581 -2.643585910783745
H 3.8975884104628684 5.685649666678891 -2.8811327956265287
C 5.569593172083343 4.533512958136113 0.019550056788530546
O 5.9199805209041125 5.560416581581399 0.6001668321380091
N 5.996802717862182 3.329638635374905 0.36881923154650936
H 5.4476911999603175 2.561906490834176 0.052090363496765574
C 7.035419129391123 3.0384732348722303 1.3735902615273128
H 6.991975962700751 3.734915452100233 2.200924969277531
H 6.959649445016489 1.9760354088333965 1.7112004489765242
H 7.933527239195981 3.216891376630613 0.7727133749686621
22
-13.097869873046875
H 1.8787869533523025 6.517274347997947 1.4240467930050351
C 1.6115111152123907 5.4091240722436655 1.3895290561042162
H 0.6667586562062287 5.264955576346279 0.8031271724649268
H 1.4349030099431501 5.045333353518382 2.4082325942098883
C 2.712174252143992 4.5782273073804785 0.7617902073802922
O 3.2577856639879226 3.678445681753309 1.413879772557687
N 3.155897089798729 5.035263554860435 -0.4251369584050806
H 2.5194434979512312 5.656809581271066 -0.9439969517640905
C 4.41557043474149 4.564451835456305 -1.0300334090849852
H 4.330150111145798 3.5889773216531395 -1.3940131335602595
C 4.700855363388508 5.624056192218094 -2.0942950603746104
H 4.760665142188084 6.588971897916127 -1.5352428505434201
H 5.623388830440529 5.519530711306222 -2.6404044355940846
H 3.905023367926786 5.68525202498181 -2.8541695209932483
C 5.565443161867768 4.526812111487506 0.02043840098645619
O 5.917770601400569 5.559965568165719 0.6129966249232217
N 6.002009246759358 3.3267278686163655 0.3687257928889194
H 5.472370761676876 2.560069436350658 0.03985844161026452
C 7.036762156975276 3.0358256895523077 1.3659575056268194
H 7.019838474315167 3.7432924628493054 2.2269537434429587
H 6.972966145926844 1.969933910201811 1.7054952403275403
H 7.924382410983175 3.2141286184127282 0.7569047520738459
22
-17.71405029296875
H 1.8727605169242423 6.515044230502185 1.4382148951264015
C 1.6082090514774385 5.4072486146229455 1.3823467589148413
H 0.6783542790333503 5.288562014348667 0.7939967718220697
H 1.4242474130561968 5.042776379454661 2.3688313219771864
C 2.711815794331447 4.581567868372181 0.765086644853517
O 3.253461351626446 3.6864019784683193 1.4191130782650885
N 3.152467198154192 5.0285652863678845 -0.4297806615146935
H 2.5138151790706753 5.6567093624043245 -0.9195297064810832
C 4.418597680080632 4.569716648195328 -1.027192584986298
H 4.3177780244652375 3.5725722398865214 -1.3823657487025134
C 4.698372936150088 5.623091806113829 -2.0905632590458674
H 4.776094216075998 6.578886657072984 -1.554562725996067
H 5.6216204226291655 5.508130440723544 -2.6326908666215685
H 3.9150637354759765 5.681189985088189 -2.8193836850399183
C 5.560985280298159 4.521735423672233 0.021368800083372913
O 5.915581790469927 5.558995827585514 0.6252203590860503
N 6.007836013603707 3.32385208223406 0.370347643484762
H 5.486810313443945 2.5423150394379155 0.020673663667300043
C 7.037801612925421 3.0329446428049582 1.3572904437618538
H 7.045388760204819 3.7414825175315336 2.240260904729265
H 6.98887203175528 1.9843289721005477 1.6957709602937374
H 7.926518074084877 3.2071525750652405 0.7560116997639483
22
-24.62286376953125
H 1.8628958502980542 6.4797251746237405 1.4495008443289434
C 1.604021855402304 5.40786353261263 1.3739608073639946
H 0.7011901074225635 5.3124303272120805 0.789874309056648
H 1.412244373209369 5.035627635156357 2.3423583544458473
C 2.713068919098446 4.586161846084913 0.7675180673618315
O 3.2483278005016167 3.69460599973716 1.4238312450075084
N 3.1474379689695127 5.019942074371374 -0.4324139223633039
H 2.527330607337317 5.6524893719294935 -0.8945128104714848
C 4.42118097153563 4.577081221757928 -1.0230236514555555
H 4.300409816199718 3.5462414513856992 -1.3858405028252163
C 4.696766826845603 5.623454788393175 -2.0863311957892394
H 4.790545191181257 6.569867245175809 -1.5824487615096905
H 5.627831838466514 5.484456629620321 -2.6219189402131415
H 3.913273715219705 5.675216755360916 -2.792343477085622
C 5.55692061279062 4.519413200854383 0.023251831577047764
O 5.913162064567255 5.556863592142238 0.6364212456850594
N 6.013257863830227 3.320312607139271 0.37282544203470375
H 5.497721332596754 2.5189681110932356 -0.0012549022213134142
C 7.039381262480905 3.0313078958476813 1.3490234022165406
H 7.0663005621169726 3.7224997797472485 2.2297777765787274
H 7.0046966288142745 2.006701154603027 1.6849267944077873
H 7.940958448033916 3.1969440682003523 0.7668700588634101
22
-27.3602294921875
H 1.8557106751950925 6.433627918965369 1.4587262820629223
C 1.5998886822316292 5.4097102351919215 1.3646284950308585
H 0.7197320791773434 5.333050887981824 0.780432884355801
H 1.39588658270818 5.020455915053073 2.337603381080581
C 2.7157214159327947 4.592026496065031 0.7688350670758861
O 3.24254162009429 3.7028700610173315 1.4281580663096123
N 3.14167495090071 5.008918500053673 -0.43224104125469787
H 2.5485121905958885 5.656513786231172 -0.8803525482864274
C 4.422700138752794 4.584174883894677 -1.0180298644708305
H 4.281863565775477 3.531312361407659 -1.3972523524474176
C 4.697098892270387 5.623995042231273 -2.0819816709696113
H 4.80391618982607 6.574894882044311 -1.6091408986162081
H 5.63746162385934 5.449476829422226 -2.6084126781670065
H 3.8930508987400376 5.668576084213665 -2.7820385385928526
C 5.553824429426241 4.520314954071518 0.02681795444866809
O 5.910368493850795 5.553228656038315 0.646340460269062
N 6.016931036305097 3.3151407540870808 0.37492363658969885
H 5.515879237821018 2.5068758575513685 -0.01802216746185584
C 7.0426541610546645 3.0314906357119833 1.3410733524902412
H 7.07956709065857 3.6940002784158055 2.2023538618762943
H 7.0175361049468705 2.0203753812765344 1.6770053637802036
H 7.965696463493984 3.1841621087852854 0.7861778011084574
22
-32.81561279296875
H 1.8584502651531336 6.405903019648158 1.4681632122148478
C 1.596076348336215 5.410284409653351 1.3556826960964317
H 0.7225700944091098 5.348912221141998 0.7573476677351432
H 1.3757849674698739 5.0003345878099115 2.3465593568345944
C 2.719263986892634 4.599059994771218 0.7692332333189689
O 3.236282099344758 3.711010073970964 1.4321929544011833
N 3.1359838555172015 4.995577183476461 -0.42935484430611903
H 2.5694259738079572 5.675685878677914 -0.8818902963610736
C 4.422730114712375 4.589184197699339 -1.0125674856301161
H 4.267050356950053 3.5445604946726843 -1.4094920353660443
C 4.699316216739853 5.6240759776163305 -2.0785139035574085
H 4.816266210704313 6.598513957665917 -1.6291088007848424
H 5.643938169347309 5.406064069817536 -2.592358822737206
H 3.861769982645737 5.661161841510057 -2.785094182897257
C 5.551897596497588 4.5240327418225075 0.03235505657388136
O 5.90719774068018 5.548128948283911 0.654966115972177
N 6.018299736649837 3.308384141514036 0.3758926905804133
H 5.544003447728874 2.5117240173771056 -0.02692620373316842
C 7.048549853685926 3.0326259017695048 1.3324162238550317
H 7.083216567820164 3.671998571200213 2.1763276119178934
H 7.025400804692088 2.016920839613207 1.6741438844981298
H 7.996538509916227 3.1697836488233433 0.8108580536044573
22
-38.715118408203125
H 1.8748880941833845 6.4129586609933735 1.479826383962409
C 1.5919022844573392 5.407802955860323 1.3484922043870395
H 0.7104705516764602 5.360188330402527 0.720451731102466
H 1.355115449054055 4.9819732456005985 2.3518399250924706
C 2.723035194862317 4.607083649174641 0.7691782849981623
O 3.229764266103566 3.7187973990944645 1.436080931516111
N 3.13065656994207 4.980969658406824 -0.42488598948911416
H 2.591338584865011 5.704587751023932 -0.8932325287148203
C 4.421153454142922 4.591922276628432 -1.0065612662532597
H 4.2592714549197295 3.585162914476088 -1.4203206377831976
C 4.7023221169237726 5.624082248912917 -2.076860373112005
H 4.8269693872768915 6.6313193348848145 -1.6437443844328279
H 5.643083457894415 5.358314831430963 -2.5751588387583917
H 3.8366500320772534 5.652415467383842 -2.789552330363518
C 5.550961204242622 4.529337294890365 0.03967259150000266
O 5.903773064595126 5.541959652414787 0.6625421500736492
N 6.017917269591516 3.301551522633055 0.3758186142788371
H 5.57329324885372 2.521468398660037 -0.03444822476909355
C 7.057574243093615 3.033052427317142 1.3225085888291512
H 7.076622714853745 3.6682337950864454 2.1662610629838377
H 7.0272523456650315 2.0010171081509363 1.6751103844628192
H 8.028722725982874 3.1554919742261385 0.8377468660937093
22
-21.823577880859375
H 1.713581558779197 6.467604084505378 1.6829224144673836
C 1.4441281326316404 5.433378913771411 1.2892013026824911
H 0.743617408401988 5.543458098378488 0.41719413751678447
H 0.9415949044517258 4.8651769619426215 2.0661447053248727
C 2.674929172287565 4.6609342033180905 0.8175043284515005
O 3.148956598037793 3.7505403637708437 1.534234745485394
N 3.101705890681879 4.989780743163496 -0.3834650843236697
H 2.5917456198617517 5.618972303895303 -0.9359843745970455
C 4.435799105456706 4.560025763771015 -0.9680122257536203
H 4.289504185186285 3.5715198258287866 -1.3501022584185132
C 4.7690984569786 5.579224715977578 -2.100694508623229
H 4.93713983460358 6.551033655778383 -1.5804638240539925
H 5.703564987218579 5.303689612799776 -2.619605947880337
H 3.914359724322549 5.7000808542123185 -2.7747549700551053
C 5.508771799321787 4.501914532979814 0.17058476013313012
O 5.880943865726214 5.4883461300297975 0.7682337290964938
N 6.1048307371038835 3.2839337178286905 0.3143722362905569
H 5.710052976515997 2.4751343454063828 -0.1732309115402973
C 7.14952216988525 2.9966092159728985 1.2506575593215616
H 7.20891456703196 3.6855667469804088 2.12421200495007
H 7.178545695807435 1.93923487932024 1.5639721042176302
H 8.052957402337599 3.1719436634094116 0.6824727651506608
22
-21.68121337890625
H 1.7192147923425218 6.467634223010181 1.695565484009978
C 1.4282887028569904 5.43578994655335 1.286311491003268
H 0.7394194736298096 5.556902863708552 0.41386804603463634
H 0.9356664909229073 4.856187737770869 2.0435024399152195
C 2.6658836660500773 4.6623377860611805 0.8191809555565864
O 3.143876354178485 3.7499716990200693 1.5410309944951104
N 3.1085224964292983 4.997838197946918 -0.37950571734288446
H 2.57651886831634 5.604895752507863 -0.9531651900301665
C 4.434864195199804 4.5514400793854906 -0.9653140722237352
H 4.259845050250524 3.5855134386400023 -1.3634721551008355
C 4.7747122685385435 5.577933105681528 -2.097632904408392
H 4.925894551615104 6.526563937961676 -1.5975977816046543
H 5.704135017562074 5.28569975694957 -2.613454857761011
H 3.9392260490377002 5.69477157889624 -2.7612109264173164
C 5.510114830167422 4.496305200997831 0.17367542341478334
O 5.880381040263417 5.487681138813516 0.7746809197818605
N 6.108875928241169 3.284591380697113 0.31099302109560845
H 5.72723297957817 2.4845373440166663 -0.17040392685792
C 7.157691223229862 2.995113948595691 1.2467662236968666
H 7.200883434157303 3.700796534689448 2.126535783434994
H 7.1717417166882225 1.935156509382892 1.534788546346676
H 8.062576506153448 3.166480030378641 0.6682737198627458
22
-32.564971923828125
H 1.7214669471759423 6.332652647040776 1.6968930601690202
C 1.3781985399610894 5.445786429246242 1.2689257045665583
H 0.7197732299315639 5.619696078400812 0.44158186114524955
H 0.8721987660045885 4.8090786917675565 2.009353699594984
C 2.6277796292333027 4.661992959491264 0.8408193773264933
O 3.113035371061667 3.7635034361153212 1.5529451040104054
N 3.1507751006738105 5.021473460238748 -0.3687644103099927
H 2.5419122900307025 5.557308149716192 -0.9538100730092546
C 4.412957290833469 4.544097955630554 -0.9407105575302499
H 4.202028719446902 3.568976918880705 -1.4505540877747864
C 4.7984755854062175 5.551856446297179 -2.0641075607022743
H 4.941267509078787 6.5803304022938525 -1.6431551278009158
H 5.679257625976141 5.206112812467325 -2.587605741376817
H 3.983197364919266 5.6398452821190865 -2.820746505741945
C 5.518091143541221 4.458536387216466 0.16383020409912544
O 5.8779726544556645 5.4887137765496785 0.8009022512266148
N 6.116192925689829 3.292829729901775 0.30559751910036126
H 5.731558775516627 2.515553196486584 -0.2372466174238859
C 7.208141496822162 2.9967937478317253 1.2251307710962562
H 7.1232384209572785 3.651884657165376 2.0647982581843403
H 7.112490070302705 1.9399410279249263 1.4929459584188665
H 8.148338766561768 3.14831309702087 0.6963999411051874
22
-34.49945068359375
H 1.7341085751854621 6.356722661216918 1.7241898614198385
C 1.3691386895384423 5.438477278002675 1.2653507470046397
H 0.6909122625282771 5.643902078146365 0.4202832011511906
H 0.8521554252471244 4.814928961041758 1.9987106357890305
C 2.6211255042345494 4.66197199129895 0.8438912331595025
O 3.102522908996672 3.7702012465106574 1.5529996922885578
N 3.1587375526770884 5.0255724571409885 -0.36291216502018436
H 2.554647591784331 5.542955500944295 -0.9377597247346228
C 4.405220553578744 4.544407226334036 -0.9346975876857039
H 4.21260092244614 3.588538627176227 -1.4466782025160139
C 4.800988083855129 5.544415647158831 -2.0536794665174023
H 4.957747273036662 6.589754448237517 -1.6523309230906378
H 5.688786032162655 5.182262004326713 -2.5823891979949485
H 4.006752603555087 5.612605539906877 -2.8276459927111377
C 5.521030361947005 4.4542951947787675 0.15975667529563128
O 5.87606635264282 5.48609711213114 0.805206886850291
N 6.117720536486174 3.293034424286586 0.30487145359636053
H 5.729615292652245 2.5233610892718255 -0.2599635305889918
C 7.22111318620227 2.995895970381448 1.2135336227053013
H 7.105710311652329 3.650813603062011 2.085213380157204
H 7.102000714257796 1.941531887776006 1.506209854550501
H 8.177551053385523 3.147642567660045 0.7207583027288473
22
-31.597808837890625
H 1.7400110641187312 6.381903263765185 1.7511764550667472
C 1.3610501941057254 5.429995752294912 1.2618203979640585
H 0.6686064078793679 5.666438056409563 0.40392190473030337
H 0.83081122186295 4.826076079993099 1.9867133468161902
C 2.6160303411608927 4.662676312906299 0.8444657091886707
O 3.091285490237512 3.7775144107135055 1.5524556756395769
N 3.165128034496187 5.027770075965022 -0.3533001621788676
H 2.5584005654711097 5.547780429855028 -0.9377334191027167
C 4.398334597943094 4.545318701384002 -0.9289236616400814
H 4.229230310888468 3.6114120422047598 -1.4309387305706918
C 4.802929099539842 5.538843093782302 -2.0438987030682756
H 4.972872739677477 6.569340667639847 -1.6671234156732422
H 5.698762105169321 5.160292235778424 -2.5694021002267493
H 4.037830157145973 5.581990535281007 -2.8215111122281264
C 5.524416849274063 4.454495458451879 0.15653362059012313
O 5.87327841434743 5.4813140880423905 0.8078863697122729
N 6.11912536314807 3.290816774478596 0.30265880412148366
H 5.738976145690847 2.5445873154862566 -0.2691412697665699
C 7.232418964439503 2.9944240020681385 1.2021783065350058
H 7.094893762088087 3.645895766741529 2.1061161192270186
H 7.098388612504736 1.9494398748057193 1.5232479115266861
H 8.209756938735621 3.149697204421363 0.7434955089570988
