22
13.486114501953125
H 0.9942386643197237 4.4180502366547385 1.691970022183986 25.0266357421875 17.653492736816407 25.07624206542969
C 1.9975722904403068 4.782016601139807 1.9631496072868437 -84.31257324218751 3.480061721801758 -213.7752197265625
H 2.3090480391594297 4.371843271353832 2.8360912901186714 59.04725952148438 -83.58760986328126 188.89699707031252
H 2.0103808722832297 5.855544530451376 2.012841360728986 -17.601344299316406 38.88356018066406 27.0786865234375
C 2.926100306767971 4.332949893829825 0.8657288147104771 -33.91748046875 -199.14798583984376 18.691508483886718
O 3.1893964193586366 3.167427238479483 0.6426123242030628 -16.428240966796874 -37.18931579589844 44.10107421875
N 3.4241414385173057 5.250603047768941 0.148718636060909 93.25863037109376 357.76933593750005 -30.66475524902344
H 3.171496682342654 6.15084664733855 0.5597681117195366 47.63922729492188 -9.725639343261719 -93.99183959960938
C 4.310086768715793 5.203132450276099 -1.0537228910982384 3.713197708129883 72.97327880859375 -32.39194030761719
H 3.817512943888776 4.491551976356813 -1.6441799102071588 -31.5410888671875 -89.70588378906251 -88.12744750976563
C 4.282441410906751 6.529867441788588 -1.881198904821808 -71.23649291992187 -275.893017578125 39.25145263671875
H 4.995947942155059 7.206688584732433 -1.4809950279666293 28.40894775390625 86.41912841796875 21.991241455078125
H 4.528416026332045 6.193386951206611 -2.8870912427191215 31.39435729980469 51.99464721679688 -17.687994384765627
H 3.248967109563634 6.821063362892432 -1.9059342998532833 -25.302085876464844 83.06806030273438 6.475337219238281
C 5.7598447390113225 4.681899445791854 -0.8996386823882861 -30.336819458007813 -53.89447631835938 107.99503173828126
O 6.597405658160138 4.647743115362813 -1.8212790548506583 -78.42789306640626 50.96688537597657 32.95319519042969
N 6.0245201540488225 4.255921366583618 0.34997074477245294 112.9725341796875 -95.88625488281251 -12.01487503051758
H 5.212738569138745 3.9004085512015 0.9010124964613044 104.00406494140626 55.59759521484375 -31.427047729492188
C 7.452932005622762 4.065318676937202 0.7956020461287305 -66.84895629882813 -144.3308837890625 -133.39598388671877
H 7.600616423294961 4.707685024793957 1.6170838171774125 46.563272094726564 62.848175048828125 78.46571044921876
H 7.743777728078233 3.0023634261801755 1.0843083369865611 -78.85911865234375 116.45107421875001 -33.757745361328126
H 8.108469045490715 4.344017623434936 -0.07113504864582268 -17.216021728515624 -8.744210815429687 96.25838623046876
22
11.08251953125
H 0.9931112959401324 4.418275651244849 1.6931461867659707 41.720742797851564 20.945059204101565 31.481991577148438
C 2.0032797403468856 4.783143431495429 1.9631804026300559 -97.25576782226562 17.502122497558595 -187.07290039062502
H 2.325837956888497 4.377250449335948 2.844996323826014 49.696258544921875 -75.27948608398438 165.12819824218752
H 2.01141020554251 5.866228680041211 2.016633732309598 -15.745274353027344 11.588988494873048 21.536607360839845
C 2.9269349700627916 4.3331195296812295 0.8645149451838263 -36.598855590820314 -205.40578613281252 26.384268188476565
O 3.1907121085101764 3.166386862798309 0.6425615609141049 -16.646525573730468 -32.332269287109376 43.67595520019532
N 3.4206655493110634 5.2511376164050825 0.14981930095232482 106.10572509765626 368.86376953125 -41.92102966308594
H 3.1709500333243246 6.156017834959421 0.5564203923501883 46.04939575195313 -18.314978027343752 -92.17067871093751
C 4.306586413702159 5.2004957569299295 -1.0530331212804849 -2.0726781845092774 68.4048583984375 -45.54061584472657
H 3.800648215365431 4.483793826623431 -1.6391439828121432 -16.451971435546877 -75.976318359375 -80.55989379882813
C 4.27728528082015 6.530454300942637 -1.8814303535296544 -66.01678466796875 -278.350244140625 27.867181396484376
H 5.001149240715534 7.207683641681459 -1.4855813709214507 13.323786926269532 78.62761840820313 20.332380676269533
H 4.534939398224803 6.192790804439037 -2.8907713908357353 21.38166198730469 55.35889282226563 -1.6726852416992188
H 3.235668401807554 6.817809483034836 -1.9083451581137387 -6.019250106811524 80.98651733398438 6.088238906860352
C 5.7625797674798305 4.682429421772095 -0.9018385264640023 -51.04512634277344 -55.911376953125 127.30318603515626
O 6.599796218801961 4.654179699784627 -1.822472944061081 -73.4361572265625 49.6873046875 30.721255493164065
N 6.024451569631305 4.2550005332971885 0.35156787778871906 109.06947021484376 -101.57395629882814 -23.676028442382815
H 5.213284799289712 3.890409968272479 0.9029767031237805 108.92946777343751 61.359631347656254 -39.17237243652344
C 7.452069962779958 4.059989746878094 0.7940841516753899 -57.966424560546876 -129.04114990234376 -97.06917724609376
H 7.593569841665193 4.704073822723268 1.6265885600147136 44.5462890625 49.10847473144531 57.7307373046875
H 7.745456635894237 2.998854962612362 1.0938525123043648 -82.64089355468751 118.86484375 -40.797509765625
H 8.113555637600072 4.342611550226075 -0.06559855783244949 -18.9270751953125 -9.112529754638672 91.40290527343751
22
7.1473388671875
H 0.9932819491037242 4.4191641315022965 1.695190553843795 53.53949584960938 22.456422424316408 36.003350830078126
C 2.008745358802681 4.784233570981251 1.962790617614441 -100.80567016601563 28.02115173339844 -144.89591064453126
H 2.3438304814250155 4.380829454094264 2.8579153110646622 35.48307800292969 -61.67698364257813 128.74061279296876
H 2.0120204799355133 5.87699415857557 2.0208579063237404 -13.48846435546875 -16.19531707763672 15.368318176269533
C 2.9277343919064025 4.332890845118281 0.8633108650394788 -38.79089965820313 -206.314208984375 32.88734741210938
O 3.192023172986076 3.1652750726709398 0.6426375843774657 -16.581146240234375 -28.97945556640625 42.86383666992188
N 3.417313271921156 5.25224617624656 0.1508511716915909 120.254736328125 370.530517578125 -55.91288452148438
H 3.171683674369824 6.160678399155747 0.5508595186570909 41.97127380371094 -21.01650085449219 -86.45888671875001
C 4.3030101356790365 5.197970940238092 -1.0524046696574831 -10.283064270019532 57.676263427734376 -61.427484130859376
H 3.78349821625818 4.474473106972148 -1.6357065994184428 1.3056751251220704 -57.87915649414063 -69.37461547851562
C 4.272066074626271 6.530523622308375 -1.8815672901185343 -58.52215576171875 -272.73020019531253 17.318711853027345
H 5.006695692906905 7.2105139757024705 -1.4898635390351886 -4.987544250488281 66.67019042968751 16.98976745605469
H 4.541631160744184 6.193322444605952 -2.8947386713638905 10.96256332397461 57.99225463867188 14.455433654785157
H 3.22227451602316 6.816357538689106 -1.911087487778615 14.938220214843751 77.12576904296876 5.827872848510743
C 5.765202304052596 4.682671878960861 -0.903911797977927 -72.11619873046875 -57.23112182617188 145.94749755859377
O 6.601938711108966 4.6605225026724355 -1.823611492074034 -68.17246704101562 48.25502624511719 28.679229736328125
N 6.024448495610737 4.253792668587789 0.3531579262854262 113.38653564453125 -103.16640625000001 -40.813134765625
H 5.2165652212949425 3.881575019806106 0.9039141708983767 105.12059326171875 63.5046630859375 -41.23280334472656
C 7.451121842667044 4.054308698676796 0.7923208053785419 -54.102758789062506 -101.46609497070312 -51.84715576171875
H 7.587680170782409 4.701565118269226 1.6377429742124403 41.262353515625 30.89271240234375 31.232421875
H 7.745269788566618 2.9983083323379107 1.1021727774957257 -83.3646240234375 111.53941650390625 -45.05194091796875
H 8.117909401677895 4.340809945922939 -0.05750621922102511 -17.009539794921874 -8.008937072753907 80.70042114257814
22
3.069091796875
H 0.9951535032795716 4.420611385183761 1.6983244305777059 59.32452392578125 21.96924285888672 38.37572021484375
C 2.013864988301926 4.785363863402967 1.9621099848796766 -94.45183715820313 35.268899536132814 -90.99135742187501
H 2.362583388520743 4.383088931452315 2.8736715592473687 17.46153564453125 -44.449649047851565 83.24210815429689
H 2.0123295529235454 5.887343163203635 2.025306997268358 -11.011461639404297 -42.80715637207032 8.844474792480469
C 2.9285347341404067 4.332346491229855 0.8621777391368779 -40.68846740722657 -202.154150390625 38.35580749511719
O 3.193387419924951 3.164166990923485 0.6428549189726329 -16.289561462402343 -27.049932861328127 41.742068481445315
N 3.4142115767805192 5.253902339555729 0.1518460491957891 135.62392578125 362.58090820312503 -72.83734741210938
H 3.1738286265331084 6.16468544823141 0.5429628307304866 35.3380615234375 -17.338743591308596 -76.71700439453126
C 4.2993893523797215 5.195620824527723 -1.0518636100359642 -19.968006896972657 41.33689880371094 -79.03408203125001
H 3.766428658645083 4.46408795475408 -1.6338663622302159 21.060418701171876 -36.43866882324219 -55.264129638671875
C 4.266728912730369 6.5300153258246985 -1.8816432364882718 -48.855603027343754 -259.052392578125 9.127613067626953
H 5.011765570002459 7.215204016051243 -1.493919748868333 -25.381123352050782 51.15907897949219 12.528660583496094
H 4.548457827388868 6.1950391929219695 -2.898324274490007 0.5102226257324219 59.41398315429688 28.867340087890625
H 3.209217847271856 6.816570766470455 -1.9135200784520077 36.0947265625 71.66036987304688 5.318416976928711
C 5.7677795479876535 4.682689549914945 -0.9057559321576978 -93.85449829101563 -57.504608154296875 163.0796630859375
O 6.6038738071972 4.66684260084832 -1.8246332514970458 -62.637841796875 46.63988037109375 26.926943969726565
N 6.024471779868881 4.252447130235918 0.354731613439759 125.6455078125 -101.07778320312501 -62.22501831054688
H 5.222317360471509 3.8738980109832677 0.9038867195015565 93.33344116210938 62.16542358398438 -38.163919067382814
C 7.450099241635724 4.0483648094194935 0.790436694643537 -56.129406738281254 -63.625439453125004 -1.4322130203247072
H 7.582491680489147 4.699764014923893 1.649683180287171 37.367437744140624 10.118247985839844 1.5349987983703615
H 7.742921008721772 3.0006475969098023 1.1092142651717025 -80.87556152343751 94.70586547851563 -46.17296142578125
H 8.121560910132718 4.338667582490576 -0.047003515264810655 -11.616432189941406 -5.520267486572266 64.8942138671875
22
0.27264404296875
H 0.9990188947421929 4.422852823227741 1.7026247132299477 58.47395629882813 19.220690917968753 38.511938476562506
C 2.0187025406486994 4.78664984028044 1.961263418644381 -78.7441162109375 38.901406860351564 -28.223745727539065
H 2.381607241003011 4.384204609519217 2.8914285184967325 -3.4695571899414066 -24.68505096435547 31.258984375
H 2.0120393543170607 5.896863605339413 2.029760342124411 -8.120845794677734 -66.72044677734375 2.262370491027832
C 2.9292955403619403 4.331466310929983 0.8611709655059798 -41.98896789550781 -192.5053466796875 42.48805236816406
O 3.1948460696675527 3.1631009771708984 0.6431364845125036 -15.854060363769532 -26.6767822265625 40.47632446289063
N 3.4113743554844707 5.256102628392902 0.15279439761951144 151.16212158203126 347.4066162109375 -91.16588745117188
H 3.176792791981249 6.168645130395801 0.5330043103483764 27.081710815429688 -9.791102600097657 -64.29139404296875
C 4.295706582760483 5.193386238252398 -1.0514417711024633 -30.434228515625 21.407507324218752 -97.29925537109375
H 3.7497109107211286 4.452790046412067 -1.63290577760238 41.899450683593756 -12.907485961914062 -39.58388061523438
C 4.261393307994744 6.5290660938084955 -1.8818075112694277 -36.66731567382813 -238.82265625000002 4.637258911132813
H 5.016438428377832 7.221236450887517 -1.4981948105584681 -46.8377685546875 33.131002807617186 7.6298667907714846
H 4.555237806511353 6.198341848934667 -2.9011171972889302 -9.456449127197265 58.975866699218756 39.88298034667969
H 3.197360031243381 6.818505925647416 -1.915540970516999 55.409759521484375 65.20819091796875 4.486148834228516
C 5.7702095286719715 4.68270113171487 -0.9073260298542339 -114.39542236328126 -57.448785400390626 178.44376220703126
O 6.605758547647507 4.673179455286082 -1.825512618617994 -57.688348388671876 45.04237365722656 25.914199829101562
N 6.024714197005895 4.250955216156747 0.3562955836710923 143.126220703125 -95.13494262695313 -87.70463256835939
H 5.230106291659993 3.8672648475777938 0.9027781910628828 75.1530029296875 57.6202392578125 -30.536102294921875
C 7.448991246610045 4.042295258356558 0.7885449242046518 -62.109735107421876 -19.352937316894533 50.53479614257813
H 7.577902427309498 4.6985696163888395 1.6614768903094874 33.2472900390625 -11.61881790161133 -29.064114379882813
H 7.738480301525694 3.0051223692932694 1.1151262342260173 -75.7705810546875 70.75867919921875 -44.39356384277344
H 8.125064193555982 4.336020976876405 -0.03460585514253824 -4.016116333007813 -2.008233642578125 45.735894775390626
22
-0.51568603515625
H 1.0044941926931072 4.425762172235233 1.7083448958816672 52.063140869140625 14.578408813476564 36.72491149902344
C 2.023335325723551 4.787952674966702 1.960435537371088 -56.405609130859375 39.32393493652344 37.66936340332031
H 2.400300257801924 4.384805910678965 2.9097038279414895 -25.386412048339846 -4.523898315429688 -22.381823730468753
H 2.011488803561007 5.904881999472268 2.034023287384188 -4.97923583984375 -86.37300415039063 -4.043785476684571
C 2.9299091080443955 4.330169761974767 0.8601638317372675 -42.59757995605469 -177.5640380859375 45.34720153808594
O 3.1962572219195473 3.161958831715542 0.6434315506805433 -15.289654541015626 -27.754635620117188 38.96763610839844
N 3.4088423409721216 5.25879203815141 0.15354479649832325 165.93851318359376 324.72514648437505 -109.5517578125
H 3.180627629613273 6.172281684422311 0.5215584330641234 17.556822204589846 1.630746841430664 -49.838354492187506
C 4.2919157200405404 5.191198932467857 -1.051112890913592 -40.07180480957032 0.008962419629096986 -115.30379638671876
H 3.7342262426034494 4.44115090677312 -1.632486795030027 62.059747314453126 10.704039001464844 -23.85178680419922
C 4.256001046730198 6.527593724854517 -1.8820744807981817 -21.510142517089847 -213.68010253906252 3.278691101074219
H 5.020161141833884 7.227713683667888 -1.5022564884945289 -67.97854003906251 13.99440155029297 2.7830770492553714
H 4.56202776534333 6.203219795508037 -2.9030990068017553 -18.698451232910156 56.690948486328125 47.556826782226565
H 3.1873693245977015 6.82222097376144 -1.9175527710451203 71.06098022460938 58.06897583007813 3.4790908813476564
C 5.7723486411660065 4.6826573983455075 -0.9086235622493678 -132.91202392578126 -56.931591796875004 191.12652587890625
O 6.607584981015217 4.679513986043336 -1.8262945413721705 -53.86041870117188 43.49190979003907 25.951129150390628
N 6.0251500183573095 4.249262089118603 0.3576569971806695 166.0556396484375 -85.118505859375 -116.24986572265625
H 5.240107720195027 3.86157448875573 0.9004381665568574 50.20899353027344 49.63962097167969 -18.22859802246094
C 7.447722406894586 4.036218396587494 0.786745405210128 -70.93405151367188 27.76661071777344 99.44916992187501
H 7.574383463924575 4.696829071680277 1.6724299253806834 28.959216308593753 -31.81038818359375 -57.67625122070313
H 7.731905362888268 3.0112856047124748 1.1198847936404563 -68.42271728515625 41.01920776367188 -40.05037536621094
H 8.128292843817704 4.332980205481941 -0.021029999747202103 5.143590545654297 2.113222885131836 24.842770385742188
