22
14.149139404296875
H 0.7543932562338203 3.915833245022544 -0.9442085801287161 -10.197303009033204 142.265966796875 133.06162109375
C 1.0384792115955646 4.765216389422707 -0.21717434199333793 18.299476623535156 -209.632080078125 -112.50413818359375
H 0.29311160911166845 5.024989495454019 0.5558324632378993 30.046929931640626 -28.75306396484375 -26.060025024414063
H 1.3175259304716935 5.6045553589119415 -0.7951136617320071 -37.53345642089844 96.65501708984375 -47.47239685058594
C 2.359623829017963 4.33694656279215 0.3654222100003419 -37.727508544921875 -3.3090347290039066 221.5186279296875
O 2.4696968066517213 4.149205672411885 1.5951786704423476 -7.364583587646485 14.860769653320313 -122.00269775390626
N 3.358574649167785 4.2238491436148315 -0.4848681985531564 -2.1170824050903323 126.91156005859375 14.581072998046876
H 3.151867190367356 4.383504557650453 -1.440374642716809 -3.4454341888427735 13.688279724121095 -52.575250244140626
C 4.749009477998494 4.097496333435734 -0.12167811469459305 149.66717529296875 -76.67557983398437 -61.00870971679688
H 4.843858808917823 3.747563291520546 0.8935971727023062 -18.326496887207032 10.428598785400391 47.72548217773438
C 5.148517430374922 2.887994912385334 -0.9700287208936853 94.5663818359375 15.957923889160156 67.7445068359375
H 5.043052068300733 3.0503696318020217 -2.027532975807864 -38.76311340332032 2.9984827041625977 -43.29263000488282
H 6.146435436986629 2.520184206267226 -0.7968328873402215 49.294140625000004 39.63930053710938 15.365951538085938
H 4.596869539127308 2.095898370727877 -0.5490650887681429 -91.11456909179688 -104.68912353515626 -33.137890625000004
C 5.782580683445817 5.279712569970934 -0.26678398038050555 166.2670654296875 -252.88884277343752 58.67666015625
O 5.46122049167753 6.4092493382855364 -0.4647170523419658 -86.88562622070313 154.45546875000002 -37.820901489257814
N 7.111954960640374 4.914365960689487 -0.12649894805879702 -321.822021484375 52.543450927734376 -42.15045166015625
H 7.269330130215826 3.920243417910174 -0.11118806829513839 47.098077392578126 5.665465545654297 23.464654541015626
C 8.199711055166361 5.84489085713291 -0.22565254450860872 278.6123046875 -99.96367797851563 81.63524169921875
H 8.128347701211812 6.51474244572789 -1.063589116514469 -37.93236389160156 43.130618286132815 -24.472239685058597
H 8.436441447459423 6.356566336410263 0.7405395759814165 -60.047436523437504 -13.817085266113281 -67.79140625000001
H 9.114541967634558 5.212498184630908 -0.41376198220184124 -80.574560546875 70.52758178710938 6.514915466308594
22
11.044921875
H 0.7599582023311999 3.9156270064889704 -0.9437109036888089 -19.184667968750002 129.59930419921875 118.10574951171876
C 1.0372419647089126 4.761502616798133 -0.22147086964169205 29.234890747070313 -203.1839599609375 -83.21951293945312
H 0.29703453570782123 5.0267586779525235 0.5517764897367788 23.48180389404297 -34.26485595703125 -22.2307861328125
H 1.3084507749281216 5.606608445081697 -0.7848150161597505 -29.525357055664063 103.71036376953126 -60.177423095703126
C 2.3596794429087153 4.33278648037504 0.3637946837217734 -52.69913940429688 7.452606964111329 214.11452636718752
O 2.470546980275952 4.149168289677434 1.594366189945156 -7.089588928222657 12.757655334472657 -123.47530517578126
N 3.356472709997394 4.225240814877643 -0.4871911039346728 35.72344665527344 125.15809326171876 -3.561195755004883
H 3.169425935929432 4.381566874747234 -1.4516216638824835 -17.73097839355469 13.230169677734375 -34.06254272460938
C 4.750986244871313 4.101741186256592 -0.12287644513740877 134.506494140625 -93.82877197265626 -52.112030029296875
H 4.847038375585846 3.7541016966783736 0.8944469776845758 -20.0545654296875 10.272453308105469 43.83454895019531
C 5.149665418077285 2.889228094910013 -0.9695161202273 77.96121215820312 4.408765029907227 68.797607421875
H 5.058329909727476 3.0515125781829253 -2.027331585449719 -45.9503173828125 5.6579345703125 -45.47715759277344
H 6.145126547470433 2.5185580515563344 -0.8084129361238545 56.63262939453125 36.82946472167969 26.545730590820312
H 4.586745699154016 2.0960436508899627 -0.5477609434461378 -77.96504516601563 -91.12206420898438 -41.39501037597657
C 5.78350485073051 5.277489813118628 -0.2653020864519233 160.4935302734375 -242.0496826171875 52.55829467773438
O 5.461318212175417 6.407605005801278 -0.4662939118572534 -82.3364013671875 149.68321533203127 -35.64843444824219
N 7.110528232068868 4.90943476591063 -0.12529724529266853 -295.4776611328125 123.41915283203126 -41.04261169433594
H 7.282039699313727 3.932977328483984 -0.12250017305350865 44.29591979980469 -50.32378234863282 25.479249572753908
C 8.198467598414512 5.848407144302351 -0.22535427279455456 252.1295166015625 -84.73698120117189 55.495520019531256
H 8.112016814932353 6.5232454394362644 -1.0694420948203185 -31.253277587890626 26.522256469726564 -5.080617141723633
H 8.4391829457766 6.364618047528941 0.7340913220199551 -62.75770874023438 -12.161921691894532 -58.373712158203126
H 9.114939709779511 5.224922597263397 -0.4104091822746736 -72.43472290039062 62.9705810546875 0.925107479095459
22
8.075042724609375
H 0.7651345790874792 3.918599341047173 -0.9401400642927529 -30.423986816406252 107.15814208984375 94.69725952148438
C 1.0360839705512834 4.757324929001662 -0.2259636292308636 44.96321716308594 -179.96695556640626 -50.68492431640625
H 0.3015838705910294 5.027551428387888 0.5472011014075764 15.596231079101564 -39.221691894531254 -17.005776977539064
H 1.2989153579358494 5.611114187420715 -0.7760297594634741 -23.27380828857422 103.41433105468751 -68.16698608398438
C 2.3596063568725802 4.3286146210177066 0.3625104700337425 -66.01572265625 18.024746704101563 202.42840576171875
O 2.4714738163303163 4.149196786835188 1.5934067997378765 -6.915706634521484 10.429661560058594 -122.71318359375
N 3.3543167600335675 4.226819339621464 -0.4896553279021654 72.88025512695313 124.00892333984376 -23.761407470703126
H 3.1862526746156683 4.37991673810635 -1.4636070346658012 -31.451727294921877 12.226164245605469 -12.138846588134767
C 4.753222277594751 4.10589101986304 -0.1242716262910702 117.3736572265625 -111.5909912109375 -39.75970458984375
H 4.849567026905941 3.7613671857249775 0.8965022571217631 -21.55695953369141 10.462647247314454 36.98484802246094
C 5.1509315794655635 2.8904954144216664 -0.9688168632342354 59.481152343750004 -11.507382202148438 65.98183593750001
H 5.072835840911648 3.0529354196563823 -2.028559416287591 -51.988763427734376 7.8140106201171875 -42.55426025390625
H 6.144965300441304 2.5177763188779565 -0.8195454800580861 61.651013183593754 34.102673339843754 37.03697814941406
H 4.574977354946918 2.0944913500784397 -0.5474668178234089 -61.289685058593754 -73.40509643554688 -50.664337158203125
C 5.7846752753868085 5.274753789353847 -0.2637235868912215 149.96337890625 -225.474951171875 44.78384094238282
O 5.461237515168551 6.406130291859889 -0.4678831051142112 -76.58551635742188 141.41951904296874 -32.777593994140624
N 7.1085236084620895 4.904745319860507 -0.12416427463345217 -261.7265625 187.475341796875 -38.180670166015624
H 7.295915282267562 3.945034006200807 -0.13317818315859214 40.12424926757813 -100.79521484375 26.2862060546875
C 8.1976997463393 5.85171913945111 -0.22490157649183234 214.7764404296875 -66.33139038085938 24.428755187988283
H 8.095159566132782 6.532143281465377 -1.0753048200041064 -23.384597778320312 8.590350341796876 15.841148376464844
H 8.440559529540659 6.3724334175379935 0.7260824371373609 -63.828442382812504 -8.343955993652344 -44.50330505371094
H 9.11373730884365 5.238700895110333 -0.40682256827009816 -58.36810913085938 51.51112670898438 -5.5582931518554695
22
6.01055908203125
H 0.7696269657672208 3.9240509336592977 -0.93400721846716 -43.1443359375 76.8572998046875 64.57682495117187
C 1.0351438417169159 4.752670663716973 -0.2306241500357688 64.21113891601563 -142.26318359375 -16.265487670898438
H 0.30679972721155646 5.027379848612204 0.5419964119897529 6.421849822998047 -43.52958374023438 -10.276691436767578
H 1.2887216628987992 5.617833769683477 -0.7687995793807478 -18.465826416015627 96.05092163085938 -71.89464111328125
C 2.3594453318681206 4.3244503288559955 0.3617060623208542 -77.07528686523438 28.344589233398438 185.85906982421875
O 2.47247119381236 4.149306261489631 1.5923835450536354 -6.817833709716798 7.874652099609375 -119.449755859375
N 3.3522448720423554 4.228622995756927 -0.4922140362725217 108.24478759765626 123.05938720703125 -42.9332763671875
H 3.2020466768740534 4.378400548263581 -1.4755486335166588 -44.63063049316406 11.077770233154297 10.669944763183594
C 4.755605092316259 4.109923911656768 -0.12567025994619488 99.46149902343751 -129.037060546875 -26.123379516601563
H 4.851579865597111 3.769496844348119 0.8994449512243066 -22.893743896484377 10.511116027832031 28.546868896484376
C 5.152258295733453 2.891738404090161 -0.9679796709428714 40.0649658203125 -31.389273071289065 60.81821899414063
H 5.0862019145187345 3.054176871430258 -2.0308217055572535 -56.94598388671875 9.779357147216798 -35.87969055175781
H 6.14602862667595 2.5177337831055353 -0.8298470343888567 63.86187744140625 31.661529541015625 46.512384033203126
H 4.561728870165895 2.0913729253865645 -0.5484394007119532 -41.49132995605469 -52.1845947265625 -60.39426879882813
C 5.786145738772083 5.27170859476505 -0.2621085060086525 134.5180419921875 -204.8372802734375 35.700704956054686
O 5.461009996129013 6.404856500691368 -0.4694714769718969 -69.76027221679688 130.4865478515625 -29.329446411132814
N 7.1059973062390664 4.900282116501467 -0.12318562317050682 -220.28701171875002 239.7487548828125 -34.02169494628907
H 7.310809717831315 3.9549089663659136 -0.14353448377705808 33.733026123046876 -140.5191162109375 26.19679870605469
C 8.197364008793679 5.854797437535934 -0.22442285580523197 167.714697265625 -44.50295104980469 -10.205548095703126
H 8.077931736007399 6.541537267239851 -1.081170449104098 -14.371479797363282 -10.755098724365235 38.144403076171876
H 8.44056968801581 6.3802962302624975 0.7168366505243485 -63.525115966796875 -3.1121902465820312 -27.545376586914063
H 9.111006028893492 5.25360533883577 -0.40335358664576537 -38.82305603027344 36.67842407226563 -12.705964660644533
22
5.500335693359375
H 0.7727161510647524 3.93167703034911 -0.9262443239907049 -56.41054077148438 40.94160766601563 30.093655395507813
C 1.0343904833695101 4.747738305605004 -0.23537333934448257 85.5377197265625 -92.80376586914063 18.0968017578125
H 0.31231562111846234 5.026076057407377 0.5364399651022083 -3.353618621826172 -46.959658813476565 -2.584738922119141
H 1.277944454502573 5.626492619163848 -0.7635540763711814 -15.057345581054689 81.90557861328125 -71.30732421875
C 2.3592304918377045 4.320256313208517 0.36130711323936515 -86.06731567382813 38.39147033691406 164.57088623046877
O 2.473507158170873 4.149371325761182 1.5912059664751075 -6.707395172119141 5.094859313964844 -113.6527587890625
N 3.350341352001367 4.230621308631855 -0.49488011154109146 141.58256835937502 122.0548095703125 -60.09501342773438
H 3.216812495209316 4.376944833991437 -1.4871707642285292 -57.3143310546875 9.981089782714845 33.23601379394531
C 4.758165573663527 4.113726446847547 -0.12712211653299368 80.94390258789063 -146.08928222656252 -10.97388916015625
H 4.853157395345068 3.778116408442878 0.9030857847703222 -24.093544006347656 10.512970733642579 18.675209045410156
C 5.153717590933252 2.8928370281786266 -0.9669410966070606 20.935565185546878 -53.12572021484375 52.62679443359375
H 5.098609621681408 3.055510563394954 -2.0337693501855405 -60.88936767578125 11.403543853759766 -26.20208740234375
H 6.148064624700991 2.517887802588578 -0.8390898627675863 63.770458984375004 29.623272705078126 55.00301513671875
H 4.547682704812686 2.0872319309455243 -0.5510812195661688 -20.219351196289065 -29.454922485351563 -69.51207885742188
C 5.787883499406003 5.26835986997522 -0.2603438239794511 114.85697021484376 -179.50075683593752 25.234625244140627
O 5.460721323786001 6.403869827493579 -0.47112910309970896 -62.023291015625006 116.48555908203126 -25.21660614013672
N 7.103069080634636 4.896252629624137 -0.1221333800238343 -172.19366455078125 276.8741943359375 -29.229861450195315
H 7.326284776219211 3.9619770106090058 -0.15360053538133212 24.85822906494141 -166.88724365234376 25.667630004882813
C 8.197249882391917 5.857810138165012 -0.22397742793108952 114.52326660156251 -22.431446838378907 -45.12178649902344
H 8.060498238490572 6.5506728393930045 -1.086237317786139 -4.737722396850586 -29.233831787109377 59.06516723632813
H 8.439094346202337 6.3882023038125 0.7066406072892248 -62.036834716796875 3.491803741455078 -8.245030212402344
H 9.107486578749363 5.26967095754202 -0.4001112672129176 -15.904350280761719 19.725875854492188 -20.128616333007812
22
6.7711181640625
H 0.7743887068608315 3.940328676364019 -0.917765940619537 -69.53052978515625 2.686143302917481 -6.062755203247071
C 1.0338571466993731 4.742586491596014 -0.2401733011418047 107.44620361328126 -34.798229980468754 50.203662109375
H 0.31807035036596765 5.0238695426650395 0.5307261062131461 -13.345954895019531 -49.66795043945313 5.630654907226563
H 1.2670516001033607 5.637039564587556 -0.7599014061105468 -12.949551391601563 61.22869873046875 -66.87590942382813
C 2.3588117500348007 4.31599088914939 0.36124228102761224 -92.08821411132813 47.92406311035157 139.4878662109375
O 2.47446120402016 4.149374713508854 1.5898658920400521 -6.73009033203125 2.1287281036376955 -105.60406494140625
N 3.34870469834585 4.232762282662563 -0.49749510572095124 171.68840332031252 121.22982177734376 -75.73775024414063
H 3.2305940158826143 4.375687568891167 -1.4983194703891598 -69.35154418945312 8.89784164428711 55.532769775390626
C 4.760821545364345 4.117363588614847 -0.1286892526572918 62.39027709960938 -163.69342041015625 6.540158843994141
H 4.854437479840634 3.7870375251307515 0.9074661103155273 -25.26197509765625 10.69355697631836 6.846218872070313
C 5.155237008458196 2.8938083137378108 -0.9658511826756594 4.2529346466064455 -75.5962890625 42.1549072265625
H 5.109538702859616 3.0571968182919385 -2.037264083301793 -63.737060546875 12.50748291015625 -14.240324401855469
H 6.15160610419875 2.518564005504415 -0.8470376377458932 60.02173461914063 28.3115478515625 61.98309326171875
H 4.533325065818994 2.0823977615943368 -0.5555017498528807 1.7339344024658203 -6.272402572631837 -77.46226196289064
C 5.7898036357132385 5.264633920108343 -0.2584203860929988 91.85855712890626 -148.7751708984375 13.239526367187501
O 5.460361331990504 6.403089955908184 -0.47285378927248534 -53.543737792968756 99.502001953125 -20.430085754394533
N 7.099857922884775 4.892796136460048 -0.12113707100053475 -117.9089111328125 295.3157958984375 -24.304072570800784
H 7.342181503992508 3.9654115089163184 -0.16337950001596147 12.718286132812501 -176.83441162109375 25.27227020263672
C 8.197328012009816 5.860823070279796 -0.22363359608668848 58.231396484375004 -2.240383529663086 -76.42606811523437
H 8.043326480355253 6.558940384106494 -1.0898538767335155 5.001912307739258 -45.030276489257815 76.34742431640625
H 8.436433694144647 6.3963233658659195 0.6961807931987772 -59.860937500000006 10.541312408447267 11.448036193847656
H 9.103422752331594 5.286148881259561 -0.3971840029697468 8.964857482910157 1.941533088684082 -27.543280029296877
22
9.676666259765625
H 0.7746509708404624 3.949216480340983 -0.9092306418857339 -81.83051147460938 -35.193109130859376 -41.5344482421875
C 1.0334765547911084 4.73744723091253 -0.24481935136925315 129.60616455078124 27.34432067871094 77.50563354492188
H 0.32386236303618643 5.020232449213482 0.5248758089160405 -23.80800476074219 -51.218115234375006 14.89276580810547
H 1.255849711743744 5.649156185755845 -0.7576839371578565 -11.84906463623047 35.16341857910157 -59.15108642578125
C 2.3583654701063446 4.311825920625653 0.3614301594789123 -96.14962158203126 57.023101806640625 111.689990234375
O 2.475396879507101 4.149355317860659 1.588370578711174 -6.650228881835938 -0.9650818824768067 -95.77586059570314
N 3.3472981838913434 4.235178931636548 -0.500173247730482 198.4578369140625 119.95753173828126 -86.89833984375001
H 3.242748951511139 4.37480374161929 -1.5082514521801749 -80.44192504882812 8.183772277832032 74.64151000976562
C 4.763430917836244 4.12070555232907 -0.1302868227338478 44.76921081542969 -180.36400146484377 24.162646484375003
H 4.855671736520164 3.7963753338944493 0.9120998741731712 -26.56839294433594 10.494612121582032 -5.360293579101563
C 5.156766131965353 2.894597350259227 -0.9647188328798596 -9.908049774169923 -96.86205444335938 29.759283447265627
H 5.119320992966153 3.059414631019311 -2.040941563239184 -65.76381225585938 13.059637451171875 -1.0796515464782714
H 6.1561912481714 2.5199928865157735 -0.8537675967808089 53.935791015625 27.25269470214844 67.69882202148438
H 4.519292886159509 2.0772720730753362 -0.5616983292290265 23.12966003417969 15.88517303466797 -83.69857788085938
C 5.791961149302489 5.260602302302441 -0.25655305498218683 65.28626098632813 -114.04600830078125 0.2661306381225586
O 5.459950003716956 6.402466390120143 -0.47468771869635684 -44.41043395996094 80.15673217773438 -15.165870666503906
N 7.096414576326472 4.889862333068686 -0.1201775150191673 -57.392266845703126 294.7947509765625 -20.172320556640628
H 7.358411987000613 3.9649427208494203 -0.17254838409076242 -3.2603679656982423 -169.998388671875 25.593238830566406
C 8.197525636365551 5.863775076707402 -0.2233935847230817 3.476632308959961 13.790585327148438 -100.81441040039063
H 8.026774089563027 6.566147979933765 -1.0910295292686814 14.061822509765626 -56.73600463867188 87.90912475585938
H 8.432323653040017 6.404869922318843 0.6862011733005174 -57.28792114257813 16.9467041015625 29.738613891601563
H 9.099962835342911 5.302499235598514 -0.3950203505604924 32.59720153808594 -14.670251464843751 -34.20689697265625
22
13.556427001953125
H 0.7729915797779513 3.9572703085762866 -0.9018043514421024 -91.99791870117188 -69.11674194335937 -73.16280517578126
C 1.0333450126907726 4.7324533254493435 -0.2493954028631283 148.56529541015627 89.21722412109375 99.14314575195313
H 0.32906792509489624 5.015305480075018 0.519377452950382 -32.97299499511719 -51.94489135742188 23.416868591308596
H 1.244809400474709 5.662241104698018 -0.7570123259760226 -11.508675384521485 5.087892532348633 -48.77885437011719
C 2.3578658250421913 4.307812467890548 0.361801839596281 -98.09151611328126 65.33343505859375 81.71632690429688
O 2.476185665843892 4.149186314351655 1.5866975687438782 -6.463267517089844 -4.056335830688477 -84.44467163085938
N 3.346093785304331 4.237763905542761 -0.5029460041637146 221.8800048828125 117.781982421875 -90.02982177734376
H 3.2527561369779723 4.373966114598131 -1.5160243549672623 -90.37477416992188 8.283866119384767 87.00097045898438
C 4.766061532304051 4.123685792374937 -0.13189942936490293 27.20460205078125 -195.81051025390627 41.50162963867188
H 4.856474891977605 3.8060520608968518 0.9169263400531891 -27.679074096679688 9.875809478759766 -17.70740661621094
C 5.158339292234916 2.8951651194782424 -0.9635503788361819 -19.932762145996094 -115.3170166015625 14.249198913574219
H 5.127532669282089 3.06220242949331 -2.044973989169231 -66.75401611328125 12.879135131835938 13.774444580078125
H 6.161922918054854 2.5221561713863156 -0.859136754361423 45.358523559570315 26.527578735351565 71.940673828125
H 4.506399216679958 2.072191417065199 -0.5699298133092581 42.48610229492188 35.53074951171875 -87.36326904296875
C 5.794288055300539 5.256379252952344 -0.2546822621033624 36.03185119628906 -76.37633666992188 -13.381335449218751
O 5.459471765395536 6.401981017565291 -0.47652335259414064 -34.883129882812504 59.106091308593754 -9.532582855224609
N 7.092773456669484 4.887416903573473 -0.1191778553266115 8.528607177734376 275.47897949218753 -17.47882537841797
H 7.3745328370150585 3.9603632325171008 -0.18125036637623435 -23.25964813232422 -146.42253417968752 27.1023193359375
C 8.19764225898875 5.866693145632109 -0.22334407249422952 -46.108166503906254 23.40165252685547 -116.9120361328125
H 8.010985045153644 6.571765287389852 -1.0896744172200883 21.87195281982422 -63.2556640625 92.74159545898438
H 8.42692008304968 6.413471046735559 0.6769870664959633 -54.581781005859376 22.68392028808594 46.033807373046876
H 9.097842901438927 5.318472412432355 -0.3935997777799367 52.680798339843754 -28.88827819824219 -39.8293701171875
22
17.966888427734375
H 0.7694783113499802 3.9637774367521397 -0.8956272353634377 -99.70008544921876 -97.64539184570313 -99.69904174804688
C 1.0335172608465468 4.727578767635966 -0.25379330212478507 161.77286376953126 147.0833740234375 115.72867431640626
H 0.33334122804235394 5.009416629297769 0.5144963630196271 -39.89028015136719 -52.235040283203126 30.364251708984376
H 1.2336942687275183 5.67518394019617 -0.7575378209514865 -11.135668945312501 -26.298406982421877 -37.252294921875
C 2.3572153791434296 4.303918785960825 0.36222445909422024 -96.31695556640625 72.7437255859375 50.93123474121094
O 2.4769817038791015 4.149032153286391 1.5849410624993063 -6.512390899658204 -7.076042175292969 -72.64286499023437
N 3.3452933349346097 4.240511987593572 -0.5058601355462975 240.41118164062502 114.87507324218751 -83.76671142578125
H 3.260672659105428 4.373378559395745 -1.5213336351042848 -98.85975952148438 9.233366394042969 91.28363647460938
C 4.768739875198412 4.1263356587998175 -0.13348397956569336 9.725823211669923 -210.04296875 56.85841674804688
H 4.856548480262685 3.816008247636542 0.9213838875145602 -28.278106689453125 8.5384765625 -28.628396606445314
C 5.159853658758363 2.895418473841267 -0.9623643435461566 -24.36826629638672 -129.1294677734375 -2.4639015197753906
H 5.134769233235322 3.0656111729509106 -2.0486431969805445 -67.04295043945312 12.13572463989258 28.18238525390625
H 6.168512948783342 2.52459194401957 -0.863002261996702 34.367288208007814 26.055081176757813 74.86317749023438
H 4.494624073152529 2.068088778829182 -0.5800701560416186 58.574456787109376 50.867651367187506 -88.20131835937501
C 5.796745119712651 5.251974837795522 -0.2528086147290533 5.140327072143555 -35.73654479980469 -27.56622314453125
O 5.458923518131885 6.401668122881734 -0.478403919486911 -24.98017578125 36.24311218261719 -3.498988723754883
N 7.0890951290758855 4.885412343540253 -0.11818473243286051 78.17144165039063 240.22314453125 -16.407002258300782
H 7.390196696549305 3.952135567580548 -0.18962678879011066 -46.72381286621094 -108.54656982421875 30.05140380859375
C 8.197655492706431 5.869749788863635 -0.2235116474894872 -88.83739624023438 25.430117797851565 -124.877978515625
H 7.9961645472829455 6.575628674272194 -1.0858242493112207 27.89906921386719 -64.12811279296875 90.39863891601563
H 8.420510686382938 6.422583425369602 0.6682593161744701 -51.807812500000004 27.556890869140627 60.459204101562506
H 9.097173704169208 5.333904132376749 -0.3933572880582887 68.39122314453125 -40.14720458984375 -44.11629638671875
22
22.157470703125
H 0.7635844755746318 3.968379997064664 -0.8919187310230023 -103.74892578125001 -118.22305908203126 -118.71334228515626
C 1.033995629448184 4.722915217511247 -0.2579459033130459 167.47319335937502 196.156494140625 125.86697998046876
H 0.3363913834337703 5.002486806479988 0.5103084478290223 -44.187930297851565 -52.090039062500004 35.437600708007814
H 1.2225049830900627 5.687251993845307 -0.7589664952479408 -10.27839813232422 -56.7414794921875 -25.35340270996094
C 2.3565002612912425 4.300088718800359 0.3626722418868438 -91.73800048828126 79.38813476562501 19.876898193359377
O 2.4777236986263977 4.148890997829158 1.5831235790478777 -6.597705078125 -10.064969635009767 -60.5223876953125
N 3.3448445738912884 4.243408214252675 -0.5088872907791678 254.09140625 111.3822509765625 -69.90618286132813
H 3.2660989750280645 4.372931275137065 -1.5246478900245461 -105.35189208984376 10.769791412353516 89.14580078125
C 4.771484766108735 4.128718770528356 -0.13494562985182898 -8.26327133178711 -222.61770019531252 67.820556640625
H 4.855931410416983 3.826409226987011 0.9248321282238426 -28.23782653808594 6.004647827148438 -36.128002929687504
C 5.161268164755745 2.8952938738432406 -0.9611385394260057 -22.345159912109377 -135.43238525390626 -19.793646240234377
H 5.140729517576734 3.069430346404487 -2.051493055777305 -66.49482421875 11.036887359619142 40.890454101562504
H 6.175527773033015 2.527246429433456 -0.8651256741292448 21.89117889404297 25.437226867675783 76.46838989257813
H 4.484377724816336 2.06595761359793 -0.5923770088703664 69.52539672851563 59.47176513671875 -85.35977783203126
C 5.7991178105329055 5.247620850177141 -0.2509352404198586 -24.578533935546876 5.117586898803712 -41.62950744628907
O 5.458324158549534 6.401381380590957 -0.4803054131901336 -15.424575805664062 13.437393188476562 2.56175594329834
N 7.08558054412697 4.883814837186077 -0.11714648564534483 147.55168457031252 193.717529296875 -17.199319458007814
H 7.405059544937687 3.9413266597966414 -0.19747089666164772 -72.40078125000001 -60.87501831054688 34.37829284667969
C 8.197316760112985 5.872879810530103 -0.2239202724264971 -121.40401611328126 21.22638397216797 -123.47945556640626
H 7.982395574014648 6.5779306772871315 -1.0796188416040364 31.715628051757815 -59.692663574218756 81.36073608398438
H 8.413172573963067 6.432217095508323 0.6607938804003853 -49.440100097656256 30.465634155273438 71.1456298828125
H 9.098387932020227 5.348801618726625 -0.39432884039518196 78.24345092773439 -47.874392700195315 -46.86807556152344
22
25.414337158203125
H 0.755398901413411 3.9702580009140203 -0.891192599222142 -103.34033203125 -128.84534912109376 -128.51287841796875
C 1.0347678346947056 4.718564377212969 -0.2618970321537651 164.5854248046875 231.5086181640625 129.65157470703124
H 0.3383730857284189 4.994296090568609 0.5072123489079906 -45.77217407226563 -51.536041259765625 38.1922607421875
H 1.2111318676589689 5.697559635067896 -0.7610108908883629 -8.508331298828125 -83.51041259765626 -14.271484375
C 2.355808490153022 4.296295366678993 0.36313306702630876 -84.72130126953125 85.56694946289063 -11.581558227539062
O 2.4784429906469674 4.148720265702604 1.5812428395607558 -6.663150024414063 -13.033944702148439 -48.11168518066407
N 3.344816578435783 4.246458435511053 -0.5120508644902192 262.3113037109375 107.0560302734375 -47.889642333984376
H 3.268957096989513 4.372416450865543 -1.5258693564522532 -109.73638916015625 12.977001953125 80.00205688476564
C 4.774147171798838 4.130704152126014 -0.13628519821102353 -25.73708190917969 -232.81765136718752 74.62099609375001
H 4.854600836697255 3.837328629934815 0.9273276417723562 -27.689520263671877 2.1754064559936523 -40.28261108398438
C 5.1626066388767935 2.8948996775644553 -0.9599139102742472 -14.615008544921876 -135.15703125000002 -36.92548522949219
H 5.144913183263428 3.0735936845920215 -2.0533939675243342 -64.91080322265626 9.737399291992189 51.388317871093754
H 6.182865700766569 2.5302152570664505 -0.8656347433545342 8.32027816772461 24.646051025390626 76.73359985351563
H 4.47586945633066 2.0656582547084437 -0.6066578112175518 75.43001708984376 61.802734375 -79.21809082031251
C 5.801374888489041 5.243241731752349 -0.24903196461270763 -52.145172119140625 45.77494812011719 -55.450830078125
O 5.457713635876823 6.401033485401531 -0.4821713289682752 -6.326113891601563 -9.17769775390625 8.628800201416016
N 7.082487518094314 4.8825563946359 -0.11611118361422104 212.87651367187502 142.151025390625 -19.48112030029297
H 7.4185162175769035 3.929398978709936 -0.2047107319381379 -98.06983032226563 -9.510545349121093 39.674295043945314
C 8.196668011858131 5.876070450707961 -0.22466512692159601 -143.47728271484377 11.48633041381836 -113.46572265625001
H 7.9696382670259265 6.578649313370507 -1.0717089232250152 33.41944885253906 -50.589758300781256 66.624951171875
H 8.404848296787403 6.442458919991248 0.6546054324867523 -47.42431335449219 31.203057861328126 77.76295776367188
H 9.101348282875403 5.362694021227553 -0.39634055766556014 82.19382934570314 -51.907116699218754 -48.08869018554688
22
27.12841796875
H 0.7447424201525653 3.9691727467690407 -0.8936633433585941 -97.76790161132813 -128.4550537109375 -128.27913818359374
C 1.0358547616067093 4.714703118102015 -0.26563935359212215 152.83358154296874 250.24528808593752 126.36588134765626
H 0.33952288038381623 4.985085580215794 0.5049274251084801 -45.2651611328125 -50.381045532226565 39.266552734375004
H 1.1999774237179475 5.705698063285785 -0.7632587680470769 -5.772669982910156 -104.88115234375 -4.839867782592774
C 2.3550558517976383 4.292592127101143 0.3636104522577372 -75.06199340820312 91.22846069335938 -43.290252685546875
O 2.4790686479592576 4.148485633034947 1.579333423685517 -6.747995758056641 -15.95135955810547 -35.608532714843754
N 3.3451260971485217 4.24967342611986 -0.5153790763525679 265.50327148437503 101.73830566406251 -16.917646789550783
H 3.2693794067434148 4.372040012618921 -1.5248577493222804 -112.24769287109376 15.868295288085939 63.227978515625004
C 4.77669299998726 4.132266430310727 -0.13746134850222202 -42.45400390625 -240.810009765625 78.49945678710938
H 4.852644351412804 3.848144140642628 0.9292038819499381 -26.771347045898438 -2.2883419036865233 -42.264590454101565
C 5.163880981174024 2.8942858137326906 -0.9585943889521392 -1.611686134338379 -128.20499267578126 -52.89823608398438
H 5.14776685397916 3.0781474538804563 -2.053840821520308 -62.472424316406254 8.421150207519531 58.479217529296875
H 6.189993189862139 2.5333326261440376 -0.8645491742200467 -5.039113235473633 23.51807556152344 75.92162475585938
H 4.469707755775357 2.0671061904208567 -0.6226212456505525 75.53516235351563 57.6927978515625 -70.04937133789063
C 5.803564828040582 5.238949340655016 -0.24713825825604666 -77.81651611328125 85.39272460937501 -68.68653564453125
O 5.457055358181687 6.400627199599828 -0.48395775561503673 2.3245079040527346 -31.167678833007812 14.594822692871094
N 7.079833966702025 4.881631539765137 -0.11510626625003406 272.00576171875 90.04054565429688 -22.925689697265625
H 7.429607116010884 3.9173173851673653 -0.21127688881665585 -121.66290283203125 41.2838623046875 45.47645568847656
C 8.195726782063382 5.879365732625027 -0.2258115971476769 -154.3025634765625 -3.7986541748046876 -94.24595336914064
H 7.9578799546681065 6.577874723171072 -1.0621418419347648 32.88713073730469 -36.80997924804688 46.24681396484375
H 8.395403731571566 6.453372392493581 0.6499902085067687 -45.72170104980469 29.290084838867188 79.59863891601563
H 9.10622630939544 5.375384041773462 -0.39937228555049475 79.62625732421876 -51.97133178710938 -47.671633911132815
22
33.025604248046875
H 0.625068073536107 3.987403004486958 -0.959056443550804 -24.965138244628907 -173.02818603515627 -135.58155517578126
C 1.0289256781297313 4.654106467751287 -0.31070008287094875 61.09489135742188 118.53974609375001 111.797607421875
H 0.330096593534421 4.665827891167896 0.5051953701290133 -33.781829833984375 46.746002197265625 27.524703979492188
H 1.1010615778516015 5.617611771347083 -0.8513116194147236 3.534859848022461 -28.792581176757814 55.765966796875006
C 2.3643433141867956 4.24685988250513 0.3054443782135068 29.05872802734375 140.17308349609377 77.86630859375
O 2.4876388728861123 4.137068708676306 1.543502173870779 -17.78181610107422 -42.0096923828125 -123.7694091796875
N 3.38901267540288 4.338452560790039 -0.5459961588810547 -145.79193115234375 -20.770697021484377 80.96919555664063
H 3.0172194890383865 4.441016447534283 -1.4775195271798878 135.20809326171874 13.868788146972657 -40.831701660156256
C 4.786323437687765 4.081914109122881 -0.1566177707381343 -73.14390869140625 24.138084411621094 85.43220214843751
H 4.756995620896976 3.9024602024165445 0.9336282362772599 26.793341064453127 -61.757293701171875 -51.31740112304688
C 5.211420928437297 2.8709441597333325 -0.9585180044659303 -117.57656250000001 -63.945507812500004 -41.95156555175782
H 5.113075485574745 3.205165738002436 -1.9984108679967467 95.95413208007812 -26.414492797851565 -3.0057701110839847
H 6.186636367799502 2.5373211048458284 -0.5946428804887234 -2.717585372924805 -26.571331787109376 -52.30055541992188
H 4.450430767577033 2.048315254305662 -0.9385109152676863 68.23154296875 52.47617797851563 56.46734619140625
C 5.794358799407718 5.23893040461783 -0.23725064447553815 154.05965576171877 -97.69607543945312 -50.81747131347657
O 5.4505525700726505 6.36315145365745 -0.520771533894077 -54.239843750000006 88.49686889648439 1.238648796081543
N 7.117822129334792 4.896212990272208 -0.1077162704514609 -238.7271240234375 -88.86951293945313 -46.52810974121094
H 7.240743344721659 3.8568996219905034 -0.14431250437212884 96.65198974609376 158.22401123046876 30.124865722656253
C 8.147640168908271 5.924445996087182 -0.23284740136651477 -111.12893066406251 90.01973266601563 -135.16650390625
H 7.828551788163289 6.637924838711364 -1.045175057090997 34.068914794921874 -69.20850219726563 62.810333251953125
H 8.086837754904847 6.524245194413747 0.648718279216553 55.5658203125 27.777908325195312 66.92606201171876
H 9.123445039194927 5.603543936278816 -0.5228217134967693 59.632727050781256 -61.39652709960938 24.346798706054688
22
35.630157470703125
H 0.6335887537442996 3.986742339501465 -0.962754288041079 -31.48652038574219 -180.73172607421876 -143.1863037109375
C 1.0262035270906553 4.649541491086082 -0.3106374942079328 90.32509765625001 142.57036132812502 95.65565185546876
H 0.33248476323824966 4.656124531773066 0.5038708923041904 -44.119177246093756 47.140087890625004 35.6223388671875
H 1.1035428722126546 5.6188370301074855 -0.8548393220656568 -2.823561668395996 -45.385302734375 66.86080932617188
C 2.3667558800954556 4.246753887898638 0.3004739307098967 7.718985748291016 140.095458984375 106.72984619140625
O 2.4876364374781628 4.1360370950496295 1.541140913893946 -14.955084228515625 -42.22152404785157 -135.64329833984377
N 3.389507396677653 4.343346912978418 -0.5461996989248589 -122.42325439453126 -31.462799072265625 99.80731201171875
H 3.0233554726179412 4.443498462293768 -1.4696024573438928 122.60106201171875 17.782574462890626 -73.60035400390625
C 4.784569902091354 4.077592669470594 -0.15673965719894395 -62.40639038085938 43.28261413574219 84.01394653320312
H 4.755617644468984 3.890255939556628 0.9314445923108239 26.626885986328126 -58.284423828125 -49.06751403808594
C 5.213022722998217 2.870033698910959 -0.9595020646538849 -98.93276977539062 -68.13636474609375 -47.07056579589844
H 5.12460712721804 3.2082448669831685 -2.003351530504588 95.20371704101564 -31.017202758789065 8.976247406005859
H 6.186323478053266 2.526984689679722 -0.5822336043787385 -14.425218200683595 -16.969630432128906 -59.18544311523438
H 4.456520407285895 2.04631860028386 -0.9409395682158976 60.2699462890625 51.10521240234375 53.777557373046875
C 5.793530727109241 5.2413817045615065 -0.2380814888104862 163.78420410156252 -133.5224609375 -42.24020080566407
O 5.4502888960319 6.361116277569815 -0.5225449846970222 -61.29638671875 106.66363525390625 -3.604167938232422
N 7.119715266480102 4.899047131898978 -0.10807070951747598 -255.04375000000002 -136.69739990234376 -46.987500000000004
H 7.243028044692197 3.8476065692494466 -0.13449147949768836 92.84591674804688 200.949560546875 28.508236694335938
C 8.14378350654552 5.927005692383547 -0.2330516504826853 -100.54718017578125 79.46467895507813 -129.10161132812502
H 7.829403365822491 6.634206708419538 -1.0438951247289558 26.360623168945313 -56.180212402343756 52.174084472656254
H 8.07917216000715 6.518447514551506 0.6496249786815002 56.33067626953125 36.501956176757815 73.40726928710937
H 9.11850996647285 5.610807995776117 -0.522581168670067 66.39215698242188 -64.94710083007813 24.153665161132814
22
35.211578369140625
H 0.6412361766502993 3.981638862325382 -0.9696288479913315 -32.27296752929688 -176.92086181640627 -140.12220458984376
C 1.023619420776659 4.645298579419754 -0.3103648718629199 110.8421630859375 150.60888671875 74.27920532226562
H 0.33406979250456736 4.647593896766484 0.5033628506542247 -52.258032226562506 46.750735473632815 41.41280212402344
H 1.1053365978849226 5.618975882286796 -0.856497769735643 -8.435511016845703 -57.136627197265625 74.590283203125
C 2.369228996718893 4.2469560873791234 0.29579407855640255 -15.01663818359375 140.34929199218752 132.774853515625
O 2.4876132720530992 4.135011553382255 1.5385869384329063 -11.766246032714845 -42.40298156738282 -145.33138427734374
N 3.3898272434569177 4.348222238161233 -0.5462705897838094 -95.78064575195313 -41.738275146484376 115.29750976562501
H 3.0322566168824876 4.4455998696399 -1.4634385029968187 108.54854736328126 21.55735321044922 -102.73024902343751
C 4.782756964914038 4.073404690317735 -0.15656526708050023 -51.12154235839844 60.844390869140625 77.73739624023438
H 4.754539488205294 3.8765509120385744 0.9276650814008031 26.082537841796878 -54.59147338867188 -42.423132324218756
C 5.214538685330318 2.8689933052676135 -0.9606561733759298 -76.04852294921875 -68.00734863281251 -50.81380920410157
H 5.138118077232157 3.2100871920701257 -2.0084329649347206 92.79044799804689 -35.047323608398436 20.218923950195315
H 6.185444316254101 2.5159492632805063 -0.5709618192016237 -25.008930969238282 -7.047320556640625 -65.23814086914062
H 4.4642465880079225 2.045529867191121 -0.9418957056310778 48.09508056640625 45.49536743164063 50.30762634277344
C 5.793019919907515 5.243615373503731 -0.23894341610762737 168.94206542968752 -166.67269287109377 -33.99238891601563
O 5.449983361321841 6.359379420641615 -0.5243634588092412 -67.24004516601563 122.2574951171875 -7.910161590576172
N 7.121192098152776 4.901692226048469 -0.1084660687551231 -266.8684326171875 -168.73013916015626 -46.10091552734375
H 7.247126515929859 3.842674771157413 -0.12396546383683221 88.62844848632812 228.6003173828125 25.857110595703126
C 8.139720260189224 5.929773421987003 -0.2335359928596685 -83.53927612304688 64.039599609375 -113.4764892578125
H 7.830443855996747 6.628811676457158 -1.040750738687288 16.96580810546875 -37.98522644042969 35.497570800781254
H 8.07308077395 6.513510357363375 0.6520086166564177 56.332305908203125 42.307550048828126 75.62192993164062
H 9.115126846306643 5.6166178191662395 -0.5216240040249973 68.12938842773438 -66.53074951171875 24.543659973144532
22
31.35650634765625
H 0.6482457612529247 3.9721846981823528 -0.9801804282512039 -27.609228515625002 -161.511572265625 -125.76046142578126
C 1.0212884483892768 4.641289684392687 -0.3099635840761474 122.4784423828125 141.94389648437502 47.43600769042969
H 0.33482719918581755 4.640138817797102 0.503595658146408 -58.09196166992188 45.690966796875 44.66146240234375
H 1.106745527885348 5.617558966270111 -0.8565834874232564 -13.242039489746094 -63.392236328125 78.85028686523438
C 2.3717080083126056 4.247344194768983 0.29145236873719493 -38.816479492187504 140.82581787109376 155.30416259765627
O 2.4875646455447114 4.133821391633806 1.5357457287424912 -8.316590118408204 -42.6016845703125 -152.19735107421874
N 3.3899299274328376 4.353048656444843 -0.5461361489621233 -67.25680541992188 -51.242407226562506 123.684423828125
H 3.043515397316652 4.447700336101508 -1.4598955967876588 94.44900512695312 24.81549530029297 -124.54228515625
C 4.780862259378815 4.0692962273688345 -0.1561733199571703 -39.34370727539063 76.81048583984375 68.93377685546875
H 4.753869236486123 3.861785307350733 0.9229399627947477 25.131460571289065 -50.73412170410157 -33.26842346191406
C 5.215944803000902 2.867784294731004 -0.9619644623838813 -50.28958435058594 -64.19065551757812 -53.52820434570313
H 5.153367118316764 3.211228533764805 -2.0134242153335595 88.86224365234375 -38.71372680664063 30.680508422851563
H 6.18420755489717 2.5045670523222614 -0.5610756171959262 -34.55248107910156 2.902913284301758 -70.36249389648438
H 4.47294445712288 2.0457329022303075 -0.9417347119235199 33.00169677734375 36.578897094726564 46.152355957031254
C 5.792810958126749 5.245456818509747 -0.23981417623323317 169.07821044921877 -196.4137939453125 -26.43770751953125
O 5.449657085669198 6.357847996426416 -0.5262082390922405 -71.97759399414063 134.98187255859375 -11.590997314453126
N 7.122119092572663 4.904030116222061 -0.10892788084996455 -273.7080810546875 -181.63323974609375 -44.24042358398438
H 7.252983734647932 3.842956485600441 -0.11270501837546312 84.24070434570314 237.83803710937502 22.532859802246094
C 8.135419022468051 5.932638474915336 -0.23432695554065672 -61.05147705078125 45.419958496093756 -90.66829223632813
H 7.831789998169496 6.622302547081582 -1.0366657496703844 6.399762725830079 -16.50757293701172 15.00376434326172
H 8.068442282594528 6.509221200802962 0.6558058048424851 55.696624755859375 45.46098937988282 73.68712158203125
H 9.113184543799257 5.621036758712598 -0.5203721447105146 64.91785278320313 -66.3283203125 25.66988525390625
22
27.022064208984375
H 0.9006336402968113 3.6054728402222813 -1.192567460746455 20.12814636230469 159.45327148437502 134.13779296875
C 0.9859419312032407 4.4445310821985835 -0.3941738930885366 154.51134033203127 -242.29658203125 -32.41507263183594
H 0.33778323543852135 4.147236187706968 0.448114027608896 -23.621673583984375 45.78245849609375 -52.8861083984375
H 0.743264515426997 5.3855402731421105 -0.8256060216337519 -4.816194915771485 74.53947143554687 -6.042742919921875
C 2.425040106362008 4.388771175183623 0.23046386913403882 -247.210693359375 -118.89516601562501 -35.147463989257815
O 2.469768903441448 4.001392118227184 1.3861688923450064 64.37380981445312 17.347068786621094 30.865341186523438
N 3.4727518144691683 4.449810597193614 -0.5652933417619616 49.654205322265625 68.7171630859375 -94.40346069335938
H 3.4421425470820655 5.162578311579811 -1.3105431909129053 -15.629013061523438 -84.37484130859376 37.17429809570313
C 4.8268433871305 3.9991445457710215 -0.19732051920861707 66.26298828125 43.618176269531254 -11.83600311279297
H 4.864132298871739 3.811815383897419 0.8488385836607883 -19.35348815917969 -72.03464965820312 68.88193969726562
C 5.3009395325250885 2.7589656728137157 -1.0266862546285433 -33.02087097167969 116.8066162109375 24.318469238281253
H 5.643445060048947 3.2242778563128773 -1.9451005268642034 49.327893066406254 -53.126763916015626 -28.967141723632814
H 6.040770051519502 2.1359760938073546 -0.5058889630164652 11.891026306152344 46.78020324707032 -11.317081451416016
H 4.498440015902723 2.116614203923487 -1.3073043336785226 -73.87301025390626 -29.93362731933594 8.091847991943359
C 5.793071532664845 5.200129249486865 -0.32432317688708 -272.2143798828125 -130.07451171875002 -15.94340057373047
O 5.320274117745335 6.256139079921241 -0.6262054345891908 0.2893502712249756 180.13626708984376 -69.033740234375
N 7.030208913827208 5.0211314149556765 -0.08628133909551415 439.8876953125 153.99638671875002 22.627716064453125
H 7.335608659650297 4.176906518683652 0.31467115285085384 -3.529645538330078 -97.02342529296875 14.768634033203126
C 8.098471158665097 6.0990658135314835 -0.23105781968888106 -143.76279296875 -105.55704345703126 101.51129760742188
H 7.844584217906747 6.659473765635053 -1.093818139610235 -18.66712341308594 76.07268676757813 -59.957165527343754
H 8.037378905531058 6.727137048760095 0.6784254203439453 21.604685974121097 -4.73123893737793 -48.492279052734375
H 9.125803396647399 5.760815004680605 -0.39952049610994245 -22.23225250244141 -45.201916503906254 24.064312744140626
22
26.43939208984375
H 0.9045260013397004 3.600337426918743 -1.1981649621801655 19.95599365234375 165.37918701171876 137.49581298828124
C 0.9879362116740822 4.44215348298596 -0.39910036593447057 140.581201171875 -249.9166015625 -17.77832946777344
H 0.3402846932219299 4.145378018378166 0.44755817369847706 -19.299734497070315 43.85496520996094 -60.878576660156256
H 0.731907015384428 5.383921733733157 -0.8197387122254454 -0.13524391651153564 75.71494750976562 -9.75323486328125
C 2.4230988649026886 4.38857333643139 0.23292060124598998 -223.15712890625002 -111.7612060546875 -69.53649291992188
O 2.4697866116944134 3.9986092642999678 1.3844483722643366 61.79303588867188 13.078726196289063 44.98465270996094
N 3.4744535776634535 4.449639619541461 -0.5663654865996876 28.528811645507815 53.36127319335938 -59.66681518554688
H 3.449534932158895 5.167428473576652 -1.2961780544320045 -19.381768798828126 -65.48369140625 14.91077117919922
C 4.826103089316244 4.001440318266031 -0.20020058370701938 88.92346801757813 14.674543762207032 3.918023681640625
H 4.871830000888275 3.8015529506771726 0.8471540971308642 -25.13050689697266 -62.69791870117188 59.45947265625
C 5.302372857871255 2.758619363319075 -1.0273563887336763 -65.95109252929687 116.4269287109375 14.29798583984375
H 5.6520316146387 3.2254461704678548 -1.9386774889211393 47.96573181152344 -52.77930297851563 -39.511962890625
H 6.033108318311817 2.1289527439411398 -0.5181799702886117 28.071160888671876 40.17259216308594 5.464413833618164
H 4.493601113774518 2.112271204518785 -1.3025264192585877 -61.616082763671876 -17.23009796142578 6.329437637329102
C 5.794639215863829 5.198426789656796 -0.32706512934714377 -295.9755859375 -105.42988281250001 -19.059487915039064
O 5.315428167245536 6.255620679688744 -0.6291112193394827 11.932649993896485 167.54368896484377 -65.88287353515625
N 7.029001701731686 5.025195727577998 -0.08381637749304206 477.44003906250003 102.07785034179688 44.941705322265626
H 7.3491220215270205 4.169854332239276 0.3156298743289069 -25.56026611328125 -56.977166748046876 -4.234707641601562
C 8.09954181717484 6.09916165563921 -0.23045880647315925 -158.8271240234375 -73.83053588867188 74.72490844726563
H 7.8361884211858 6.663912894319393 -1.1010199275144823 -7.502117156982422 59.200616455078126 -36.07523803710938
H 8.039370207410474 6.730128333509646 0.6745176095335048 17.90584411621094 -2.3279109954833985 -43.25592956542969
H 9.13075002497628 5.7735763212977655 -0.3904088983165729 -20.561277770996096 -53.05098876953125 19.1064697265625
22
25.65655517578125
H 0.9085329463433236 3.5990436911228505 -1.2002345258299887 18.875263977050782 159.53323974609376 130.05894775390627
C 0.9901300651544087 4.4391323593854 -0.4039722825572245 126.35904541015626 -237.8765380859375 1.4547197341918947
H 0.3422215097995762 4.144713794398627 0.44533825538626504 -16.357241821289062 40.29149169921875 -65.63636474609375
H 0.7211037256983504 5.383754997904076 -0.8141407684091828 5.7772972106933596 71.34122924804687 -11.510618591308594
C 2.420680854184604 4.388231370513354 0.23529339177065192 -194.85537109375002 -105.720751953125 -102.9111328125
O 2.4698566908372195 3.995738765605632 1.3827740487286548 58.48175659179688 8.964573669433594 58.3743896484375
N 3.476336306888934 4.4496161953732365 -0.5675150511484142 3.6079193115234376 34.14072265625 -21.30844421386719
H 3.4555328795436697 5.170952342282113 -1.281283998892829 -21.78865966796875 -43.08456726074219 -10.11648178100586
C 4.825469857457973 4.0036557424363135 -0.20312735516425307 110.02930908203126 -15.130274963378907 24.97705993652344
H 4.8791757003272975 3.7904156401486926 0.8471896533340312 -30.892996215820315 -51.878570556640625 44.53294677734375
C 5.303728703062084 2.758450058833934 -1.0279605821928517 -99.94526977539063 113.49991455078126 1.16099853515625
H 5.6613379808206155 3.225503499173281 -1.9333334785870657 45.582086181640626 -52.40625610351563 -47.86717224121094
H 6.025942495679932 2.1227883817944555 -0.530416141805025 43.542422485351565 33.03992614746094 22.01722412109375
H 4.487689221139131 2.107184746801958 -1.2979315445766428 -46.26900939941407 -2.305490493774414 5.676728057861329
C 5.795567462994157 5.196499320134892 -0.3298412813016778 -312.8513427734375 -78.5626220703125 -21.753883361816406
O 5.310625063979816 6.25534634910071 -0.6320486694841341 23.046109008789063 153.9554443359375 -62.539074707031254
N 7.028313400567045 5.029337661168722 -0.08125431066329977 508.791015625 45.111785888671875 67.55587158203126
H 7.362521741413399 4.161395058295776 0.31646156554644284 -48.39269714355469 -12.890800476074219 -23.99055633544922
C 8.100321103114204 6.099138216219968 -0.22973010780303393 -173.40384521484376 -39.81303405761719 40.98167114257813
H 7.827811652105813 6.6702096003826385 -1.109134447756452 5.00451889038086 38.93909606933594 -8.301309967041016
H 8.041677450332603 6.73321741555465 0.6691762575869504 13.789009094238281 1.3773790359497071 -34.93928833007813
H 9.134759980129905 5.785206545229769 -0.3806824964233523 -18.129319763183595 -60.5259033203125 14.083763122558594
22
25.360076904296875
H 0.9126908467419886 3.6013177186342338 -1.1992925743088614 17.086158752441406 143.120849609375 112.91553955078126
C 0.992642285104637 4.4355324446781825 -0.40883395557881586 111.39478759765626 -208.43718261718752 24.852290344238284
H 0.3438210148204935 4.1447685363080735 0.4415496534458945 -14.589437866210938 35.39989929199219 -67.55071411132813
H 0.7110392231973532 5.384921352957895 -0.808519391638933 12.735527038574219 62.18308715820313 -11.786956024169923
C 2.4178527516191517 4.387791572638511 0.23738388035763874 -162.76358642578126 -101.12885131835938 -133.49737548828125
O 2.470033656110642 3.992912280826915 1.3811690370445606 54.380651855468756 5.279131698608399 70.23496704101562
N 3.4783775498043585 4.449721715785637 -0.5686506001849221 -24.325938415527347 13.724319458007812 16.95661773681641
H 3.4601740006788755 5.173634227504315 -1.2667939572045974 -22.884239196777344 -19.767880249023438 -35.105767822265626
C 4.824927310441447 4.0057836609084 -0.20604648987240112 129.4380126953125 -45.29405517578125 50.09541625976563
H 4.885729010550713 3.7780888456097688 0.8485783145882174 -36.38255615234375 -39.51219177246094 25.15218505859375
C 5.304976675755584 2.7585473074689033 -1.0285547060006075 -131.92099609375 107.73746337890626 -13.591067504882814
H 5.671795828173356 3.2244690381745618 -1.929135688099708 41.93814392089844 -52.09698486328125 -53.67449951171875
H 6.019683231984418 2.11718966456137 -0.541854275381325 56.58134155273438 26.68646240234375 37.09517211914063
H 4.480943638361184 2.101991387495799 -1.293496974064062 -28.90236511230469 13.78260498046875 5.652865982055665
C 5.795858049748459 5.194537025709133 -0.33268340380391 -322.64775390625005 -50.92168884277344 -23.390403747558594
O 5.305814686469633 6.255328305063202 -0.6349863256498111 33.488189697265625 140.09986572265626 -59.22086791992188
N 7.028165157410373 5.033494409555073 -0.07856232287438963 531.390478515625 -11.262804412841797 87.5695068359375
H 7.37488044079398 4.1527098579472455 0.3164831215713731 -69.73705444335938 30.212936401367188 -42.023477172851564
C 8.100784213878224 6.099073684763732 -0.22905132183557872 -185.588330078125 -6.731343841552735 4.1044155120849615
H 7.819810979090133 6.677322556558409 -1.1175080806520148 17.84469451904297 17.595054626464844 20.336460876464844
H 8.044211311166684 6.7359491797857824 0.6628076536268923 9.341758728027344 6.527069091796875 -24.257098388671878
H 9.138119352457284 5.795434449245285 -0.37036022374979083 -15.877516174316407 -67.19575805664063 9.132791900634766
22
25.84039306640625
H 0.9173497602092867 3.60698728346035 -1.1957092009428258 14.49662322998047 117.36961669921875 87.30947265625001
C 0.9953309761779917 4.43160311108233 -0.41356027384959276 97.16909790039062 -164.503125 50.81630249023438
H 0.34549699388352073 4.1452195396890525 0.4361351801987637 -14.890663146972656 29.34180908203125 -66.04472045898437
H 0.7019036111655299 5.387002794986974 -0.803393168448413 20.389744567871094 49.48900451660157 -10.828023529052736
C 2.4146043457770907 4.387231044881026 0.23915522241656287 -127.52452392578125 -97.85255126953126 -160.4885986328125
O 2.470292170786292 3.990075076646396 1.3796879725643116 49.563211059570314 2.16097469329834 80.14507446289063
N 3.4804689311717585 4.449877729710197 -0.5697151101543669 -54.172723388671876 -6.126234436035157 53.17023315429688
H 3.463650911832057 5.175869742768262 -1.253144961046245 -22.969409179687503 2.7945821762084964 -58.44151000976563
C 4.824525159511765 4.007882381011578 -0.20893276574949327 146.3564208984375 -76.38787841796875 78.37459106445313
H 4.891589198992435 3.7643655145039667 0.8509871772426387 -41.598635864257815 -25.447593688964844 2.1717613220214846
C 5.305988649763796 2.758845108483088 -1.0290632308636478 -158.78074951171877 98.90034790039063 -30.262060546875002
H 5.683272606852762 3.222120627826443 -1.9266190961793668 36.50236511230469 -52.1771728515625 -55.72670288085938
H 6.014982179430969 2.111752181599832 -0.5523531856239399 65.77369384765625 22.439123535156252 49.903237915039064
H 4.473805504664794 2.0966022794795114 -1.2892311011682664 -10.512825012207031 30.427365112304688 6.189932250976563
C 5.795431390755716 5.1925107835554485 -0.33564192755805466 -324.74284667968755 -22.374024963378908 -23.748826599121095
O 5.300999944594125 6.255537637463878 -0.6379186631314062 43.06115417480469 126.0955810546875 -56.04248657226563
N 7.028502418682061 5.0376375481169235 -0.07570805599822708 543.338134765625 -63.957366943359375 103.3229248046875
H 7.385474036244384 4.144558526860839 0.3154392320018402 -87.93621215820313 69.29481201171875 -56.940643310546875
C 8.100823517363818 6.099002239638709 -0.22847459449317198 -193.53143310546875 23.872979736328126 -33.472293090820315
H 7.8126080068242 6.684763202427496 -1.1255747559806584 30.04745788574219 -3.467629623413086 47.8000732421875
H 8.046672307203204 6.738375071787329 0.655594424540688 4.743085479736329 12.892373657226564 -11.778675079345703
H 9.14107045314735 5.804257472171901 -0.3598045122677335 -14.780978393554689 -72.78499755859376 4.570922088623047
