22
1431.0216979980469
H 1.1486446180443068 3.8173476421400263 -1.1477317426441125 3.192311477661133 -812.975341796875 -973.55068359375
C 1.1361200117473285 4.238367711059622 -0.6618768339575161 -120.19576416015626 980.3716796875001 1157.22333984375
H 0.45621884140828245 4.081665063795586 0.049693181822273294 -209.33208007812502 -248.8640869140625 115.5529541015625
H 0.5786723984838436 5.14417679219144 -0.5744786805184978 20.201351928710938 102.4570068359375 -213.811865234375
C 2.236471295300133 4.339344939564086 0.2699437877632571 1476.70390625 -83.8853759765625 -712.041650390625
O 2.4836478698075775 3.82300456747993 1.3188615137198405 -206.47661132812502 -81.77265014648438 164.14077148437502
N 3.5799717675687126 4.438198517033792 -0.562099092736799 -1607.84189453125 108.902880859375 478.725732421875
H 3.456548910534401 5.4497839960163255 -0.7244080869772606 125.49893798828126 -74.6923095703125 -116.10869140625
C 4.826288856904043 4.098041746685455 -0.34246969297818225 761.5235351562501 -1190.837890625 325.86533203125003
H 5.209511109505423 3.1284223657883388 0.3755807885473912 -246.94729003906252 605.021533203125 66.455322265625
C 5.334040153218228 2.7547034243813155 -1.0761309964344048 -262.75070800781253 608.7826660156251 -166.64348144531252
H 6.1809609988489544 2.8882764647648003 -1.687831978317177 -45.075958251953125 65.84028930664063 -234.41945800781252
H 6.031681011564844 2.0968815659506514 -0.892919867990313 220.0211181640625 -195.98782958984376 322.5476318359375
H 4.545718419649603 2.1637120681288624 -0.9342727367682169 -195.31588134765627 -315.475048828125 -194.52032470703125
C 5.688727631616665 5.164589462144996 -0.5133842936735106 645.754296875 786.6393554687501 383.740869140625
O 5.054858308358993 6.263074681399207 -0.8194995835663877 368.15043945312505 -125.16275634765626 -3.0821737289428714
N 7.100462086085626 5.210602734692591 0.09655332821130169 -857.9267578125 -247.41301269531252 -433.52934570312505
H 7.526779362194631 4.339725766238738 0.016737784247019032 16.34600830078125 -143.15617675781252 89.59205322265626
C 8.03264208110329 6.134854927218793 -0.27301155180860714 370.03764648437505 186.09857177734375 421.058984375
H 7.770384770322102 6.6458900525614775 -1.0506615427336432 -37.3466064453125 168.03237304687502 -322.7053466796875
H 8.149649968596995 6.916280212909754 0.4827871422201207 -149.6568115234375 14.649375915527344 0.8926616668701173
H 9.091595321772532 6.004970646143243 0.09085446658254918 -68.56316528320313 -106.57335205078125 -155.3825439453125
22
1446.6537170410156
H 1.1506021045426729 3.811850644344472 -1.1583778228424382 4.124517440795898 -796.42998046875 -959.5479492187501
C 1.137209130204864 4.236250131390898 -0.6655673714165343 -107.40604248046876 953.04189453125 1148.5119140625
H 0.4584907882946762 4.077897963641608 0.04486511880341385 -212.63442382812502 -252.35146484375002 116.49317626953126
H 0.5811268199490089 5.135520935564253 -0.5706221473120785 10.049476623535156 117.49127197265625 -216.51181640625
C 2.2355160019047573 4.338726873856147 0.27040123492434814 1480.92900390625 -84.04046020507813 -717.9666015625
O 2.483907745042319 3.820530666738715 1.3176775531177753 -207.3810791015625 -83.6708251953125 165.6525390625
N 3.580360026734977 4.438184397556386 -0.5609326129084387 -1617.3970703125 98.15776977539063 482.0009765625
H 3.454550700506837 5.4483898927869845 -0.7166498652152765 127.18182373046875 -66.09863891601563 -119.00535888671875
C 4.82636141992282 4.098750213492897 -0.34335203554028076 762.5724609375001 -1179.63095703125 302.1648681640625
H 5.211529735480714 3.1268089690500256 0.3574592189330664 -239.05397949218752 603.36435546875 104.23908691406251
C 5.335659259089089 2.7531992729836805 -1.0774169410216228 -293.994384765625 638.9358886718751 -151.4882568359375
H 6.177999463514362 2.8837135809906482 -1.6779571576552872 -20.95065612792969 68.22180786132813 -255.02714843750002
H 6.029578466929067 2.10025280704387 -0.8948531263473364 232.7591552734375 -212.408544921875 324.18803710937505
H 4.548747273493602 2.169366948749365 -0.9292769462987966 -208.454443359375 -337.790478515625 -204.14229736328127
C 5.686944252523354 5.1665398414915575 -0.5164937673167067 663.8805664062501 774.7518066406251 396.2197509765625
O 5.052404670994715 6.262437606735862 -0.8218671217843205 365.880615234375 -114.64881591796876 -6.1365905761718755
N 7.10056285384567 5.213024821446243 0.0987605581163575 -872.7101562500001 -243.7642578125 -446.274560546875
H 7.527786271465122 4.343459381043556 0.014324577282942005 16.43966522216797 -145.42581787109376 90.3389892578125
C 8.032169034340846 6.136136515903327 -0.2744784009335143 362.21879882812505 175.81864013671876 441.62187500000005
H 7.77340784165551 6.642364645410391 -1.0474606649794698 -41.918643188476565 178.27620849609377 -339.848046875
H 8.148492922619717 6.917943702467536 0.481945969877084 -149.0447021484375 14.638166809082032 -1.9330968856811523
H 9.084938792813215 6.004739524242573 0.09281578308381364 -55.090509033203126 -106.437548828125 -153.54952392578124
22
1462.8760375976562
H 1.152932721175667 3.806129615047167 -1.1692533786761605 5.024048233032227 -779.279296875 -944.9083984375001
C 1.138316653730249 4.234133060535604 -0.6692884915679277 -94.33801879882813 925.40673828125 1139.57626953125
H 0.4606610133522122 4.074090864517386 0.03996000570871032 -215.828564453125 -255.96267089843752 117.23631591796875
H 0.5836576001096893 5.126900124000694 -0.5665043995861943 -0.16619160175323489 132.35209960937502 -219.2852783203125
C 2.234648780593961 4.3380796314036925 0.27092489805445974 1484.1820312500001 -83.77947998046875 -724.7423828125001
O 2.4841066549995374 3.8180769640326515 1.316389896187912 -208.00595703125 -85.96315307617188 167.92901611328125
N 3.580701872369765 4.43819751980289 -0.559731029696465 -1626.5021484375002 85.93576049804688 485.38798828125005
H 3.452456844276075 5.446629126941703 -0.7088372359187766 128.808935546875 -56.237060546875 -122.03140869140626
C 4.8264092054497265 4.099369741297875 -0.34432129309142456 762.985498046875 -1166.3625 278.0546875
H 5.213348220079781 3.1258129295627572 0.3391075341120965 -229.917431640625 602.023486328125 144.48433837890624
C 5.337230365315896 2.7516405204575074 -1.0787256779439425 -326.25400390625003 668.647509765625 -136.4099365234375
H 6.174768043063129 2.8793094144210136 -1.66807152696238 3.702256774902344 70.3929931640625 -275.7366943359375
H 6.027550346907016 2.1036215850624203 -0.8967881825101943 245.60856933593752 -229.1609619140625 325.4346923828125
H 4.551350110136936 2.174994018746604 -0.9244002197390938 -221.87929687500002 -361.0587158203125 -215.28828125
C 5.685041524508251 5.168592437119609 -0.519550951221748 682.783935546875 761.331787109375 409.0228515625
O 5.049980136797977 6.261715986980909 -0.824106090935881 363.01921386718755 -103.13234863281251 -9.422058868408204
N 7.100595873281184 5.215352169465209 0.10097546761584991 -887.0796875000001 -239.7237060546875 -459.15097656250003
H 7.528816223660083 4.347103993779501 0.012007647296201619 16.359068298339846 -147.5806884765625 91.05878295898438
C 8.031778379822915 6.137415146249884 -0.27588181503865133 352.97397460937503 165.552001953125 461.24873046875
H 7.775921621276492 6.638948885795775 -1.0442968901905443 -46.015185546875 188.05826416015626 -356.41464843750003
H 8.146904252768145 6.919829163214879 0.48086235590393045 -148.14931640625 14.664060974121094 -4.512003326416016
H 9.078245764295955 6.004257384099656 0.09464151566545398 -41.31177368164063 -106.12416992187501 -151.53165283203126
22
1479.2404479980469
H 1.1558290808066676 3.800077961316257 -1.1805650664728706 5.997962188720703 -760.9866699218751 -929.22216796875
C 1.1393951140585008 4.232067692081138 -0.6730840012295951 -81.82465209960938 896.2544921875001 1131.20478515625
H 0.4623819889552127 4.07002209469014 0.03540686157102205 -217.77275390625002 -259.303369140625 116.57856445312501
H 0.5864415072786023 5.118346524411508 -0.5621885437620301 -10.699292755126955 147.3216796875 -222.174658203125
C 2.233893794261639 4.337475849929366 0.27142482231478376 1486.6461914062502 -83.70120849609376 -731.302880859375
O 2.484216580474141 3.81558641502699 1.315081137698059 -208.47634277343752 -88.19219970703125 170.12425537109377
N 3.581134114775317 4.438326326601355 -0.5584406348617175 -1635.9510742187501 72.00422973632813 488.8087890625
H 3.449909942440883 5.44452507248168 -0.7007233929969569 130.79925537109375 -44.87198181152344 -125.2862548828125
C 4.826515461755822 4.1000130662120196 -0.345343956503236 762.64287109375 -1150.9833984375 253.597607421875
H 5.215092518949246 3.125771188277249 0.32072528750461177 -219.638525390625 600.827783203125 187.03798828125002
C 5.338807364443065 2.750152212442896 -1.080008704115591 -360.67514648437503 697.7555664062501 -122.07574462890625
H 6.171477620158603 2.8750865657973628 -1.6580972999000716 28.8120849609375 72.30458374023438 -296.2495849609375
H 6.025322166075265 2.107341683794847 -0.8985014421074605 259.3440673828125 -246.8801025390625 326.4971435546875
H 4.553603445752112 2.1801897340451317 -0.9195896111323819 -234.91948242187502 -384.5135009765625 -227.6591796875
C 5.68306264969047 5.17071796170553 -0.5226354430333251 702.1917480468751 747.40322265625 422.09736328125
O 5.047571119688682 6.261053822958198 -0.8262606917909106 359.93002929687503 -91.26327514648438 -12.79913787841797
N 7.1005538220089015 5.217517717090651 0.10323502313396068 -900.7666992187501 -235.63725585937502 -472.6884765625
H 7.529735176131354 4.350354651896955 0.009323022331470632 15.955870056152344 -148.92281494140624 91.83352661132812
C 8.031476979607344 6.1387541721522165 -0.27730276320806324 342.364013671875 154.93905029296877 479.5158203125
H 7.778213689320754 6.636326490844757 -1.0410821298864887 -49.86012878417969 197.19853515625002 -372.0545166015625
H 8.14514216593779 6.92173942540193 0.47951765537741947 -147.003515625 14.933180236816407 -6.525275421142578
H 9.071466268531744 6.0035713092845056 0.09624041291441927 -27.096438598632815 -105.68641357421876 -149.25797119140626
22
1495.8624267578125
H 1.158933178249263 3.7935860571302165 -1.1923134684472843 6.8278854370117195 -741.796533203125 -912.2373046875
C 1.1404272780399252 4.229985212202027 -0.6769685036101893 -70.53490600585938 866.0967773437501 1123.74541015625
H 0.463642192798763 4.065791349125508 0.03158610395363948 -218.0924072265625 -262.050439453125 114.04691162109376
H 0.5895863834435068 5.110103839383222 -0.5579112130882846 -21.293760681152346 161.87735595703126 -225.121337890625
C 2.2331500337396197 4.336890248965837 0.2719529666228794 1488.61875 -83.76809082031251 -738.143798828125
O 2.484333575643103 3.8130839553539313 1.3137527532640765 -208.879248046875 -90.471728515625 172.401318359375
N 3.5814950984463216 4.438403390612551 -0.5571503904047049 -1644.9724609375 57.49597778320313 492.137353515625
H 3.4470698367887085 5.442103671525572 -0.6926780030823222 132.91016845703126 -32.79332275390625 -128.55484619140626
C 4.82662111262004 4.10059117697365 -0.34637521016977846 761.299951171875 -1133.0584960937501 228.15234375
H 5.216437890239451 3.126545040425968 0.30202713393257463 -207.7449462890625 599.9623046875 233.05275878906252
C 5.340391604631703 2.7486537587860043 -1.0812641212030645 -396.3135498046875 727.278564453125 -108.9007568359375
H 6.16817774559149 2.870655477714468 -1.6480664315730298 54.352325439453125 74.11558837890625 -316.5052001953125
H 6.022996378352531 2.111643654156831 -0.8999160919072429 274.2986572265625 -265.8856689453125 327.44687500000003
H 4.556007768842017 2.1850772793775226 -0.9149778798953673 -248.978369140625 -409.60019531250003 -241.4928955078125
C 5.681208474277146 5.172794472079384 -0.5257941516174814 720.8649414062501 733.0892089843751 435.265625
O 5.045305626362346 6.260354614323218 -0.828280495590481 356.61259765625005 -79.35513305664062 -16.29265899658203
N 7.100443929347126 5.219593525707712 0.10549766243777146 -913.20888671875 -231.8992919921875 -486.16806640625003
H 7.530859795521687 4.353529900125861 0.006500665575125174 15.195428466796876 -149.87590332031252 92.65146484375
C 8.031168533951785 6.140039926696732 -0.2786684633396397 331.52817382812503 145.78671875 496.023193359375
H 7.7800986407697 6.634030626248536 -1.038369126084435 -53.16060180664063 205.26713867187502 -385.916943359375
H 8.143438027883844 6.923691374596048 0.47822188172524205 -145.9824462890625 15.026339721679689 -8.619793701171876
H 9.064903476627967 6.0032937477257065 0.09785970251080989 -13.347282409667969 -105.44118652343751 -146.9697021484375
22
1511.7597961425781
H 1.161675765704804 3.7865415437171777 -1.2046802782397334 7.491340637207031 -721.1546386718751 -893.0333007812501
C 1.1414766431632675 4.2280141405572 -0.680830075671405 -60.930517578125006 834.8111328125001 1114.6869140625001
H 0.46412130569434684 4.061109016791476 0.0277524209236834 -216.9225830078125 -264.0196044921875 110.41778564453125
H 0.5926862124945081 5.102308174654832 -0.5537393878811401 -31.381057739257812 175.49427490234376 -227.63447265625
C 2.232442774080574 4.33639574634719 0.27248415525130637 1490.245703125 -84.34577026367188 -744.385546875
O 2.484516331205169 3.8106283327223234 1.3124339850271003 -209.35219726562502 -92.65094604492188 174.50855712890626
N 3.5818169216946565 4.438357253893044 -0.5558017639507249 -1653.5748046875 43.168389892578126 494.94926757812505
H 3.4438685417404886 5.439354280139837 -0.6851230120472187 135.18125 -20.529162597656253 -131.71513671875002
C 4.826770346095536 4.101129095758092 -0.3474442406833619 759.369775390625 -1113.66416015625 202.74235839843752
H 5.217603044327745 3.127940456694758 0.28350712095510866 -194.50454101562502 600.0683105468751 280.85751953125003
C 5.341949032018126 2.7470587237939625 -1.0825286685507831 -431.247509765625 755.88505859375 -96.50818481445313
H 6.165087336242418 2.866405704884514 -1.6383124776564737 79.29157714843751 75.50764770507813 -335.796533203125
H 6.02090638234092 2.115661217316627 -0.9011930090971615 288.8304443359375 -284.61533203125003 327.83623046875005
H 4.558094329141559 2.1896391728505593 -0.9105879917690984 -263.37060546875 -435.60888671875 -256.788818359375
C 5.67940983149433 5.17502951713834 -0.528981572194997 739.57900390625 717.5657714843751 448.7353515625
O 5.043142060896026 6.259671067838312 -0.8302134459540869 352.7357177734375 -66.95765991210938 -19.963323974609377
N 7.100361630776905 5.221713621266914 0.10774298714730704 -925.92919921875 -227.6571044921875 -499.80527343750003
H 7.531832204651323 4.356836252013493 0.0036873032498166507 14.678025817871095 -151.25054931640625 93.44643554687501
C 8.030874238158967 6.141287754257321 -0.28014995475480214 319.13249511718755 136.98798828125 510.833740234375
H 7.78194176707391 6.631687663677947 -1.0364055673363834 -55.928582763671876 212.53239746093752 -398.5991455078125
H 8.141636915811347 6.92533771712704 0.47674543212789716 -144.89471435546875 15.774505615234375 -10.401624298095705
H 9.057883266442223 6.002957156486209 0.09943958047894745 1.5009750366210939 -105.34174804687501 -144.38280029296877
22
1526.1882934570312
H 1.1641739746633852 3.7790438967978535 -1.2179431889846335 8.204154205322267 -698.361474609375 -871.394921875
C 1.1424766001252236 4.226123426626202 -0.6845635727967158 -53.32991333007813 802.1421875000001 1103.41416015625
H 0.4639463482657402 4.056180674058368 0.02403578991366105 -214.71254882812502 -265.332568359375 105.92354736328126
H 0.5958552290118108 5.095263365106279 -0.5499094374709088 -40.57735290527344 187.79689941406252 -229.6927001953125
C 2.2317520266963737 4.335909417756261 0.27294232523703793 1491.4724609375 -85.09312744140625 -750.1640136718751
O 2.4846280359917134 3.8082404325617514 1.3110860119537597 -209.7485107421875 -94.77949218750001 176.58408203125
N 3.5820488871254774 4.438344550263702 -0.5544840498780677 -1661.3466796875 28.070584106445313 497.54130859375005
H 3.4404620251256626 5.436398676290505 -0.6776818214817846 137.43905029296874 -7.618673706054688 -134.851025390625
C 4.826981100749751 4.101652424277723 -0.34850996068228235 756.863671875 -1093.98828125 178.57756347656252
H 5.218559972319413 3.1295434968569587 0.2656692860418416 -180.3560791015625 601.74755859375 328.59763183593753
C 5.343534211493467 2.7455247924663273 -1.083697209306046 -466.061962890625 781.2888671875 -85.13512573242188
H 6.161909520360679 2.862188526838014 -1.6294629541363186 103.1320068359375 77.026708984375 -354.0088623046875
H 6.019248151380267 2.1193736330811763 -0.9028631785071594 302.872705078125 -302.55686035156253 327.97739257812503
H 4.559620852756142 2.193598377191986 -0.9065026600407771 -277.0235107421875 -460.97724609375 -273.13059082031253
C 5.677672828428632 5.177299664107375 -0.5321420508056662 758.1083984375 701.763232421875 462.317529296875
O 5.040965729096926 6.258964098217147 -0.8320171880198646 348.84331054687505 -54.370800781250004 -23.685693359375
N 7.100305966797267 5.223838839266465 0.11001360716029063 -939.2481445312501 -222.88164062500002 -513.416064453125
H 7.532583306255453 4.360319331572386 0.0009423131061837037 14.625729370117188 -153.36820068359376 94.17312011718751
C 8.03050231928764 6.142469729025968 -0.28159066072333916 306.1423583984375 129.165966796875 522.79921875
H 7.783673665136909 6.62953833137243 -1.035290145454186 -58.092071533203125 218.408544921875 -409.29636230468753
H 8.139765536848747 6.92657824649058 0.47515809335628745 -143.73406982421875 17.299253845214846 -11.558125305175782
H 9.050770651116745 6.002472375535525 0.10070964684457255 16.526875305175782 -105.38142089843751 -141.57219238281252
22
1540.0271606445312
H 1.1668630774617792 3.7712942933145484 -1.2315461639606002 8.91937026977539 -674.8446777343751 -848.6408203125001
C 1.1436460079580015 4.224258260184383 -0.6882794763901244 -49.253454589843756 770.46728515625 1092.2091796875
H 0.46322407053991965 4.050914665147815 0.02070211970146091 -210.8183349609375 -265.856591796875 99.83250732421875
H 0.5988697102643786 5.089198701865625 -0.5461953552058931 -48.27533569335938 197.57347412109377 -231.62956542968752
C 2.2310626975828614 4.33540230840334 0.273346067603818 1492.944140625 -85.85657348632813 -755.315966796875
O 2.4847061308322766 3.8059272136422146 1.309764720931583 -210.18193359375002 -96.8678466796875 178.52138671875002
N 3.5822670369882874 4.438296222663762 -0.5531440671162337 -1668.6164062500002 12.35987548828125 499.82670898437505
H 3.437002431979299 5.433129638873724 -0.6705739284137268 139.57091064453127 5.946545410156251 -137.92772216796877
C 4.82726846546804 4.102153058903353 -0.3496371785258274 753.2056640625001 -1073.978125 155.16171875
H 5.219113698531354 3.1314707307211487 0.24813173828364507 -164.518896484375 604.749267578125 377.32392578125
C 5.34517562075289 2.7439156847480723 -1.0847259841861152 -499.457470703125 804.025439453125 -73.90865478515626
H 6.158799503123593 2.858327278773344 -1.6212511044543734 125.7601806640625 78.30214843750001 -371.35466308593755
H 6.0182446839381285 2.122388821808672 -0.9046355820270431 315.5254638671875 -319.03024902343753 327.59531250000003
H 4.560487094432278 2.197301946873116 -0.9024990078572831 -290.576953125 -486.78691406250005 -291.28549804687503
C 5.675857081324764 5.179515063457693 -0.5351761222838503 777.18935546875 686.2694824218751 475.621826171875
O 5.038836232993225 6.258208057973036 -0.8337692982598199 344.68022460937505 -41.74754028320313 -27.375588989257814
N 7.100232628169242 5.225946222318894 0.11219380121530714 -952.969140625 -217.6297119140625 -526.6865234375
H 7.533070243698057 4.363930498078758 -0.0017427497235463314 15.00390625 -156.18314208984376 94.81577758789064
C 8.030164619841418 6.143588954070662 -0.2830154538547991 292.5164794921875 122.2403564453125 532.4262207031251
H 7.785074547107107 6.62787862882584 -1.0345526085768977 -59.7561279296875 223.229345703125 -418.37773437500005
H 8.137672670884864 6.927812523375687 0.4732997288622054 -142.41661376953127 19.03022613525391 -12.25287094116211
H 9.04371889519053 6.001886309914699 0.10180256949635898 31.525018310546876 -105.412158203125 -138.57889404296876
22
1553.4304809570312
H 1.1695297203712087 3.763448890503414 -1.245296965537659 9.515055084228516 -651.275390625 -825.5016601562501
C 1.1449009990782009 4.222356505714975 -0.6920512911375076 -47.787347412109376 740.6390625 1082.06474609375
H 0.46199076982267373 4.045343180594136 0.017664917404048228 -205.4390869140625 -265.6967041015625 92.39061279296875
H 0.6015896412353636 5.083968576057693 -0.5424538218352847 -54.54785766601563 204.900244140625 -233.5412353515625
C 2.2305152071072545 4.334896573237769 0.27373022518804985 1493.7931640625002 -86.87819824218751 -760.496240234375
O 2.4847845441536096 3.8036333944145944 1.3084520999181404 -210.47673339843752 -98.91544189453126 180.43673095703127
N 3.5825186065504333 4.438249093651862 -0.5518512566115927 -1675.686328125 -4.832353210449219 502.2240234375
H 3.433160115052783 5.429383657436747 -0.6634923219868909 141.8239990234375 20.983897399902347 -141.17269287109374
C 4.827594034446278 4.102694743875415 -0.3507218073066986 748.738818359375 -1053.6134765625 132.19302978515626
H 5.219283842463788 3.1339384075400507 0.2311090735608669 -147.260986328125 608.6601074218751 426.583984375
C 5.346883602015501 2.742299909193728 -1.0856991642283975 -531.922265625 824.93408203125 -63.008703613281256
H 6.156010207733383 2.8546990394779352 -1.6134633862157466 147.38101806640626 79.21666259765625 -387.6716552734375
H 6.017412353971723 2.1248064811785285 -0.9061164547859092 327.1186767578125 -334.561181640625 326.9553466796875
H 4.560791040947601 2.2007579920453226 -0.8985961003938879 -303.86508789062503 -512.8197265625 -310.788330078125
C 5.673983629178798 5.181680935064609 -0.538094261551023 796.318115234375 671.244140625 488.49565429687505
O 5.0367347601489225 6.257393657553867 -0.835602505702816 340.4231201171875 -29.129290771484378 -30.967654418945315
N 7.100074448789688 5.22804151176185 0.11430621603856325 -966.81494140625 -211.4474609375 -539.806640625
H 7.53318175606557 4.367757131079637 -0.004558411814212049 15.950524902343751 -159.93314208984376 95.34534912109376
C 8.02985682923613 6.144770333442163 -0.2843540280841629 277.1579833984375 115.94545898437501 538.640234375
H 7.786394335715563 6.627199185039423 -1.034344899059902 -60.80009155273438 226.6336181640625 -425.029931640625
H 8.135351144995989 6.928641531837823 0.47146737988653986 -140.94364013671876 21.54523620605469 -12.169171142578126
H 9.036390109438814 6.001390331629671 0.10285201003960472 47.323907470703126 -105.60009765625 -135.17568359375
22
1566.5194396972656
H 1.1719946039541682 3.7551299167266055 -1.2595681740157818 9.931542205810548 -626.5617187500001 -800.5718750000001
C 1.1462110708807878 4.2204881188509535 -0.6958044425217401 -47.74616088867188 709.7229980468751 1071.14765625
H 0.46043274412096546 4.039109569548967 0.015009451040236804 -198.62838134765627 -264.7115966796875 83.71874389648438
H 0.6044149417019908 5.079052147256322 -0.5386841097310241 -60.54669189453125 211.4997314453125 -235.208251953125
C 2.2301325927216857 4.334391272571196 0.2740386364321648 1493.9676757812501 -88.34383544921876 -765.35400390625
O 2.4848310343753397 3.8013892601332913 1.3071339564312643 -210.615576171875 -100.86123657226562 182.29200439453126
N 3.582797772081101 4.438190762438094 -0.5506030147048996 -1682.6693359375001 -23.40759735107422 504.51298828125005
H 3.4285411453977144 5.425081595278314 -0.6564627775996744 144.44718017578126 37.57553405761719 -144.63055419921875
C 4.8279415407984665 4.103337109877533 -0.351798334348268 744.38359375 -1034.49833984375 110.5821533203125
H 5.2193964962743875 3.136394441110368 0.21477517044280825 -129.0772216796875 615.3323730468751 475.83208007812505
C 5.3486654578190365 2.740649790338961 -1.0866934110567545 -564.5851562500001 845.18212890625 -52.194818115234376
H 6.153372872934049 2.8512412460279037 -1.6060191876075047 168.53779296875 79.77948608398438 -403.400146484375
H 6.01650443220485 2.1268137122395636 -0.9074558637209456 338.42307128906253 -349.9322509765625 326.1360107421875
H 4.560631242745566 2.2040831725928465 -0.8946193876181228 -317.34443359375 -539.619140625 -331.87109375
C 5.672071946898164 5.183844500609264 -0.5409883383674466 815.831298828125 656.4291015625 501.318017578125
O 5.034804429981304 6.256569221530295 -0.8375076719666938 335.6919677734375 -16.396372985839843 -34.6052734375
N 7.099836163700362 5.2301722529588535 0.11643027423867616 -980.9117187500001 -204.9610595703125 -552.94521484375
H 7.532796958770169 4.371595141068269 -0.007218341608953229 17.34882354736328 -164.05869140625 95.80150756835938
C 8.02954591233983 6.146025242282938 -0.2855925255696596 260.23605957031253 109.30152587890626 542.073583984375
H 7.787257109554546 6.627086863337683 -1.0345336895397015 -61.15521240234375 229.04130859375002 -429.83154296875
H 8.132525869326022 6.929028383175372 0.46957382177170537 -139.1798095703125 25.160693359375003 -11.173524475097658
H 9.028796607100263 6.0007800337623785 0.10404000356895553 63.66072387695313 -105.67314453125 -131.62845458984376
22
1579.4317321777344
H 1.1744751928521704 3.7461232550721806 -1.2742202179409836 10.04550552368164 -600.5841796875001 -773.7566894531251
C 1.1474883100291122 4.218668503916259 -0.6995187309937162 -48.86588745117188 677.7627929687501 1059.53857421875
H 0.4584879541147984 4.032197708674187 0.012687702219829268 -190.50609130859377 -262.9840576171875 73.88744506835938
H 0.6073792715126484 5.074578066368892 -0.5344752529003544 -66.30133666992188 217.19052734375 -236.92509765625002
C 2.2298268977799154 4.333833977876781 0.2742729037336217 1493.6007812500002 -89.86399536132814 -770.2006347656251
O 2.484914089497227 3.7992724077608937 1.3057286701205892 -210.68703613281252 -102.98524169921876 184.54793701171877
N 3.5830448966937087 4.438043190166237 -0.5493527087887937 -1689.1064453125 -42.94148559570313 506.48471679687503
H 3.4234125081949287 5.420266867040922 -0.649378673390242 147.16563720703127 55.398632812500004 -148.19375
C 4.828335623543056 4.104058308882154 -0.35288337466232933 739.95830078125 -1016.43798828125 90.30873413085938
H 5.219662132303775 3.1387411881216027 0.19876339969208262 -110.248779296875 624.5958984375001 525.304736328125
C 5.350456264295309 2.738973949626718 -1.0876418940381993 -596.160205078125 865.32314453125 -42.30352783203125
H 6.15126280550296 2.8484376723890503 -1.5987539789582756 188.48316650390626 79.890673828125 -417.945947265625
H 6.015550830036443 2.12856938024061 -0.9088316382512092 349.78701171875 -365.5334716796875 324.88615722656255
H 4.560198670133681 2.207175560534637 -0.8910687896745467 -331.42656250000005 -567.242822265625 -354.2636962890625
C 5.670212192775816 5.186033486059982 -0.5438682166618669 834.5752929687501 641.9697265625 513.797509765625
O 5.032913433990393 6.255799066050299 -0.8394507967183245 330.9217529296875 -4.0046741485595705 -38.1397705078125
N 7.099487150601458 5.232284660985056 0.1185291191213956 -994.828515625 -197.46390380859376 -565.7174804687501
H 7.531941504189375 4.375632275660875 -0.010012781946300793 19.353294372558594 -169.16678466796876 96.12738647460938
C 8.02923911595228 6.147267209343087 -0.2867424467742046 242.5841796875 101.97479858398438 543.081298828125
H 7.787578081927138 6.626916476367263 -1.0352146204376151 -60.810821533203125 230.6001708984375 -433.3486328125
H 8.129336142119957 6.929133405475795 0.4671722268690143 -137.18570556640626 30.05220642089844 -8.974205780029298
H 9.021284886415122 5.999854817725946 0.10530414235786228 79.65241699218751 -105.54995117187501 -128.19508056640626
22
1592.4384155273438
H 1.177298630940596 3.736696594151226 -1.2895690069606318 10.013951873779298 -572.981689453125 -745.0163085937501
C 1.1486613749223191 4.2169519926683705 -0.7032345395053669 -51.35631103515625 644.2234375 1047.63154296875
H 0.45585708992065826 4.025240873626207 0.010734694255078853 -180.98096923828126 -260.6408203125 62.700964355468756
H 0.6102901966514522 5.070560293633617 -0.5302232290954917 -71.5383056640625 222.12050781250002 -238.7288818359375
C 2.2296006364189322 4.33314833119356 0.274526758574298 1492.27880859375 -91.01057739257813 -775.3133300781251
O 2.4850362842414873 3.7972285044670153 1.3043001749089853 -210.7282470703125 -105.42194824218751 187.34261474609377
N 3.583229457343031 4.437841339539438 -0.5479805667816173 -1695.092578125 -62.633154296875006 507.94208984375
H 3.417857789344063 5.415233368181731 -0.6423541969126316 149.915234375 73.41906127929688 -151.66302490234375
C 4.828674370468258 4.104867697191908 -0.3539627476513285 736.766357421875 -999.0514648437501 71.22733764648437
H 5.220560533954311 3.141182354227964 0.18308420615543666 -91.87091064453125 636.4745605468751 574.98857421875
C 5.352169420293727 2.737269593307905 -1.0885040385590463 -627.6898925781251 886.5041015625001 -34.617803955078124
H 6.149641646207929 2.8453038969318296 -1.5916637404996705 207.4207275390625 79.86129150390626 -431.27324218750005
H 6.014103287551834 2.1307641155760466 -0.909984828147954 362.836083984375 -383.0703125 323.4893310546875
H 4.559771882353864 2.210066369561331 -0.8879549021030646 -346.4746826171875 -595.667333984375 -376.80449218750005
C 5.668454317497812 5.1882933073084505 -0.5466847659102884 852.4642578125 627.25419921875 525.9453125
O 5.031083667824942 6.255010524489538 -0.8414207584071542 326.10146484375 8.476897430419923 -41.651562500000004
N 7.099155295132023 5.234384705889285 0.12060995944739858 -1008.8883789062501 -189.05562744140627 -578.14462890625
H 7.530891693250918 4.379913904643014 -0.012875446567659087 21.850852966308594 -175.20377197265626 96.29418334960938
C 8.028936432932424 6.148501476089194 -0.2877867256374693 225.0120361328125 94.63919067382812 540.6459472656251
H 7.787785841701863 6.627361465169334 -1.0362536969274556 -60.10509033203125 231.02263183593752 -435.15117187500005
H 8.125905948625858 6.928922156670588 0.46418820212229595 -135.07159423828125 36.22825927734375 -5.2212360382080085
H 9.014005034445018 5.999099352843103 0.10650622954197095 95.13721313476563 -105.48734130859376 -124.6221923828125
22
1605.9055480957031
H 1.1804347938640554 3.727296880918427 -1.3054665511689274 10.027978515625001 -544.585791015625 -715.260400390625
C 1.1498780921491623 4.215290358830884 -0.7069630973480757 -56.41524047851563 611.1697265625 1035.5990234375001
H 0.4526927284332704 4.018559247503719 0.009075813610194567 -170.312939453125 -257.739306640625 50.48105163574219
H 0.612921642041887 5.067364339332646 -0.5264602141678709 -75.30841674804688 225.141943359375 -240.54111328125
C 2.229465435020032 4.332426670089163 0.2746704363921899 1490.5685546875002 -92.62709350585938 -778.9789550781251
O 2.4852046171404925 3.795099877250461 1.302933537726132 -210.9251708984375 -107.47232666015626 189.43258056640627
N 3.583437350347776 4.437599729650147 -0.5465039226816952 -1701.131640625 -82.38717651367188 508.65234375
H 3.4119842951127244 5.41002557152774 -0.6354007299021912 152.72432861328124 91.53614501953126 -155.02313232421875
C 4.828906497790804 4.105723509297984 -0.3550245853114936 734.8833984375001 -982.9267578125 53.64978637695313
H 5.22190268173759 3.143542028921611 0.1679305191175396 -74.56766967773437 651.2107910156251 624.393359375
C 5.353824127715282 2.735575456333585 -1.0892888961654275 -659.7843750000001 907.8087890625001 -28.478762817382815
H 6.148126243573024 2.841715223428352 -1.584629399664628 226.2984130859375 79.85205078125 -444.09208984375005
H 6.012446032676023 2.133587244544616 -0.9106036782761648 377.48564453125005 -402.2368896484375 321.676171875
H 4.559612570949485 2.212428193521714 -0.885266384497355 -362.0841064453125 -624.3786132812501 -398.88388671875003
C 5.666698012425229 5.19046627590901 -0.5495003147146451 869.8668945312501 613.25 537.8324707031251
O 5.029235377197544 6.254164115813513 -0.843430227244435 321.4292724609375 20.810916137695315 -45.145999145507815
N 7.098783029845182 5.236511232453376 0.12266891557744831 -1023.3131835937501 -180.50002441406252 -590.326318359375
H 7.529594136425883 4.384353734606835 -0.015698622143327946 24.725270080566407 -181.81505126953127 96.34193725585938
C 8.028636696613841 6.149682100465441 -0.2886462721177312 207.61525878906252 87.69854125976563 534.87744140625
H 7.788208111581376 6.628481751641346 -1.037492171281384 -59.20947265625 230.35832519531252 -435.46220703125005
H 8.12220057898453 6.928457232048282 0.4607261046004336 -132.82854003906252 43.42195739746094 -0.04362311363220215
H 9.006928485837818 5.998435035842186 0.10754948091568753 110.2555419921875 -105.59019775390625 -120.6996826171875
22
1615.3921203613281
H 1.1838049240211173 3.7179862065143072 -1.321535075915346 10.149690246582033 -515.838232421875 -685.14296875
C 1.15094309299001 4.213728675409863 -0.7106752794101728 -59.910699462890626 577.31455078125 1022.0758789062501
H 0.4495638487053011 4.0118158360667815 0.006843337330622297 -160.51652832031252 -254.89760742187502 39.27933044433594
H 0.6158065373907498 5.064305845414313 -0.5232446243393778 -79.24651489257813 228.65739746093752 -242.14882812500002
C 2.2294489636718273 4.331776719970034 0.2747912825101219 1488.0792968750002 -94.47597045898438 -782.260009765625
O 2.485428979431105 3.792941963974854 1.3015472066463492 -211.0835693359375 -109.38643798828126 191.33896484375
N 3.583727731930972 4.437468154291054 -0.5449831725545344 -1707.7455078125001 -103.369921875 509.19072265625005
H 3.4056801672956434 5.404460475280972 -0.6287258571061459 155.5877685546875 110.7865966796875 -158.44896240234377
C 4.829072153004066 4.1066372060708725 -0.35623285792623816 733.534814453125 -967.7442382812501 37.9746337890625
H 5.223184206120685 3.146240737132175 0.15403145429717863 -57.397741699218756 663.0914062500001 666.485107421875
C 5.35532717897781 2.733995313679611 -1.0900567107672388 -681.0331542968751 919.1798828125001 -21.190380859375
H 6.147927772537809 2.839532231501405 -1.579476130396285 239.2909912109375 78.73017578125001 -453.01572265625003
H 6.013211287778488 2.1334286595134277 -0.910365528427115 382.74948730468753 -411.9884765625 318.28764648437505
H 4.5577690483088 2.2142656903744813 -0.8825434103626395 -373.25742187500003 -647.861083984375 -419.008935546875
C 5.664847340739926 5.192613447616181 -0.552398560207828 888.3184570312501 598.9376953125001 550.27109375
O 5.027504656477531 6.2531710590951 -0.8454526565216745 316.28085937500003 34.12434387207031 -48.960302734375006
N 7.098359458508612 5.238712600584533 0.12479327948506773 -1038.6162109375 -171.46260986328127 -602.9149902343751
H 7.527964658729674 4.389041356707496 -0.018600446894625887 28.050506591796875 -189.1515625 96.28279418945313
C 8.028358403591119 6.150846087036714 -0.28949416690350416 189.64195556640627 80.89613647460938 527.6959960937501
H 7.788941521266668 6.6300579825802695 -1.0388399686831324 -58.27891845703125 229.18337402343752 -435.14824218750005
H 8.118125034192932 6.927881844202609 0.4570156835275959 -130.39925537109374 51.05537414550781 5.704770278930664
H 8.999687838682922 5.997705645598447 0.10845687671998867 125.80166015625001 -105.78072509765626 -116.34759521484375
22
1620.9095458984375
H 1.187414830994 3.7088107155816235 -1.337401258821849 10.254100036621095 -487.44174804687503 -655.24609375
C 1.151938377011461 4.212223090421004 -0.7143242078743571 -61.31425170898438 542.8314453125 1007.2920898437501
H 0.44672477615426315 4.004810522014404 0.004067438210048282 -151.70999755859376 -252.25107421875 29.28732604980469
H 0.6187769650966234 5.060842466037703 -0.5202928704349868 -83.86369018554689 233.29790039062502 -243.4746826171875
C 2.2295282648633377 4.331213356016994 0.27493561952394596 1484.72568359375 -96.78101806640626 -784.7401855468751
O 2.4856502578641146 3.7907846991869447 1.300269982441441 -211.2033203125 -111.0212158203125 192.8068359375
N 3.5839894967593953 4.437427930533749 -0.5433721365285498 -1714.1908203125001 -126.6922607421875 509.7572265625
H 3.3987229197795394 5.398243320972781 -0.6219585050921137 158.48380126953126 132.24382324218752 -162.10173339843752
C 4.829183400102881 4.107510819860455 -0.3574951445720636 732.5679687500001 -952.6025390625 23.461026000976563
H 5.2245175093804495 3.1494248292427645 0.14144339587325844 -41.55110778808594 668.83525390625 698.8056152343751
C 5.356712385823592 2.732456408646561 -1.0909038761699337 -693.2967285156251 921.22705078125 -12.2500732421875
H 6.149053599718045 2.838481095586403 -1.5759256481442885 246.966064453125 76.72321166992188 -458.47983398437503
H 6.015930445052598 2.1304181740795527 -0.9092713976331357 379.06005859375 -413.00517578125005 314.07426757812505
H 4.553899291494013 2.21562015953173 -0.8801567150885691 -377.97844238281255 -663.334228515625 -435.01884765625005
C 5.662902939423703 5.19479634285648 -0.5554141287836405 907.7711914062501 583.702197265625 563.525732421875
O 5.02583381112108 6.252072359518991 -0.8474381923142154 310.6015869140625 48.377044677734375 -53.0996337890625
N 7.097900897718246 5.240975739408279 0.12702035410201895 -1054.4744140625 -162.31718750000002 -616.0826171875001
H 7.526391480195897 4.393937195880465 -0.021563423592643266 31.372528076171875 -196.67103271484376 96.16414794921876
C 8.028022380412077 6.15204139812084 -0.2903023651566611 171.84007568359377 73.60224609375 519.596533203125
H 7.78981951632554 6.631809386759611 -1.0402964337254763 -57.293450927734376 227.70839843750002 -434.513623046875
H 8.113821086157468 6.927066160286374 0.45307121386343974 -127.87999267578125 59.49022216796875 12.185099029541016
H 8.992425123585637 5.996852291564369 0.10940148374858227 141.11308593750002 -105.92128906250001 -111.94863281250001
22
1622.6458435058594
H 1.1909806178151467 3.6998586052835556 -1.3529504284366414 10.095642852783204 -459.74375000000003 -625.980712890625
C 1.1529146245148092 4.210725075259039 -0.7179111932940123 -60.83948364257813 508.39326171875 991.89833984375
H 0.44388218202278534 3.99795095438507 0.0006403661238206276 -143.75902099609377 -249.89909667968752 20.40517272949219
H 0.6219207226354279 5.056946805014623 -0.5170877226721821 -89.07476196289063 238.99716796875 -244.65019531250002
C 2.2296728965158277 4.3306369800831765 0.2751031723316226 1480.91171875 -99.32240600585938 -787.250634765625
O 2.4858871312210167 3.7886636607885498 1.2990038371370214 -211.24716796875 -112.708837890625 194.41041259765626
N 3.5842150472242587 4.437386897005075 -0.5417747145352759 -1720.6412109375 -149.69732666015625 510.254833984375
H 3.3910152664833015 5.3919826786155935 -0.6150759906836922 161.66726074218752 153.37872314453125 -165.65407714843752
C 4.8293029105326095 4.108390376329729 -0.3587946145397292 731.57451171875 -937.9215820312501 9.936325073242188
H 5.22599494428402 3.152909533171088 0.1299043953757536 -27.2664794921875 668.073291015625 721.2007812500001
C 5.357999374575022 2.7309638131435965 -1.091894971972891 -696.68154296875 913.82255859375 -0.4811309337615967
H 6.151196313402711 2.8389722488916953 -1.5740308098725313 249.685986328125 73.72929077148437 -461.091015625
H 6.020629659494351 2.1244657098741655 -0.9071147914460898 366.23525390625 -404.8519287109375 308.71501464843755
H 4.548050630988678 2.2164204136549515 -0.8779825314475732 -375.868359375 -670.257861328125 -446.8451171875
C 5.660926853996159 5.19708337656318 -0.55844220360356 927.780078125 567.2409179687501 577.15322265625
O 5.024277759330377 6.250894580717774 -0.8494452504491972 304.3720703125 63.49719848632813 -57.440319824218754
N 7.097450263069969 5.2431706656776145 0.129219440962768 -1070.82685546875 -152.04375000000002 -629.2414062500001
H 7.524596245138704 4.398897774131594 -0.024378687582420257 35.08721008300781 -204.83391113281252 95.84143676757813
C 8.027685385670457 6.153319711019978 -0.29105047819968993 153.58159179687502 65.86263427734376 511.0333984375
H 7.790425686620752 6.6336700933911885 -1.0418857602014922 -55.92373046875 225.9871826171875 -433.32480468750003
H 8.109652358494177 6.926180361962087 0.4491708118911375 -125.42755126953125 68.22576904296875 18.800202941894533
H 8.9849647124543 5.995717255474319 0.1106574834934382 156.564794921875 -105.9275390625 -107.68972167968751
22
1624.6833801269531
H 1.1944656144104095 3.6907617997489672 -1.3686994726588733 9.747071075439454 -431.775390625 -595.9745605468751
C 1.1538436331754482 4.209256511491104 -0.721511086364403 -60.496472167968754 474.4759765625 975.8273437500001
H 0.44101699597292826 3.9909560248215223 -0.002882967074083367 -135.77767333984374 -247.3049072265625 11.63048324584961
H 0.6249475168227538 5.053442711113575 -0.5139477099486973 -93.75034790039064 243.74587402343752 -245.7967529296875
C 2.229886672127052 4.33008730001991 0.2752930352325758 1476.61328125 -102.27657470703126 -789.504443359375
O 2.486115509293726 3.786565571535492 1.2978764987654354 -211.27824707031252 -114.14020996093751 195.62698974609376
N 3.584408421685019 4.437297745838758 -0.5402194150045918 -1726.8134765625 -172.362158203125 510.520947265625
H 3.3831141841136976 5.385573555332938 -0.6085185337594174 164.60191650390627 174.3954833984375 -169.10235595703125
C 4.829358332622838 4.109469198274686 -0.3601038369609946 731.1137207031251 -925.2228515625001 -2.9214096069335938
H 5.227476083205902 3.1563018751319487 0.1185993105766004 -13.939407348632812 666.5457519531251 740.865283203125
C 5.359260613723159 2.7293703806204506 -1.092919026776162 -700.67021484375 906.50908203125 12.124998474121094
H 6.153304585500045 2.839307688418838 -1.571983357228278 252.6598876953125 70.90086059570312 -464.052001953125
H 6.025560360081962 2.1186302481643287 -0.9049515600410718 353.1673095703125 -396.3506591796875 303.5641357421875
H 4.541966756932187 2.217080840713637 -0.876221591412242 -372.5208984375 -675.5542968750001 -457.11704101562503
C 5.659003241644667 5.199364066942016 -0.5614389111817873 947.5323242187501 550.549853515625 590.5500000000001
O 5.022816125792432 6.249576056529675 -0.8514958658447249 298.0227294921875 79.14911499023438 -61.904296875
N 7.096990263905479 5.245283925448487 0.13132563725902763 -1086.96494140625 -141.24921875 -642.10341796875
H 7.522648982273548 4.403756811971274 -0.026715984674543322 39.00325927734375 -213.245361328125 95.35742797851563
C 8.02738657585202 6.154639485681112 -0.2917266374993892 135.09813232421877 58.52616577148438 501.298779296875
H 7.79114482352899 6.635606893509135 -1.0440908252025753 -54.01969604492188 223.32497558593752 -430.902783203125
H 8.105126205167881 6.925320934799353 0.445247561347926 -122.92789306640626 77.18030395507813 25.50273895263672
H 8.977584604101292 5.994424174185854 0.11215059986162468 171.59954833984375 -105.82180175781251 -103.49010009765625
22
1627.7628173828125
H 1.1981639458984061 3.6816652985229243 -1.384764953067775 9.198096466064454 -403.30026855468753 -565.3454101562501
C 1.1547540086516372 4.207825333584267 -0.7251210456636434 -59.186431884765625 439.7783203125 959.090234375
H 0.43821334399394474 3.9838783595047698 -0.006597723565208062 -128.04591064453126 -244.67978515625 3.0925567626953128
H 0.6282577601419022 5.04994821575775 -0.5107166981609639 -98.63502197265626 248.822607421875 -246.90178222656252
C 2.230230300942886 4.3295186997493404 0.2755215163229953 1471.2650390625001 -105.42705078125 -791.596240234375
O 2.486359592821576 3.7844621274407504 1.2967989134840807 -211.22829589843752 -115.56329345703125 196.89693603515627
N 3.584545663811982 4.4371637042894045 -0.5385584546335394 -1732.194921875 -194.09373779296877 510.17949218750005
H 3.3749867806277862 5.3791971395442815 -0.6021774164493603 167.38404541015626 194.6346435546875 -172.37364501953127
C 4.829390554621485 4.11064667137814 -0.361450599032908 731.5184082031251 -914.88330078125 -14.334149169921876
H 5.229374948846405 3.159174564115914 0.1077392118256551 -1.963749885559082 666.156396484375 758.2208984375001
C 5.360501728180117 2.7277475775551823 -1.0939990429931932 -705.710107421875 899.4864257812501 25.14205017089844
H 6.155220458571682 2.839338537180331 -1.5698615612188647 256.2105224609375 68.27544555664063 -467.5361328125
H 6.030509583788466 2.1130717335763585 -0.9027858012618883 340.5771728515625 -388.27548828125003 298.3615234375
H 4.53584330805991 2.2177376903315182 -0.8746656431688833 -368.69211425781253 -679.842529296875 -466.29106445312505
C 5.657005808556995 5.201704203487657 -0.5644570701707046 967.8552734375 533.335791015625 604.0526855468751
O 5.021424689839725 6.248185688621685 -0.8535954684698693 291.1814453125 95.39940185546875 -66.56066284179688
N 7.096483772397235 5.247421646126274 0.13336394067285173 -1103.4305664062501 -130.21124267578125 -654.774072265625
H 7.520572149070094 4.408678296497573 -0.02882963835165206 43.07008666992188 -221.91542968750002 94.73287963867188
C 8.027048814508452 6.155999376024399 -0.29226500048919746 117.245703125 51.50116577148438 491.0751953125
H 7.79190331498747 6.637804380176684 -1.0462633256599037 -52.018212890625 220.39821777343752 -428.031396484375
H 8.100748847011989 6.9244185412734 0.44150549076640677 -120.50130615234376 86.12445678710938 32.27710876464844
H 8.97034553165292 5.992912092311168 0.11363281356818519 186.10081787109377 -105.72078857421876 -99.37697143554688
22
1630.8790588378906
H 1.201737640574866 3.6725606487480924 -1.4010919847357306 8.473294067382813 -374.47543945312503 -534.1459472656251
C 1.1555000828665234 4.206446369076698 -0.728759937668737 -56.093841552734375 404.1009033203125 941.27626953125
H 0.4354810219991992 3.9767232933648544 -0.010677482153921003 -120.96092529296875 -242.05935058593752 -4.77117919921875
H 0.6319168014974106 5.046413511032462 -0.5076298851543548 -103.99361572265626 254.66337890625002 -247.81154785156252
C 2.230653566395282 4.328946992475786 0.2757787170081712 1465.0387695312502 -108.71926269531251 -794.0518554687501
O 2.4865636170120986 3.782385472970003 1.2957559012474023 -211.0582275390625 -116.9965087890625 198.26986083984377
N 3.5846609512717253 4.437061069177458 -0.5368867131140029 -1736.9431640625 -215.0552734375 509.65585937500003
H 3.3666995809129614 5.3729650342643325 -0.5957908299752506 170.061279296875 214.14296875000002 -175.44581298828126
C 4.8294998153078925 4.111898200185608 -0.3628259570717327 732.16923828125 -906.3136718750001 -24.681915283203125
H 5.23168258178608 3.1619010891754415 0.09759829661081999 8.903697967529297 665.4115722656251 772.41552734375
C 5.361728855805828 2.7260776883854514 -1.0951184333490234 -710.18740234375 892.748828125 38.28472900390625
H 6.157440371544953 2.839481059119246 -1.5677893812093457 259.11252441406253 65.39445190429687 -470.603759765625
H 6.035690180428062 2.1075504352130743 -0.9005817726406845 327.458203125 -379.66123046875003 293.19138183593753
H 4.529534356449155 2.2185334497064106 -0.8729573386779521 -363.728662109375 -682.7578125 -473.994091796875
C 5.655013789737931 5.204058547832252 -0.5674250800306889 987.9455078125001 516.4464843750001 617.203369140625
O 5.020099570462375 6.24684756131864 -0.8557608046117559 284.32216796875 111.43016357421875 -71.15313110351563
N 7.09591131112731 5.249515877348277 0.135357674064486 -1119.63974609375 -118.53031005859376 -666.97490234375
H 7.518268204194416 4.413536842559961 -0.03029076983453264 47.37931518554688 -230.96425781250002 93.95270385742188
C 8.026764561661919 6.157373149626845 -0.2926842447896178 99.07149047851563 46.07423706054688 479.572705078125
H 7.792792367331748 6.64022890836515 -1.0488516923922822 -49.768798828125 216.50673828125002 -423.972412109375
H 8.096420891416384 6.92385833891136 0.4378381133834072 -118.09504394531251 94.47655029296875 38.75926208496094
H 8.963308228393256 5.991300334687813 0.11461754961012077 200.53409423828126 -105.8631591796875 -94.97517089843751
22
1634.7579650878906
H 1.2051415667439414 3.6639370461853056 -1.4175232963227833 7.599000549316407 -346.09287109375003 -503.345849609375
C 1.1562323582857144 4.2051435699911 -0.7324576690526002 -52.346923828125 368.692529296875 923.8106445312501
H 0.4329112491520312 3.9697094034365104 -0.014809918668383559 -114.1774169921875 -239.3961181640625 -12.465042114257812
H 0.6359281693056664 5.042992350114534 -0.5045541008612507 -109.48446044921876 260.79384765625 -248.59733886718752
C 2.2311637114148395 4.3283367493331975 0.2760002034491723 1458.4430664062502 -112.345556640625 -796.387939453125
O 2.486750414998093 3.7802271182754863 1.2947090825417271 -210.8615234375 -118.3280517578125 199.51235351562502
N 3.584788237706275 4.436897203324904 -0.5352118142186814 -1741.5111328125001 -234.15458984375002 508.57626953125003
H 3.358169359366896 5.3669617559028895 -0.5896473107208255 172.79931640625 232.0968017578125 -178.284521484375
C 4.829605834170299 4.113193683046122 -0.3642517993315613 732.7399414062501 -899.2267578125001 -34.4112548828125
H 5.2335337087386264 3.16421427612203 0.08788814824142123 20.392234802246094 666.3778808593751 786.3421386718751
C 5.3629359396542755 2.724307948611495 -1.0962883312202818 -713.2362792968751 886.8138671875 51.887890625000004
H 6.159786573870187 2.8398449934511962 -1.5659977851113707 261.1203857421875 62.29158325195313 -473.52470703125005
H 6.041467481888897 2.1025139084764746 -0.8982031392990024 314.15673828125 -370.4910400390625 287.98671875
H 4.523318818428356 2.2194340117152405 -0.8711015191258835 -359.57443847656253 -687.090234375 -482.6095703125
C 5.653080496753668 5.206495985965315 -0.5703282678240472 1007.5802734375001 498.73344726562505 630.2710937500001
O 5.018861074281087 6.245471061520553 -0.8578590111476703 277.2217529296875 127.93096923828125 -75.84286499023438
N 7.095251437018403 5.251559919398395 0.13732063938354053 -1134.3255859375001 -107.91622314453126 -679.21025390625
H 7.516071865548156 4.418007666264444 -0.03186167786973298 51.00444641113282 -238.688720703125 93.29458618164062
C 8.0264502334374 6.158796117151759 -0.2930672071500117 79.86561889648438 42.222772216796876 468.16474609375
H 7.793707969191929 6.642662574125394 -1.0518123552592094 -47.33056335449219 212.062841796875 -419.23764648437503
H 8.0917761216551 6.923539062889439 0.4346569624507747 -115.57889404296876 101.91265869140625 44.31943054199219
H 8.956150537423888 5.9894677026576595 0.11502051219886684 215.50458984375 -106.19899902343751 -90.24901733398438
22
1638.02392578125
H 1.2083538049009401 3.6557609942863767 -1.4342225442373857 6.7490890502929695 -317.892333984375 -472.5765625
C 1.1569679890156999 4.203784484266838 -0.7361089657370502 -48.56292419433594 333.9986083984375 906.0846679687501
H 0.4306221506568171 3.9626427163682 -0.018954249717371793 -107.88199462890626 -236.77031250000002 -19.804898071289063
H 0.6400421248086928 5.039734194096352 -0.5015186723682906 -114.63422851562501 266.5419921875 -249.23610839843752
C 2.231721656813322 4.32767008398317 0.27627139053069466 1451.1959960937502 -115.96661376953125 -798.870166015625
O 2.486901371724399 3.778054870224732 1.29371758049357 -210.53862304687502 -119.69359130859375 200.8738525390625
N 3.5847592265347705 4.4366570792080315 -0.5335375393842867 -1744.619140625 -251.2169921875 507.100830078125
H 3.3497853747621753 5.361289010187483 -0.5839934291230293 175.28463134765627 248.27407226562502 -180.8555908203125
C 4.829725955321015 4.114443416961865 -0.3657331031220842 732.60390625 -892.6279296875 -43.8960205078125
H 5.234966993613707 3.1664595118434002 0.0787503972536778 32.43452758789063 667.2083984375 798.9366210937501
C 5.3641313325235505 2.722491546730143 -1.0974998134755267 -714.065966796875 880.1283203125 66.25665893554688
H 6.162282613231809 2.84055245573417 -1.5643014308165522 262.59506835937503 58.85767211914063 -476.15732421875003
H 6.0480243623841465 2.0973549269332996 -0.8954068715786268 299.00632324218753 -359.127392578125 282.65280761718753
H 4.5172768172013305 2.220271141662718 -0.8689794385685545 -355.41855468750003 -691.9208496093751 -491.23027343750005
C 5.651269542280749 5.208950294885665 -0.573237860827812 1025.90791015625 480.52080078125005 643.044091796875
O 5.0176582678721395 6.24405281361005 -0.8599731761713992 270.12685546875 144.37073974609376 -80.51017456054689
N 7.094442047529994 5.253525088445236 0.13921969319094654 -1146.960546875 -98.33397827148438 -691.355615234375
H 7.514181411454025 4.422113650387849 -0.03341678985760847 53.77241821289063 -245.0020263671875 92.79859008789063
C 8.026045685163204 6.160246054044386 -0.29343092384604785 60.60960693359375 39.68882751464844 455.928173828125
H 7.794978789249827 6.645408880961522 -1.0551800210437046 -44.86468505859375 206.89333496093752 -413.55859375
H 8.087218582086408 6.9233591140935244 0.4315994219260061 -113.22022705078126 108.9479736328125 49.613256835937506
H 8.948955109870635 5.987809319789856 0.11515641306414907 230.48063964843752 -106.8787109375 -85.23823852539063
22
1640.5723571777344
H 1.2122270429511217 3.6478735642912374 -1.451347781858712 5.790045166015625 -288.938427734375 -441.05571289062505
C 1.1576084210163295 4.202512427664248 -0.7396320667671705 -44.95193176269532 298.1625 887.7390625
H 0.4281360097609608 3.9554326037382745 -0.023043073900454285 -101.36676635742188 -233.97998046875 -27.379010009765626
H 0.644247737967306 5.036666137603158 -0.49849544369563437 -119.6125244140625 272.3536376953125 -249.8425048828125
C 2.2322812941641694 4.326973016071192 0.2765743085892491 1443.5290039062502 -119.626806640625 -800.7365234375001
O 2.4870799361957197 3.7758640686499314 1.2928295346198362 -210.29069824218752 -120.90065917968751 201.98065185546875
N 3.5846217048392215 4.436356291580035 -0.5317959256676339 -1746.8990234375 -266.57705078125 505.180419921875
H 3.341376693970053 5.355869619145201 -0.5784491448198927 177.6848876953125 263.038623046875 -183.20982666015627
C 4.829841434141877 4.115705812534456 -0.36728492790154077 733.2763183593751 -886.54873046875 -52.80609130859375
H 5.236791958024902 3.168695266530067 0.06999964053974361 43.48008728027344 666.990625 809.0033203125
C 5.365362092625081 2.7206574988244374 -1.0987334312808896 -712.390283203125 872.7248046875001 80.72763061523438
H 6.165177575607364 2.841309139666829 -1.5629445116255736 262.79677734375 55.329248046875 -478.14521484375
H 6.054998340698409 2.0918900313469697 -0.892337371960314 282.46865234375 -346.42753906250005 277.1380615234375
H 4.5112115693885535 2.2213538392633527 -0.8670774473909048 -350.6767578125 -695.46435546875 -498.58154296875
C 5.649599815976002 5.211537793503754 -0.5761773547409905 1042.88330078125 461.49658203125 655.49609375
O 5.0165601917668665 6.242658858024873 -0.8621551389433237 262.82675781250003 160.9021728515625 -85.20421142578125
N 7.0935337945035135 5.255487102172676 0.14099807292405253 -1158.2220703125001 -88.88204956054688 -703.0159667968751
H 7.512242311099361 4.426053619179307 -0.034783436235198556 56.314605712890625 -250.87646484375 92.30858764648438
C 8.025630004660982 6.161766153598505 -0.2937388156127455 40.880200195312504 37.63272705078125 442.50229492187503
H 7.7962404686334095 6.648126987408583 -1.058861039014901 -42.25026550292969 201.25101318359376 -407.3064697265625
H 8.082531473909432 6.923255441944265 0.42841032772264054 -110.90185546875 116.17800292968751 55.171301269531256
H 8.941787542204393 5.986320497534133 0.11494048570834593 245.63154296875 -107.83785400390626 -79.9642822265625
22
1643.450927734375
H 1.2167605710419935 3.639966429957921 -1.468627938250757 4.491069030761719 -259.733056640625 -408.9647216796875
C 1.1581924761722107 4.201223869451716 -0.7431126796392471 -41.003237915039065 261.7320068359375 868.678515625
H 0.42545289107233075 3.9481554646827965 -0.027252546026182264 -94.68540649414064 -231.18068847656252 -34.94692687988282
H 0.6482300907936168 5.033378440800783 -0.4954230611677382 -124.58541259765626 278.3532958984375 -250.44697265625
C 2.2328545490217055 4.326254054013204 0.2768399369819984 1435.24150390625 -123.40247802734376 -801.844482421875
O 2.4872316211095082 3.7736984966698457 1.2919774184386705 -210.06611328125 -121.98905029296876 202.94019775390626
N 3.5843969248275664 4.4360038547176215 -0.529954644297616 -1748.3275390625001 -281.5274658203125 502.71835937500003
H 3.332828766510957 5.350343949782399 -0.5727751979903992 179.91473388671875 277.70498046875 -185.48460693359377
C 4.82996074797025 4.117030961355555 -0.36891018059815406 734.5135253906251 -882.16396484375 -60.59839477539063
H 5.238876277712321 3.1705672309121997 0.06163777809533523 54.35267944335938 668.4001953125 818.03203125
C 5.3665769486845605 2.7188322009505357 -1.0999352282431507 -707.6195800781251 865.0083984375001 94.46998291015626
H 6.168704508504876 2.8423138834100663 -1.5622198831416858 260.67236328125 51.31939697265625 -478.68588867187503
H 6.062156181314329 2.0862107389638735 -0.8887868432523095 265.20053710937503 -332.8975830078125 271.1103515625
H 4.505132111210248 2.2225831747418034 -0.8648545986677556 -346.33085937500005 -699.181396484375 -506.17929687500003
C 5.64802217166534 5.214151199647258 -0.5790474656871137 1058.52197265625 442.65830078125003 667.3037109375
O 5.015428977442786 6.24124928352257 -0.8643788008833992 255.72902832031252 177.21220703125002 -89.78770141601564
N 7.09252608697469 5.257421530077066 0.1426602565262577 -1168.6761718750001 -78.55697021484376 -713.928955078125
H 7.5101410046795545 4.4302344384637005 -0.03625985043527131 59.212335205078126 -257.58530273437503 91.61829223632813
C 8.025212990029502 6.163327061276521 -0.29396624132616656 20.151113891601565 35.90262451171875 428.567822265625
H 7.797607358267744 6.650561523040381 -1.0625696966589144 -39.71722106933594 195.63720703125 -401.326171875
H 8.07755437296024 6.92323925882412 0.4251409828619861 -108.59926757812501 123.51081542968751 60.8950439453125
H 8.934454529828136 5.985094221259983 0.11427459251033506 261.60983886718753 -109.221533203125 -74.14019775390625
22
1646.3124389648438
H 1.221421690158075 3.631885853090069 -1.48598990144678 2.7179189682006837 -230.6216552734375 -376.2935302734375
C 1.1588232089399608 4.199880745916243 -0.7466128228181123 -36.19785766601563 225.582275390625 848.6554687500001
H 0.423082635938897 3.941253725028584 -0.031394434441971625 -88.51265258789063 -228.63051757812502 -42.13323059082032
H 0.6523550151165587 5.029968340280925 -0.49220397917558717 -129.6730712890625 284.48623046875 -251.15712890625002
C 2.233453826852732 4.325558571505282 0.276961312181636 1426.70224609375 -127.76068115234375 -801.903857421875
O 2.487419156324614 3.7715624841482143 1.2911079253298237 -209.90715332031252 -122.78642578125 203.46444091796877
N 3.584076061989374 4.435609319698027 -0.5281189707274079 -1749.0224609375 -295.3303955078125 499.555322265625
H 3.3240342959892786 5.344856004203665 -0.5668899608355136 182.1533935546875 291.80908203125 -187.60533447265627
C 4.830019393963115 4.11843321158018 -0.37064413222402837 735.8118652343751 -879.6632812500001 -67.2056396484375
H 5.240715855143162 3.172241160406606 0.05410009196757899 64.63018798828125 668.652490234375 823.4996093750001
C 5.367690933718171 2.7170284066961714 -1.1011175077333748 -699.46865234375 854.99892578125 108.92862548828126
H 6.172562761762972 2.843866379077773 -1.5616908087837589 257.2236572265625 46.958508300781254 -478.23393554687505
H 6.069820916532828 2.079533951366012 -0.8848173064666152 244.8328369140625 -315.9729248046875 264.704541015625
H 4.498822701318396 2.2236919530895802 -0.8625333802459072 -340.465966796875 -700.984765625 -512.7455566406251
C 5.646449736051332 5.216757183874496 -0.5818745387152949 1073.9647460937501 424.185498046875 678.9212402343751
O 5.014332537785889 6.239901123842673 -0.8665756608451409 248.60307617187502 193.15032958984375 -94.28852539062501
N 7.09151010755204 5.259353782896186 0.14428836882801632 -1178.7642578125 -67.92398071289062 -724.642724609375
H 7.508223589249381 4.434422816021985 -0.037134235455432124 62.04640502929688 -264.371240234375 90.86920776367188
C 8.024871544814474 6.165000549338302 -0.29411651921550447 -1.6750160217285157 34.245123291015624 415.18994140625
H 7.7992171315370395 6.652738978672602 -1.0662151471872487 -37.21189880371094 190.31982421875 -395.85146484375
H 8.072770174629614 6.923363688047478 0.4221200754509185 -106.4193115234375 130.61778564453127 66.23013916015626
H 8.926757365149554 5.9839220313066495 0.11361699375380019 278.6318359375 -110.96015625000001 -67.95767211914062
22
1648.8891906738281
H 1.2262826372998643 3.6237660874302624 -1.5032330025494358 0.6217544078826904 -201.82174072265627 -343.40141601562505
C 1.159397791588016 4.198536744591548 -0.750068384563588 -30.722674560546878 188.89860839843752 827.8887695312501
H 0.4209666820395744 3.934275681562307 -0.035317556278599255 -82.47009887695313 -225.9730224609375 -49.17075805664063
H 0.6564752385004109 5.026333807919102 -0.48935883166230665 -135.08460693359376 291.19956054687503 -251.65087890625
C 2.2340647425248985 4.324778458600846 0.2769443482051704 1417.69189453125 -132.23089599609375 -801.12734375
O 2.4875759357028397 3.7694198051820123 1.29025029267217 -209.777783203125 -123.33502197265625 203.66199951171876
N 3.5835982260306927 4.435096522622039 -0.5263804939544281 -1748.74765625 -305.5197265625 495.67998046875005
H 3.3150957551676683 5.340008288697062 -0.5612097693055883 184.64787597656252 302.9077880859375 -189.36729736328127
C 4.830067818478499 4.119935686932676 -0.37248168574932305 737.29384765625 -879.1573242187501 -73.11615600585938
H 5.242693816411083 3.173766660218158 0.047145668247389305 74.44638061523438 668.8517578125001 826.6715820312501
C 5.36883423396803 2.7151633112109836 -1.1023758315707033 -687.8170898437501 844.1208007812501 124.52290039062501
H 6.176836482850705 2.846137727764017 -1.5617364828793545 251.83583984375002 42.07027282714844 -476.94130859375
H 6.078068088596675 2.0723101340182377 -0.8802858886300563 222.42031250000002 -296.78447265625 257.6260009765625
H 4.492409179372128 2.224933848267445 -0.859961403935541 -334.0315185546875 -701.9666015625 -519.08681640625
C 5.644967417541348 5.219424082955516 -0.5846459709046107 1088.623828125 405.80498046875005 690.201171875
O 5.013331282379189 6.2386409967548575 -0.868836187553172 241.37441406250002 208.59035644531252 -98.64739379882813
N 7.090470508298842 5.261243271680617 0.14590243273890086 -1188.19990234375 -57.01198120117188 -734.9365234375
H 7.5063454719224705 4.438463320484772 -0.03733455360076973 64.79617919921876 -271.10593261718753 90.10938110351563
C 8.024593218824458 6.166628846481473 -0.29425262740622343 -22.71077575683594 32.700836181640625 402.587158203125
H 7.800827836792196 6.654761605305566 -1.0697635155501348 -34.751852416992186 185.28750000000002 -390.5325927734375
H 8.068542355956332 6.923540822385669 0.41934460714423927 -104.51699218750001 137.2788330078125 71.03131713867188
H 8.919282469654048 5.982951786302038 0.11325711862266441 295.07858886718753 -112.80450439453125 -62.00185546875
22
1651.7904052734375
H 1.231369438900118 3.6156296192729576 -1.5205201997544593 -1.9235366821289064 -173.09221191406252 -310.0477294921875
C 1.1598783467163192 4.197260149190624 -0.7535281090946 -24.400025939941408 152.27999267578124 806.5592773437501
H 0.4189501689602016 3.9276969264318784 -0.039173039616334546 -76.81876831054689 -223.460205078125 -55.93947143554688
H 0.6605669608486099 5.022801928026266 -0.486670744746645 -140.4019287109375 297.966845703125 -252.17983398437502
C 2.234658032016825 4.323889261218946 0.2769450368903515 1408.0212890625 -136.41678466796876 -800.391650390625
O 2.4876703612746915 3.7672788053667365 1.2894266862383228 -209.63344726562502 -123.99940185546876 204.04501953125
N 3.582949078986817 4.434534309681757 -0.5245824586023311 -1747.3136718750002 -314.579736328125 491.4765625
H 3.3060802556497726 5.3353075990171375 -0.555680684671631 187.041357421875 313.00749511718755 -191.002685546875
C 4.830076481138033 4.1214664684854805 -0.3742361805108471 739.1320312500001 -880.70107421875 -78.44723510742188
H 5.245055085023438 3.174997457566743 0.04074306875357709 82.99309692382813 669.027587890625 827.85478515625
C 5.3699868439208345 2.7131785889495403 -1.1037107600894518 -673.2220703125 834.7002929687501 139.71241455078126
H 6.181697960465973 2.84881624098041 -1.5621907857679707 244.51188964843752 37.0189697265625 -474.568994140625
H 6.086744923788379 2.0652853286426884 -0.8759713656948233 199.82048339843752 -277.3012939453125 250.32192382812502
H 4.4865335367134715 2.226160694298426 -0.8576491129593589 -327.90791015625 -702.614501953125 -524.540380859375
C 5.643416698349463 5.222062392767661 -0.5873271920435212 1103.2372070312501 387.57353515625005 701.203662109375
O 5.012402355245039 6.237392599700598 -0.8710736520908586 233.82744140625002 223.8001220703125 -102.9921875
N 7.089325178781316 5.26308918359954 0.1474758771379952 -1197.3134765625 -45.4310546875 -744.8519042968751
H 7.504562217078624 4.442721358604483 -0.03733486968430919 67.67490234375 -278.4798583984375 89.20078735351564
C 8.024327864491452 6.168261470885438 -0.29421198471242854 -43.96998901367188 32.45419921875 389.427880859375
H 7.802803206382697 6.656725372343485 -1.073703762881206 -32.146557617187504 179.61834716796875 -384.334228515625
H 8.064498796135949 6.923671209471216 0.4170400630027492 -102.66140136718751 143.62517089843752 75.45289916992188
H 8.91191456104231 5.981737642413662 0.1126056520179823 311.45302734375 -114.99639892578125 -55.95886840820313
22
1655.36474609375
H 1.2364273293849455 3.607105048752768 -1.5379210218861101 -4.81894760131836 -143.9847412109375 -275.6343994140625
C 1.1603510824330996 4.196076117105453 -0.7570031675059385 -17.521098327636718 116.17902832031251 783.1995605468751
H 0.4173173048372636 3.9210908238178273 -0.04337273513563379 -72.01401977539062 -221.059326171875 -61.833227539062506
H 0.6646264453622801 5.019672089553463 -0.48395451791025446 -145.35859375 303.895654296875 -252.79460449218752
C 2.2351266894182684 4.3230887261207505 0.2768721932258267 1398.94072265625 -140.7486328125 -798.9088867187501
O 2.4878569749088837 3.7651919854401728 1.2886047263595288 -209.708935546875 -124.4567138671875 203.93902587890625
N 3.582218180689746 4.434111413126502 -0.5227939208697501 -1745.4806640625002 -323.6526611328125 487.13847656250005
H 3.2971505346021384 5.330710840337743 -0.5500051943915547 189.24550781250002 323.1350830078125 -192.50543212890625
C 4.830117805001134 4.123125434939576 -0.3759724320856531 741.6061523437501 -885.8826171875 -82.34670410156251
H 5.2476304720214575 3.1755989748544082 0.03524936331127892 89.94005737304688 669.9434570312501 826.2125000000001
C 5.371146609595506 2.71109876057067 -1.105043781089935 -658.276025390625 826.18544921875 154.45863037109376
H 6.18705662017666 2.851501014912625 -1.5628027777535483 235.8107421875 31.94122314453125 -471.32768554687505
H 6.095685348098754 2.0585335239904583 -0.8721385571286264 177.4149169921875 -258.00253906250003 243.146923828125
H 4.480547803337834 2.227306997124571 -0.8552201979667362 -320.5254150390625 -701.760546875 -529.107568359375
C 5.641962314908725 5.22452822254126 -0.5899803862794634 1116.841015625 370.69865722656255 711.5119140625001
O 5.01147554606197 6.236089865702703 -0.8732723938780084 226.775390625 238.552587890625 -107.23598632812501
N 7.088126969928212 5.264875417860609 0.14888162474735311 -1205.67724609375 -34.120245361328124 -754.2481445312501
H 7.502701042177868 4.446868201401347 -0.03742609360646986 70.59450073242188 -285.71433105468753 88.25416259765626
C 8.023992163753451 6.169983854619371 -0.2941461663104921 -64.79910278320312 31.894689941406252 375.71518554687503
H 7.804679366831041 6.658612028034293 -1.0779769499129996 -29.317471313476563 173.61882324218752 -377.58466796875
H 8.060501822416693 6.923566506457465 0.41476310892417545 -100.81083984375 150.5089111328125 80.25064697265626
H 8.904688816935305 5.980125561648585 0.11186396413031549 327.1394775390625 -117.17120361328125 -50.29967346191407
22
1659.9292907714844
H 1.2414030237193565 3.598359301889202 -1.5552881998063235 -7.976634979248047 -114.83262939453125 -240.67497558593752
C 1.160849314044803 4.1949029068673855 -0.760420125943402 -10.88697738647461 80.61219482421876 758.56083984375
H 0.4158070640587089 3.9142799484982675 -0.047718111306303164 -67.34456787109376 -218.48161621093752 -67.36410522460938
H 0.6685638717531223 5.016776131325752 -0.48120092127476893 -149.91064453125 309.044091796875 -253.36867675781252
C 2.235594731858623 4.322239699091357 0.2766520814971788 1390.03857421875 -145.27586669921877 -796.023681640625
O 2.488070496634864 3.7631071019660256 1.2878123774078922 -209.9544189453125 -124.62408447265625 203.28389892578127
N 3.581470241151137 4.4337874527109244 -0.5209310228224774 -1743.1603515625002 -332.424560546875 482.279443359375
H 3.2881173660508005 5.326188789045933 -0.5446101527803926 191.36951904296876 332.8969970703125 -193.98798828125
C 4.830219861947338 4.124902169980226 -0.37778320120100584 744.108642578125 -893.5408203125 -85.19252929687501
H 5.250191355876636 3.175653311740482 0.030143573719565796 95.36702880859376 671.50615234375 822.94609375
C 5.372278661826594 2.708949307781853 -1.1063789028440647 -644.338134765625 818.705859375 168.48267822265626
H 6.192543322344899 2.85394210272331 -1.5632332494819998 227.08867187500002 27.107806396484378 -467.94809570312503
H 6.10440479088747 2.0521092621665433 -0.8687824441361334 156.11453857421876 -239.85832519531252 236.22368164062502
H 4.474592958783305 2.22818399355585 -0.8531553556155591 -312.19560546875005 -699.510888671875 -532.742236328125
C 5.640534425895321 5.226987559885457 -0.5926332830865094 1130.83818359375 354.0423095703125 721.8922851562501
O 5.010559034333808 6.234791073056845 -0.8754228711084346 219.8138427734375 253.347119140625 -111.504248046875
N 7.087026808560973 5.266570154394019 0.15025711131099012 -1213.82275390625 -23.79892272949219 -763.8349609375
H 7.500922413883012 4.450554746112236 -0.03774657168546156 73.06234130859376 -291.731591796875 87.44771728515626
C 8.023693932579066 6.171761737237867 -0.2940096543472712 -86.3851806640625 31.592788696289062 360.326123046875
H 7.806214352151067 6.660413722996048 -1.0828855607524788 -25.87055358886719 166.7607177734375 -369.41057128906255
H 8.056764093299181 6.92344814735986 0.4123101564848792 -99.04398193359376 157.90218505859377 85.37764892578126
H 8.89725325813418 5.978186679584445 0.11134838758296191 343.0884521484375 -119.43898925781251 -44.76832580566406
22
1665.3236083984375
H 1.2465044319774574 3.5893583846700015 -1.5726222378331356 -11.479575347900392 -85.72279052734376 -205.22758789062502
C 1.1613671788800235 4.193701076317666 -0.7638288626793105 -4.227481079101563 45.61477966308594 732.9711425781251
H 0.4142354353800095 3.9076157043066373 -0.05222598268149661 -62.7260009765625 -215.90517578125002 -72.59683837890626
H 0.6722061098712966 5.013922924389944 -0.4785934947889322 -154.08033447265626 313.65366210937503 -253.9517822265625
C 2.2360886919061858 4.321367995049449 0.27635852268665206 1381.00693359375 -150.000634765625 -792.391845703125
O 2.48818831149351 3.76108926745347 1.2870912610178384 -210.22429199218752 -124.61192626953125 202.38233642578126
N 3.58073199631624 4.433423204998633 -0.5190347063294609 -1740.9623046875001 -339.8546875 477.05478515625003
H 3.2788099362234933 5.321856895219605 -0.5395887181719171 193.74063720703126 341.2508544921875 -195.44971923828126
C 4.830347613914298 4.126695738593024 -0.37969052465000125 747.0359863281251 -903.02421875 -86.87601928710939
H 5.253008308893032 3.175132291501936 0.025155077430659523 99.91079711914062 674.91005859375 819.36904296875
C 5.373424850131235 2.7068020101022423 -1.1076573774982457 -630.0443847656251 811.09453125 182.37027587890626
H 6.1979786022042465 2.856371317612067 -1.5637415289987178 218.1748779296875 22.43062896728516 -464.7169921875
H 6.113101690451552 2.045789097328781 -0.8653729095145017 135.3381103515625 -222.24541015625002 228.95378417968752
H 4.468798479704195 2.2289680051378635 -0.8512419413695321 -304.2496826171875 -697.0536621093751 -536.50771484375
C 5.639081886334366 5.229376892564568 -0.5951560807298618 1144.64716796875 338.09526367187505 731.8803222656251
O 5.00954926717013 6.233494884175554 -0.8774354316643005 213.0962890625 267.8388916015625 -115.6585693359375
N 7.08592379072917 5.2681912053820295 0.1515962993432351 -1221.5474609375 -14.009500122070314 -773.222412109375
H 7.4993255122595714 4.454099417919944 -0.038261756427558635 75.24175415039063 -297.1978271484375 86.67000732421876
C 8.023343219601934 6.173594863880481 -0.2937520689469188 -107.51778564453126 32.66566467285156 343.21726074218753
H 7.807774772148727 6.6626292083589425 -1.0883140415071053 -22.177186584472658 158.71351318359376 -359.56003417968753
H 8.052948818720878 6.923619620075009 0.40972196780033227 -97.25252685546876 165.11851806640627 90.6525634765625
H 8.890055272916603 5.9759981028986395 0.11064545603750578 358.29643554687505 -121.76057128906251 -39.36202697753907
22
1671.0455322265625
H 1.2518087425339728 3.580231185680293 -1.5899194933500491 -15.371437072753906 -56.64937133789063 -169.54344482421877
C 1.1618304442187355 4.192495488761937 -0.7672456593610775 3.3327301025390628 11.140388488769531 706.93896484375
H 0.41275632648104554 3.9013410284521965 -0.056858718709080915 -58.706311035156254 -213.5573486328125 -77.32999877929689
H 0.6759963652964739 5.0113199963281305 -0.47609933646170066 -157.98863525390627 318.034326171875 -254.69411621093752
C 2.2366222854643745 4.320443590781656 0.27607745840108133 1371.6332031250001 -154.571044921875 -789.14638671875
O 2.488281325044669 3.759141373047759 1.2863775913861746 -210.41552734375 -124.7572021484375 201.77833251953126
N 3.579980570682885 4.433082846341685 -0.5171500160701901 -1738.8771484375002 -346.6106689453125 471.81938476562505
H 3.269154857699511 5.317616655830507 -0.5346333430357726 196.2928466796875 348.81337890625 -196.8827880859375
C 4.830461939620467 4.128572484721327 -0.3815918676462224 750.452783203125 -914.28173828125 -87.62557373046876
H 5.255990066191667 3.1742688124397134 0.020789267132472755 102.16087646484375 678.2613281250001 813.5307128906251
C 5.374490681642632 2.704625971743142 -1.1088594779399314 -614.172021484375 804.4134277343751 195.2859619140625
H 6.203783131927674 2.85910051971542 -1.5647142926648847 207.211767578125 17.693092346191406 -460.48974609375
H 6.1213991071843115 2.039819673956048 -0.8618961449632057 115.7652587890625 -205.75297851562502 221.6525634765625
H 4.463071240019312 2.2295974714371507 -0.8496400932292765 -295.24033203125003 -692.424853515625 -539.0138671875001
C 5.637609464485067 5.2318704729388585 -0.597677305629038 1158.755078125 321.263134765625 741.916259765625
O 5.008567228699928 6.232151000694318 -0.8794524704061241 206.10197753906252 282.9734130859375 -119.99493408203125
N 7.084834406316744 5.269798338875073 0.15281962839572694 -1228.8875 -4.438899993896484 -782.55078125
H 7.497865043947818 4.4573743934232235 -0.0382532924269154 77.11945800781251 -302.08291015625 85.97871704101563
C 8.023024621307796 6.175499497414081 -0.29352655107581194 -128.27437744140624 34.00561218261719 325.20947265625
H 7.80945045010221 6.665078622883739 -1.094029446078639 -18.490216064453126 150.17969970703126 -348.9843994140625
H 8.048843350439439 6.923800168753545 0.4070051136475242 -95.34463500976562 172.46591796875 96.19561767578125
H 8.883153734812854 5.973664004578091 0.10954966629303908 372.94211425781253 -124.11669921875 -34.04991455078125
22
1677.8091735839844
H 1.2568196304610475 3.571443109768484 -1.6074152899050296 -19.311459350585938 -27.879989624023438 -133.64079589843752
C 1.1622417136906256 4.191312593890618 -0.7706345789298447 11.257945251464845 -22.791384887695315 680.266357421875
H 0.41123557946527883 3.895459381595829 -0.06162118684514547 -55.0751220703125 -211.34677734375 -81.63078002929689
H 0.6797601553662912 5.008839881562517 -0.4739390006605506 -161.60069580078127 322.39396972656255 -255.2489990234375
C 2.2372328800845636 4.319441437332312 0.27585419024762486 1361.677734375 -159.068212890625 -786.613037109375
O 2.4883250763444593 3.7570751341849906 1.2855919966532228 -210.42177734375002 -125.10682373046876 201.636181640625
N 3.5792239520064717 4.432657669015069 -0.5152822767637837 -1736.6664062500001 -351.54599609375003 466.418212890625
H 3.259324768924043 5.31360648495192 -0.5294712142615069 199.12601318359376 354.91354980468753 -198.14544677734375
C 4.830605161558244 4.1305068927367525 -0.3835215261732666 754.1823242187501 -927.7393554687501 -87.42046508789063
H 5.259074235491498 3.172897397357408 0.016891944717763722 103.63616943359375 683.0231445312501 806.75234375
C 5.3756078628358885 2.7023804944284278 -1.1099998719657682 -596.77109375 798.37939453125 207.66484375000002
H 6.209856266749886 2.8619568047343176 -1.5661794961630684 194.62220458984376 13.070530700683594 -455.66796875
H 6.129821093596255 2.034109707795385 -0.8586804066683275 96.79016723632813 -189.73680419921877 214.44267578125002
H 4.45758925368047 2.23015095500691 -0.8481077693010902 -286.56491699218753 -687.54033203125 -541.68212890625
C 5.636094866274699 5.23436904716665 -0.6001893242740746 1173.4945312500001 304.486962890625 752.02568359375
O 5.007715438266183 6.230855438512525 -0.8814213990408664 198.67739257812502 298.0558349609375 -124.36068115234376
N 7.083754766777167 5.271396386340682 0.1540045445688446 -1236.6494140625 5.791582870483399 -791.726611328125
H 7.496298112177126 4.4608080267476415 -0.03822335782494842 79.31744995117188 -307.6294189453125 85.13762817382813
C 8.022792380669737 6.177402286940952 -0.2932263343773969 -149.67984619140626 35.84266052246094 304.9329833984375
H 7.811043535537116 6.6678357211696575 -1.1002344380682458 -14.373382568359375 140.67291259765625 -336.7781494140625
H 8.044517442375852 6.923978789400253 0.40397034820021716 -93.3858642578125 180.28691406250002 102.26895141601562
H 8.876163692614782 5.971122207871701 0.10860111592453853 387.71799316406253 -126.53236083984376 -28.630789184570315
22
1686.0762023925781
H 1.2618468404448822 3.562459500100367 -1.6247770410679527 -23.586543273925784 0.5785375595092773 -97.809912109375
C 1.1626203961698587 4.1900917104616076 -0.7741168598096249 20.279541015625 -55.44820556640625 653.0504882812501
H 0.40989628905287506 3.889851954300303 -0.06685019972586342 -52.34428100585938 -209.56618652343752 -85.03864135742188
H 0.6833532196799618 5.006432864397747 -0.47174789684700064 -164.91527099609377 326.24028320312505 -255.9404052734375
C 2.2378429923313634 4.318355815992279 0.2756258574712862 1351.4021484375 -163.491455078125 -784.3736328125001
O 2.4882913436845713 3.7549574241519252 1.284800028041846 -210.37148437500002 -125.510595703125 201.6026123046875
N 3.578434094585272 4.432180557147952 -0.513435203618836 -1734.2205078125 -354.9326416015625 460.883984375
H 3.2495150412250613 5.3098366959087695 -0.5241738758362496 202.10006103515627 359.780419921875 -199.22960205078127
C 4.830780529871563 4.132548319470922 -0.38549193196886994 757.7332519531251 -942.86552734375 -86.74263305664063
H 5.262174360708923 3.1713793814909974 0.013394269988264897 104.15452880859375 688.1614746093751 799.117919921875
C 5.376641496440268 2.7000787502807073 -1.1111294289888374 -578.59091796875 793.630029296875 220.06162109375
H 6.215917733623062 2.8650088754992287 -1.5676236932267607 181.613037109375 8.441056060791016 -450.880859375
H 6.138046912427707 2.0286886284399834 -0.8554949551040897 78.46205444335938 -174.46547851562502 207.26381835937502
H 4.452272816260055 2.2307784884989843 -0.8467611422689321 -278.0410400390625 -682.28740234375 -544.0091796875
C 5.6345979969536835 5.236917182329388 -0.6026933842680026 1188.43759765625 287.50632324218753 762.1208007812501
O 5.006924404150718 6.2295805611132815 -0.8832983558458132 191.00603027343752 313.28159179687503 -128.7572265625
N 7.082703417294099 5.2729641079228475 0.15512356671894234 -1244.9326171875 17.42421112060547 -800.4724609375
H 7.494681156547206 4.46466444367892 -0.038283905218535974 82.129736328125 -314.584228515625 83.9802734375
C 8.022593404514524 6.179310870918697 -0.2928508887863015 -172.02860107421876 37.98140258789063 283.1399169921875
H 7.812508770928669 6.670448500757744 -1.1068271057264125 -9.932702636718751 130.7179931640625 -323.66936035156255
H 8.039933740127355 6.9241060078755545 0.40076609918844264 -91.5004638671875 188.57634277343752 108.63427734375
H 8.868862231100971 5.9686903523034385 0.1078747027750001 403.1463623046875 -129.16795654296877 -22.931863403320314
22
1695.5715942382812
H 1.2669662470396443 3.5535529496352254 -1.6419499769282855 -28.021279907226564 28.573663330078126 -62.40780029296875
C 1.1629506073873852 4.188801804785799 -0.7776002214422956 29.61988220214844 -86.55793457031251 625.787646484375
H 0.4085475850706436 3.8842967573730784 -0.07253882234868085 -50.222204589843756 -207.99765625 -87.74591064453125
H 0.6868338294053038 5.004322110759885 -0.46957430155407553 -167.61240234375 329.224365234375 -256.78486328125
C 2.2384401149357553 4.317195809636088 0.27544901236417085 1341.127734375 -167.52735595703126 -782.6757324218751
O 2.488241045574454 3.752866636697493 1.28401125743396 -210.28007812500002 -126.14906005859376 201.93071289062502
N 3.577677690353007 4.4317619341046735 -0.5115520254284414 -1732.802734375 -355.85532226562503 455.30937500000005
H 3.2395284626049192 5.306768632072804 -0.5189709207170624 205.7418212890625 361.92111816406253 -200.122998046875
C 4.830953182282116 4.13464432408166 -0.3874856350765876 761.954345703125 -958.29423828125 -85.97849731445314
H 5.265616646110648 3.169925954582737 0.009804255751328329 104.04478759765625 693.2806640625 791.314111328125
C 5.377680540055173 2.697753574864967 -1.1122191730301072 -559.8416015625 788.9267089843751 232.79946289062502
H 6.221870759702366 2.8680070127115687 -1.5690772365758718 168.62401123046877 3.948642349243164 -446.43857421875003
H 6.146135585815297 2.0231035462704035 -0.8521535986360368 60.15476684570313 -159.31193847656252 199.91441650390627
H 4.447108574563144 2.2315771703873843 -0.845517753637238 -269.91943359375 -676.8177734375 -546.0771484375
C 5.633191826190666 5.239483355571796 -0.6051370731446546 1202.998046875 270.01884765625 772.1703125
O 5.006233125833584 6.228233792523204 -0.8850888848215099 183.25832519531252 328.96787109375003 -133.24833984375002
N 7.081653172732036 5.274445108499894 0.15628472122102818 -1252.8630859375 29.74231872558594 -808.99052734375
H 7.493176329017812 4.4686593168660185 -0.03850578369660622 85.07164916992188 -321.9204833984375 82.68293457031251
C 8.02232506962136 6.181302146107434 -0.29241679958873573 -194.30579833984376 40.241955566406254 260.3903076171875
H 7.813469952514842 6.673150006102755 -1.1137438454423512 -5.1396324157714846 120.24083251953125 -309.4975830078125
H 8.035189692332903 6.924446438428537 0.39734301650023457 -89.70346069335938 197.01114501953126 115.14179687500001
H 8.861542813704943 5.966288283691935 0.10749648263499194 418.11630859375003 -131.6662841796875 -17.47304382324219
22
1706.3143005371094
H 1.2719896234779515 3.5443224648984377 -1.6592930655107154 -32.767703247070315 56.9951416015625 -26.14051208496094
C 1.1631661968095024 4.187509276897965 -0.781079584588743 40.05605163574219 -118.2621826171875 597.3173339843751
H 0.4072468996536116 3.8787423120145723 -0.07834849803437875 -48.428436279296875 -206.480224609375 -90.07781982421875
H 0.6903328931652646 5.002104416982957 -0.4674616966449563 -170.53582763671875 332.52189941406255 -257.53232421875003
C 2.2390395313595017 4.3160790342909205 0.2752821438844294 1330.478515625 -171.78936767578125 -780.8431640625
O 2.488144612281562 3.750731954541448 1.2832408766880188 -210.1391357421875 -126.64718017578126 202.09108886718752
N 3.5768774760025868 4.431375457410737 -0.5096725682785622 -1731.2841796875 -355.73784179687505 449.726806640625
H 3.2294567999173247 5.30393673386944 -0.5140267026142418 209.6016845703125 362.9625244140625 -201.0334228515625
C 4.831182125737693 4.136809276097877 -0.3895999818899201 766.33916015625 -975.0070312500001 -84.42516479492188
H 5.269399748352107 3.1681828614135616 0.006217057133374109 102.97810058593751 699.0980957031251 782.85576171875
C 5.378703446044683 2.695522232314307 -1.1132922782038588 -539.6984375000001 783.33486328125 245.3648193359375
H 6.227909962682547 2.870948854957298 -1.570592770683471 155.27999267578127 -0.3704838275909424 -441.914990234375
H 6.154524780847525 2.017499543024951 -0.8487903460445055 41.30051879882813 -143.7923095703125 192.18817138671875
H 4.442075077792727 2.232399983256261 -0.8445118121747618 -261.82177734375 -670.79287109375 -547.771728515625
C 5.631840850782463 5.24199308323952 -0.6075225028827991 1217.47421875 253.11376953125 781.970947265625
O 5.005547116799115 6.226811494277209 -0.8868286174973415 175.6068115234375 344.67929687500003 -137.74296875000002
N 7.080658878799026 5.275975141446975 0.15741221464236776 -1260.49267578125 41.18658142089844 -817.19091796875
H 7.491843351191143 4.47257689843857 -0.038828223030754255 87.75342407226563 -328.67080078125 81.45972900390626
C 8.022069984677138 6.183331933250804 -0.291912646303223 -216.31779785156252 42.93800354003906 235.64479980468752
H 7.814380259610747 6.676062430612811 -1.1208898326239205 -0.35839643478393557 109.2647705078125 -294.3638916015625
H 8.030819926489643 6.9247848318106575 0.393581239376697 -88.07600097656251 205.9588623046875 122.32496337890626
H 8.854341568417343 5.964066872007756 0.10684913344158092 433.051953125 -134.50357666015626 -11.907473754882814
