22
26.288238525390625
H 6.376314982595939 1.3963259299846584 0.49220218989263154 -11.733018493652345 -122.1605224609375 82.88624267578126
C 6.246650040339661 1.858279776465901 -0.4369514264326793 -161.97203369140627 26.62362060546875 -79.57007446289063
H 5.547354986275908 1.3557099760880973 -1.1356585267500208 44.02984313964844 -2.7775293350219727 52.52155151367188
H 7.242698300224952 1.9113760236485833 -0.8390226526446541 20.98365936279297 47.93227844238282 -40.80859375
C 5.6599068977481926 3.195569220961723 -0.041040049838785085 295.25634765625 89.67762451171876 76.87581176757813
O 6.031432914672744 3.6692829770843716 1.0488802492783775 -95.32615356445314 -47.57123718261719 -53.72154541015625
N 5.174132365268649 3.969579215707199 -0.9955573338011019 -42.38124694824219 -222.67529296875 95.26590576171876
H 4.659004247263172 3.4748410958499507 -1.6899276711274158 -2.5639524459838867 40.41090393066406 -78.02484741210938
C 5.073656757843411 5.369135812702465 -0.8182609260857056 -25.507673645019533 190.9545654296875 48.03447570800782
H 5.986099474527496 5.74328447015695 -0.3071255108039186 -27.424432373046876 -38.22977294921875 -38.85854187011719
C 5.088750992443507 5.990239440563555 -2.23918190801706 -7.842539215087891 -52.89129638671875 49.74815063476563
H 4.17432968807509 5.816497471325814 -2.8284436916349294 1.9872323989868166 8.977764892578126 54.21407470703125
H 5.27182950800351 7.057117024179008 -2.0926926797796144 8.785922241210939 0.7735497951507568 -44.87727661132813
H 5.886764869749456 5.459900143614674 -2.7747007542785616 10.733728790283203 66.95790405273438 -14.276995849609376
C 3.929646979965466 5.847211928135576 0.15215147053506803 42.964044189453126 326.760205078125 -323.6636474609375
O 3.528189875250124 7.038896361668852 0.015766294530634654 17.648596191406252 -174.2792724609375 58.903070068359376
N 3.3297933135933966 4.97358169397504 0.881350498940925 -57.30774536132813 -185.618505859375 254.19926757812502
H 3.89867851142498 4.2702257425324746 1.3168236936792508 71.02523193359376 -29.43878173828125 -76.40990600585938
C 2.070909656655742 5.037030647365738 1.5738114070017881 -25.921145629882815 110.7169677734375 -106.23192138671875
H 2.0422768138483867 4.317400616108707 2.365313563317644 -22.898696899414062 -50.06483764648438 33.88103942871094
H 1.9257167523969452 6.020458533252735 1.973471550479029 4.477995300292969 52.03182373046875 35.351260375976565
H 1.3052620490502571 4.920170173698913 0.8148839843002637 -37.01394348144532 -36.11015625 14.562483215332032
22
24.202606201171875
H 6.380104455359853 1.402996629700215 0.5033651004647987 -16.800312805175782 -112.11956787109375 57.251495361328125
C 6.247757866330328 1.8597818366505932 -0.4392952326369765 -122.95076904296876 21.780209350585938 -35.628002929687504
H 5.563334566679084 1.3443515736517972 -1.1307680848553006 28.043179321289063 -7.757202911376954 37.1150390625
H 7.256179392747097 1.9141021998849883 -0.825379789321426 4.537137222290039 47.572427368164064 -39.653759765625004
C 5.656268661456357 3.1947376760534323 -0.041141459989619586 309.02531738281255 87.02567138671876 101.97560424804688
O 6.033486840025329 3.670143557013886 1.0506715632119419 -103.70118408203126 -52.7189208984375 -69.80471191406251
N 5.1725071256219675 3.9673336903968988 -0.9918138945196804 -88.70738525390625 -238.83061523437502 26.91474609375
H 4.643334965052137 3.4673331234798743 -1.6976605991303042 32.764505004882814 67.464453125 -30.430160522460938
C 5.07139836950178 5.367764383275596 -0.8215143762462139 14.237825012207033 190.5460205078125 89.33735961914063
H 5.993666418233045 5.7431378980979595 -0.3046775518043671 -53.71834716796875 -47.48394775390625 -54.09342651367188
C 5.092053335207717 5.98618338871386 -2.2370323310184075 -53.34808349609375 -40.27530212402344 27.601489257812503
H 4.170033391266178 5.813176327041377 -2.8264114347577625 17.215267944335938 12.539956665039064 63.17560424804688
H 5.2761959614663025 7.0492161444522425 -2.097657192162603 8.501319122314454 12.878474426269532 -39.07392272949219
H 5.878550494112401 5.473240835460226 -2.784565787561484 32.850973510742186 44.52205810546875 -19.495274353027344
C 3.9318464891910585 5.849109584909992 0.15395883167675212 31.511587524414065 312.70498046875 -330.4505126953125
O 3.529135630485156 7.035953215426732 0.01207923994355332 14.735646057128907 -156.93603515625 60.3907470703125
N 3.3256394604910735 4.9762250704595195 0.8810541453471564 -28.710784912109375 -173.40755615234377 232.77956542968752
H 3.9112951293806604 4.284971379429986 1.3086351556745026 60.724334716796875 -40.24189758300781 -63.55390014648438
C 2.070125804365104 5.040780858734411 1.5736449032398834 -55.1414794921875 97.70530395507814 -85.14650878906251
H 2.053422557994529 4.312429027254455 2.379567739132055 -25.617922973632815 -16.72698974609375 1.871027183532715
H 1.926975130033812 6.03838378877211 1.9672617311766896 5.2988021850585945 23.203346252441406 26.491009521484376
H 1.2957172467963116 4.913649617007033 0.8060173891575327 -10.749615478515626 -31.444882202148438 42.426483154296875
22
25.95111083984375
H 6.383632643670396 1.4073522587731926 0.5157914097074227 -22.261555480957032 -98.86630249023438 25.824978637695313
C 6.248745857572429 1.8612954008433698 -0.4417205001796013 -79.19149169921876 16.239663696289064 15.452093505859375
H 5.579780298291101 1.3333080904933472 -1.124774967508419 10.622506713867189 -14.184869384765626 19.830906677246094
H 7.269809704847799 1.9177631781694802 -0.8124450167916684 -14.121726989746094 46.417614746093754 -37.871987915039064
C 5.652954654653469 3.193921867956464 -0.04096350407835237 320.8673095703125 83.45855712890625 124.60382080078125
O 6.035476649502828 3.6709941045291017 1.052444275627844 -111.29300537109376 -57.469903564453126 -84.448095703125
N 5.170821980631713 3.9648238054287295 -0.988061446293534 -132.95552978515624 -250.10085449218752 -36.777139282226564
H 4.62841791886584 3.46079586436729 -1.7049162177499122 66.22857666015625 91.46964721679689 13.835618591308595
C 5.069141582300745 5.36671334209946 -0.8246343658144933 48.262567138671876 185.76445312500002 126.3109130859375
H 5.999266206236314 5.74203386385422 -0.3036324809147929 -73.74302978515625 -53.85594482421875 -65.62448120117188
C 5.095275103098597 5.982042645292353 -2.2347576601989494 -94.16085205078126 -26.263174438476565 6.174080276489258
H 4.166345778055946 5.810008761760772 -2.8230675070902036 29.752374267578126 15.355807495117189 70.03928833007812
H 5.2808828889543635 7.041450704150463 -2.103406844886624 7.62442626953125 24.416099548339844 -32.69432678222656
H 5.870977584294103 5.487716320701254 -2.794871485382435 53.329235839843754 22.359474182128906 -24.29939422607422
C 3.934001376594352 5.851698025237503 0.15544866092153972 20.00269012451172 291.7359130859375 -333.95458984375
O 3.530277225158767 7.032970874653247 0.008377994670585682 10.459895324707032 -136.248876953125 61.221166992187506
N 3.321623815032213 4.978514175740153 0.8809776291510346 -4.196684265136719 -151.82349853515626 205.2618408203125
H 3.923400711238783 4.301113340834062 1.2984672859768036 54.711517333984375 -56.72343139648438 -46.91365661621094
C 2.069072805396869 5.044534038468634 1.5735135602593182 -81.57512817382813 86.71764526367188 -61.51768188476563
H 2.0642254923648795 4.307388449895539 2.393279850799873 -28.937344360351563 16.016017150878906 -29.715811157226565
H 1.9283294510770244 6.057124855725547 1.961815247893328 6.25218849182129 -8.569011688232422 16.813829040527345
H 1.2861115020282778 4.906334533225481 0.7982502842083736 14.323095703125 -25.845025634765626 68.44861450195313
22
30.887481689453125
H 6.386536977466317 1.4095360359142848 0.5289583781179928 -27.63179626464844 -83.21706542968751 -9.876511383056641
C 6.2496572697121255 1.862719843236429 -0.44426223285929883 -32.591494750976565 10.249056243896485 71.28125610351563
H 5.596380221880519 1.3221124826484056 -1.1181623301819532 -7.070688629150391 -21.079531860351565 1.895376205444336
H 7.283365205336826 1.9227877555471593 -0.8005033113311113 -34.535134887695314 44.226251220703126 -35.50733337402344
C 5.650066119026187 3.193053168524877 -0.040372375561264905 329.5755615234375 78.7987060546875 142.47242431640626
O 6.037254048847456 3.67178157175367 1.0541160507962057 -117.5388671875 -61.47105712890625 -96.58379516601563
N 5.1689335859244405 3.9619131239292313 -0.9844414181014406 -171.47628173828127 -253.7833251953125 -90.9093017578125
H 4.614962906319181 3.455819695347557 -1.7108360980559651 94.842626953125 109.81090087890625 51.03713684082032
C 5.0669781880016505 5.366016522465976 -0.8276057582843009 74.11016235351563 175.54481201171876 157.73702392578127
H 6.002125635605693 5.739907047945473 -0.3041042394655332 -85.44213256835938 -56.77293701171875 -72.56763916015625
C 5.098304864946876 5.977813144603866 -2.232411014262249 -127.97786865234376 -11.149706268310547 -15.826708984375001
H 4.16328381041742 5.807170052365196 -2.8186411899236856 39.43482055664063 17.29479217529297 74.89613037109375
H 5.2857302418006995 7.034129099920675 -2.109904446760904 6.126159286499024 34.484780883789064 -25.8446044921875
H 5.864559180904668 5.502701872877646 -2.8060205414490555 70.28005981445312 1.8198286056518556 -27.261376953125
C 3.936135207747513 5.854874494802072 0.156620690950101 8.625465393066406 263.92861328125 -334.25234375
O 3.5314116634839907 7.029732245920849 0.0046778286971316495 4.879804992675782 -112.04306640625 61.25982666015625
N 3.317790929391591 4.980408886939323 0.8810667519426286 15.329023742675782 -121.75694580078125 172.54337158203126
H 3.934421401437987 4.318194810691718 1.28664890879506 53.4822021484375 -78.25421752929688 -27.0662353515625
C 2.0676713294845834 5.048290064736182 1.5732919993036163 -102.27106933593751 77.77431640625001 -36.63237609863281
H 2.0748312542627763 4.303041455059436 2.405659821808361 -33.0325927734375 46.25901794433594 -58.69490966796875
H 1.9296947798263062 6.0758233835296025 1.9564212160660133 7.006163024902344 -40.65857543945313 7.4643707275390625
H 1.2772446657724443 4.898632082811674 0.792144745863026 35.875875854492186 -20.00465087890625 90.4362060546875
22
37.904327392578125
H 6.389450206402452 1.4101423864987437 0.5418490785747216 -32.66518859863282 -66.75344238281251 -46.383154296875006
C 6.250797722767096 1.8642003989977662 -0.44664531577180305 12.460391235351564 3.8559818267822266 126.79879150390626
H 5.612620734950072 1.310864310510341 -1.111550914934611 -23.061933898925783 -27.191912841796878 -14.673556518554689
H 7.296396997114796 1.9294085451585885 -0.7892464957078484 -54.73988647460938 41.160925292968756 -33.359185791015626
C 5.6476859149487515 3.1922094115026267 -0.03934255027505834 334.9363525390625 73.93322143554688 154.86428222656252
O 6.038984244077836 3.6725654544487134 1.055678200477187 -122.52595214843751 -64.55192260742187 -106.16025390625
N 5.166789999461034 3.958850830499927 -0.981221429089776 -200.84046630859376 -250.04638671875 -130.9873291015625
H 4.603602477943512 3.4527477406681655 -1.7145760029680888 116.00914306640625 120.97310791015626 77.98969726562501
C 5.065147491257526 5.365679449229376 -0.8304621258759748 89.43395385742188 160.94667968750002 183.21688232421877
H 6.001836266738238 5.73671404471705 -0.3059197735369631 -87.50216064453126 -56.006134033203125 -74.60202026367188
C 5.101249833853697 5.973683955162802 -2.2301231287533407 -153.14112548828126 5.746176910400391 -37.29841003417969
H 4.161120062740006 5.80461730292792 -2.8127817402165785 45.506472778320315 18.402691650390626 77.05474853515625
H 5.290908148430801 7.027894391214664 -2.116759548906032 3.792257690429688 41.660012817382814 -18.899769592285157
H 5.859649824199632 5.5179150217018975 -2.817857106008666 83.20401611328126 -16.566137695312502 -28.095535278320312
C 3.9382639404452346 5.8587853407287955 0.15762149920857085 -1.3302855491638184 228.897900390625 -332.45195312500005
O 3.5326829019751105 7.026358739221672 0.0009410403199353874 -2.3188552856445312 -84.18496704101562 60.661206054687504
N 3.3143619840556227 4.981943666618423 0.8812709924288631 29.47810974121094 -84.28271484375 136.0528076171875
H 3.944960753095406 4.336279559704895 1.2735224761875343 56.413281250000004 -103.72154541015625 -4.691459655761719
C 2.0659827121729806 5.052179615806839 1.5731126312482069 -116.03968505859376 70.18911132812501 -13.148274230957032
H 2.085055203214117 4.300088429637503 2.4161720302678424 -37.74608154296875 72.41813354492187 -83.10744018554688
H 1.9308843328941516 6.093750527093125 1.950513900606883 7.444964599609375 -70.40421752929687 -0.3741539001464844
H 1.2693070528138315 4.891194453734366 0.7881653428936966 53.23267211914063 -14.474566650390626 107.59407958984376
22
56.783782958984375
H 6.393930936155542 1.4029660769708039 0.5751240458666805 -40.944555664062506 -15.901974487304688 -147.460595703125
C 6.257167237959562 1.8691910501563769 -0.45221353283844756 113.07233886718751 -27.534747314453128 276.93222656250003
H 5.664471144611153 1.262637695257042 -1.0932684779972297 -51.424798583984376 -24.283499145507815 -46.31727905273438
H 7.330430777234956 1.9667025769633595 -0.750537770591032 -99.4305419921875 24.152406311035158 -33.227362060546874
C 5.642159145113512 3.187894420066323 -0.030306551964510153 321.0426025390625 56.53977661132813 140.01182861328127
O 6.043835104834114 3.6741927677940827 1.060366723138417 -128.51297607421876 -64.44796142578126 -114.1235107421875
N 5.1535264782316395 3.9447254069645608 -0.9734794806976576 -190.29346923828126 -152.8808837890625 -107.93714599609376
H 4.588235500853755 3.460847967510702 -1.7003978855811508 96.26289062500001 78.59419555664063 49.93514404296875
C 5.0607652059430785 5.366967323933697 -0.8394430318175183 55.972265625000006 67.64061889648438 217.24267578125
H 5.974958456816779 5.718852975937442 -0.32967232633523713 -12.332984161376954 -25.47733612060547 -36.0678955078125
C 5.110138313983098 5.9565000758594335 -2.2222950151206335 -152.8180908203125 77.99074096679688 -124.63843994140626
H 4.162492232212341 5.797678492516738 -2.7789310745514495 29.2681396484375 14.177706909179689 59.44696044921875
H 5.313659179659034 7.009930699604935 -2.143894883786212 -11.300241851806641 45.88375549316407 7.228313446044922
H 5.857589525690525 5.57068800126875 -2.8717787206629137 83.57197265625001 -60.796032714843754 1.9054796218872072
C 3.9465478443348867 5.8789727422202445 0.15936311929353478 -29.080502319335938 39.72764587402344 -303.6364013671875
O 3.538195424141483 7.011357105893183 -0.013404931239268513 -42.65382385253906 52.23488159179688 50.84419250488281
N 3.303516062101741 4.98563886374228 0.8821078279494263 56.7998046875 82.78948974609375 -7.708050537109376
H 3.983029077971483 4.405319764114135 1.2209475266472547 79.99677734375001 -201.08061523437502 80.75093994140626
C 2.054926573926794 5.06828642153211 1.5740848348743743 -74.66857299804688 56.27516479492188 46.3372802734375
H 2.117544962962276 4.313392937638872 2.4322655646808116 -55.7329345703125 108.080322265625 -104.72321777343751
H 1.9334332559810607 6.142422822986599 1.9226982899524905 1.4163740158081055 -127.281494140625 -8.439264678955078
H 1.256498376456284 4.864008861031003 0.8030617800681026 51.790338134765626 -4.402174377441407 103.64410400390625
22
56.92059326171875
H 6.39299318655269 1.4004971811353415 0.5757533298445072 -38.59369506835938 -11.753952789306641 -151.1907470703125
C 6.259597446598974 1.8700079612318148 -0.45228579198886815 110.04749755859376 -34.860485839843754 284.9894287109375
H 5.674092866348003 1.2500353551529473 -1.0919827486415175 -49.047357177734376 -14.83853759765625 -44.24113159179688
H 7.332628283057055 1.9782398705254114 -0.7431031784630084 -95.90241088867188 19.70583190917969 -35.650457763671874
C 5.641984771552534 3.186565993335326 -0.02688775288003953 308.70463867187505 53.649072265625 119.52480468750001
O 6.044635526598544 3.67436289497633 1.0609336107064762 -126.38828125 -61.202893066406254 -107.94753417968751
N 5.149048981996857 3.941078137395615 -0.9728182540698671 -157.55080566406252 -114.37962646484375 -59.89970092773438
H 4.591231258421726 3.4670575939550585 -1.6903284617978511 67.59345703125 49.738671875 12.433766174316407
C 5.060260623275114 5.36765566098285 -0.8410744924492536 34.442327880859374 41.25712890625 213.43095703125002
H 5.965503550720596 5.713912634622411 -0.3381351614051536 17.066554260253906 -14.811756896972657 -20.08642578125
C 5.11181101499218 5.952361435235044 -2.220761925668114 -126.1530029296875 96.28513793945314 -145.67557373046876
H 4.166265472327759 5.796837752076927 -2.7678225059774775 13.326101684570313 11.105498504638673 47.728005981445314
H 5.319324145153824 7.007630143921485 -2.1497612635530454 -15.963963317871094 40.60213928222657 12.701874542236329
H 5.861701638146596 5.580612271026045 -2.886444331655826 70.79147338867188 -64.33551635742188 18.63752136230469
C 3.948671057108835 5.884561597680097 0.15922870907352943 -34.1357421875 -12.690050506591797 -292.3252685546875
O 3.53968509063535 7.007542325215433 -0.01687655214706379 -54.146636962890625 88.69719848632813 46.90165405273438
N 3.301232095596955 4.9863945107802765 0.8820364601346944 67.83118896484375 114.70262451171875 -34.84508361816406
H 3.993680930081789 4.418672994193054 1.2098181457861634 77.56087036132813 -213.43959960937502 94.56912231445312
C 2.0511660544885983 5.072314344951473 1.5747228874140324 -41.83583068847656 57.12489624023438 47.75568237304688
H 2.1236344862104413 4.323900127487972 2.428840052608553 -58.578240966796876 97.35203247070314 -87.89932250976562
H 1.9335023527609974 6.147249140433977 1.9145244866718314 -2.429962158203125 -121.82144775390626 -4.264445495605469
H 1.2586583739384913 4.857520375527859 0.8139664733180295 33.36183166503906 -6.0863483428955085 85.35287475585938
22
83.67105102539062
H 6.455726827499863 1.1090672173305687 0.49334292839930627 1.1658176422119142 108.39107666015626 -112.63276367187501
C 6.3497759993413965 1.8532278209254118 -0.3678723898975039 -103.71656494140626 -83.79628906250001 -127.73753662109375
H 5.7725399449968675 1.465378703836285 -1.2459655132208172 28.58026123046875 -21.43237762451172 106.88414306640625
H 7.255378437092021 2.2090785196906984 -0.8661704838004293 41.41756286621094 -59.0145751953125 60.600134277343756
C 5.694665645880463 3.133284500656517 0.02687504447874975 -10.694774627685547 195.09295654296875 -114.5364990234375
O 6.044544998133585 3.672301155086464 1.0698943856174743 -34.298919677734375 -39.40928344726563 33.27037048339844
N 5.0428289220902585 3.8822644334635026 -0.937680809081568 89.95819091796875 -110.6580078125 200.71549072265626
H 4.472320985002119 3.4999193709026093 -1.6779370367850097 51.17061462402344 -43.303503417968756 -0.430558729171753
C 5.067153902516805 5.333830570619748 -0.811752787786727 18.147023010253907 95.67184448242188 -28.236676025390626
H 5.963528489476062 5.730568160919612 -0.3425942208721646 46.07935485839844 -64.72901611328125 0.3645621776580811
C 5.119419963298583 5.904614060279615 -2.269794780950012 137.66307373046877 6.693878936767579 230.1304931640625
H 4.129857978699032 5.7522327340858235 -2.6353032094965805 -37.344198608398436 -15.5318115234375 -100.74706420898438
H 5.349130750248459 6.991982721747871 -2.16584545638019 -23.63825836181641 -65.10652465820313 -36.74939880371094
H 5.994471112904379 5.368665366670466 -2.744939931268286 -120.43343505859376 60.4638916015625 -20.007373046875003
C 3.990854547735949 5.89552411548096 0.14547162044230438 -178.92166748046876 204.74830322265626 -344.1784912109375
O 3.5448258500561085 7.011662811488666 -0.11591291680612863 10.940267944335938 8.259232330322266 68.39943237304688
N 3.2786066766762794 5.057321040257431 0.8342510407514704 158.71884765625 -127.99422607421876 252.51223144531252
H 4.0409597715009165 4.588002623827137 1.3353099642872912 -101.78041992187501 -86.44089965820314 -18.96746063232422
C 2.0107409526909397 5.168960078624426 1.5793709588014426 -57.98649291992188 92.1706298828125 57.149060058593754
H 2.058660620226817 4.63619524275474 2.5372184868402554 29.478924560546876 2.6681440353393557 -20.21886444091797
H 1.722338577389637 6.2193500676860705 1.8424301922922752 49.241387939453126 -60.20391845703125 -50.907037353515626
H 1.1820862185704102 4.708460396029894 1.0474350880333196 6.253398895263672 3.4605030059814457 -34.67620849609375
22
87.65411376953125
H 6.466421221637585 1.1110392840257028 0.4823767218263104 -1.3656044006347656 84.72682495117188 -84.68557128906251
C 6.35400982502587 1.8511562495431877 -0.3645638628330599 -141.27208251953127 -57.482458496093756 -174.46440429687502
H 5.769452283103133 1.4819807671046035 -1.2548178259465583 41.099185180664065 -28.471148681640628 125.425390625
H 7.2502893498683205 2.203869556338864 -0.8633323435193779 63.10809936523438 -51.140167236328125 51.75297241210938
C 5.695807867696634 3.1330123401330696 0.02547231599443235 -1.1717051506042482 188.7506103515625 -89.6466552734375
O 6.04461220226583 3.672099039615928 1.071264854741669 -37.070849609375 -42.20913391113282 23.890675354003907
N 5.038986062393356 3.879296882093706 -0.9351816588592222 130.70799560546877 -74.4564697265625 246.18278808593752
H 4.478085749605603 3.507597960344746 -1.6610981639586138 11.678192138671875 -74.21676025390626 -53.177520751953125
C 5.068477103945971 5.33105619729067 -0.811230648588608 28.903579711914062 109.42554931640626 -13.096597290039064
H 5.968738783166392 5.732146520867817 -0.3312710613919474 26.146560668945312 -74.75687255859376 -15.019921875000001
C 5.117413480676927 5.902871848017968 -2.269711325854897 181.00773925781252 -5.666677856445313 227.9736083984375
H 4.137616640327915 5.748581158431849 -2.6393945982089697 -57.44411010742188 -18.04236602783203 -104.48836669921876
H 5.349535213777497 6.992258642617724 -2.1704743575182635 -24.27734375 -71.159716796875 -36.0859619140625
H 5.996452628409879 5.352261846159515 -2.7395950302124135 -135.470068359375 77.05407104492188 -14.380897521972656
C 3.9912161445947882 5.89368562752486 0.1436133085873534 -183.3488525390625 236.77314453125 -352.92717285156255
O 3.5439649010449332 7.014184368548271 -0.11928700394872874 20.56121826171875 -12.071128845214844 71.49147949218751
N 3.2776918784237186 5.061373013137337 0.8323311932762502 159.93721923828127 -150.71456298828124 277.124169921875
H 4.037207974406397 4.590696490688863 1.3443260844623948 -107.71450195312501 -77.51512451171875 -31.546780395507813
C 2.0104266230949888 5.171774887657391 1.5800294025057504 -32.957403564453124 96.37434692382813 23.19360809326172
H 2.056907127927884 4.656146743521019 2.530441681534217 34.09333801269531 -19.399220275878907 15.707601928710938
H 1.717005599253354 6.209432142919691 1.8325225128283085 42.24801940917969 -24.29293212890625 -43.304412841796875
H 1.1917194633901895 4.710535001099549 1.0560553613963175 -17.39862823486328 -11.509812164306641 -49.91802978515625
22
93.5552978515625
H 6.477053267552263 1.1153598784231613 0.47001826235148314 -3.3994297027587894 56.79462280273438 -52.44586181640625
C 6.358101915039884 1.849072040620512 -0.36178430196934164 -172.651318359375 -25.125576782226563 -218.099365234375
H 5.767398238124388 1.4971299677320935 -1.2608397381805658 50.252758789062504 -36.98878479003906 137.83006591796877
H 7.2475509678923835 2.1973629211748644 -0.8593631424923533 81.3564453125 -43.26949157714844 42.850494384765625
C 5.6969178602290675 3.132889061758044 0.024049776454289355 8.906466674804689 181.52053222656252 -65.40545654296875
O 6.044732015800016 3.671956985327779 1.0726225365288007 -39.70074157714844 -45.049050903320314 14.448783874511719
N 5.0352841959124355 3.8763710609981095 -0.9325230253063277 168.38165283203125 -38.750430297851565 287.6402587890625
H 4.483385083810246 3.5152201940233985 -1.645027818271274 -25.695794677734376 -103.80863037109376 -102.98858642578125
C 5.069744323075639 5.328390696807213 -0.8111065025129437 43.37148132324219 123.82568359375 7.122029113769532
H 5.974790036609229 5.733957643759272 -0.31907375506690094 3.089163398742676 -85.88264160156251 -32.604086303710936
C 5.115772949163971 5.901059849352271 -2.269146593391535 209.53630371093752 -19.730755615234376 221.40263671875002
H 4.143647636447028 5.744049417500765 -2.6449639322351577 -70.36898193359376 -19.00050506591797 -104.91075439453125
H 5.349842213962929 6.991037203468583 -2.175973408824196 -24.007482910156252 -72.90994873046876 -34.456851196289065
H 5.9957079181163655 5.337510973646195 -2.7348929988995305 -144.17467041015627 90.23818359375001 -10.75569076538086
C 3.991456690760425 5.892306767099083 0.1413442347936442 -187.516845703125 264.12451171875 -359.76791992187503
O 3.5431177542415426 7.01669954134331 -0.12266725986980699 29.228308105468752 -30.067596435546875 73.82645263671876
N 3.2768877973306836 5.0653706407767025 0.8306405683394316 154.83935546875 -166.1099365234375 294.0515869140625
H 4.031772855643619 4.59405683935445 1.35087293779761 -106.36306152343751 -73.75015258789062 -38.412042236328126
C 2.010198809735263 5.174641117120994 1.5806231389096634 -9.10420150756836 93.99448852539064 -11.667626190185548
H 2.0561431633540885 4.674977719928431 2.5239445482637484 37.90058898925781 -38.9687744140625 49.756628417968756
H 1.7126941062551206 6.199064962864407 1.8214630491698944 33.65668640136719 13.58417205810547 -35.162515258789064
H 1.200649877563662 4.711865614105703 1.0631368804192411 -37.536685180664065 -24.669918823242188 -62.25216064453125
22
100.14657592773438
H 6.486858088856095 1.1211332412310768 0.45709197843874483 -5.046341705322266 26.571075439453125 -17.94319305419922
C 6.361854333573436 1.846981675909452 -0.35934501617628056 -195.52248535156252 11.923998260498047 -256.39130859375
H 5.7661141411659 1.5109852246210553 -1.263466052993414 55.597729492187504 -46.899392700195314 142.93414306640625
H 7.24789647571259 2.1896536182894404 -0.8540446446865774 94.23103637695313 -36.10062866210938 34.86864318847656
C 5.697856922643893 3.132971924143658 0.022828584375060017 19.545269775390626 172.78483886718752 -42.71870422363281
O 6.044837922902943 3.671678625266499 1.074064280517908 -42.008609008789065 -47.37897338867188 5.720701217651367
N 5.031655212952714 3.8735693038381602 -0.9295308807634184 201.23280029296876 -5.352429962158204 322.77490234375
H 4.487632039885646 3.5224603667584686 -1.630239609137957 -59.045910644531254 -130.64091796875002 -147.35302734375
C 5.0709977759925975 5.325762422762827 -0.8111234748055934 58.44706420898438 138.5539794921875 30.258959960937503
H 5.980781705521813 5.735870535485961 -0.30652646947089957 -20.36062927246094 -97.21290893554688 -50.847085571289064
C 5.114446103165266 5.899092963728103 -2.2679973417328703 221.2839111328125 -34.61160583496094 211.24636230468752
H 4.1476298753215 5.739238558969081 -2.652259512822106 -75.364306640625 -18.590460205078127 -101.55257568359376
H 5.34991465688142 6.988095652777545 -2.1819858665834646 -22.56037750244141 -70.05094604492187 -31.971316528320315
H 5.991997900643921 5.3247590698621945 -2.7302275297401883 -145.43046875000002 98.94497070312501 -9.965760040283204
C 3.9915045895212375 5.891316005433289 0.13875881653624106 -191.393017578125 286.239990234375 -364.3050048828125
O 3.5421890149186037 7.019089865596603 -0.12585026909130737 36.89027404785156 -45.48759460449219 75.22904663085937
N 3.276133272857402 5.069149930811941 0.8292669496546217 142.41751708984376 -173.087744140625 302.6080810546875
H 4.024457310436945 4.598515304889423 1.3551488253711383 -96.97097167968751 -75.81947631835938 -38.76202087402344
C 2.009928111327138 5.1776778552563565 1.5813064342627925 12.625129699707031 84.80268554687501 -44.340087890625
H 2.0563033332375946 4.692137325002835 2.518955988901721 40.71181945800782 -54.3827392578125 78.7748779296875
H 1.708971844446021 6.189138676392014 1.8094338124557448 24.118048095703127 51.227716064453126 -27.053289794921877
H 1.208541543340026 4.712150192508392 1.0687723765943464 -53.39750366210938 -35.43343811035157 -71.21232299804687
22
105.83624267578125
H 6.496317020213359 1.1275485588925855 0.4443576489473948 -6.775669097900391 -3.2556129455566407 16.02155303955078
C 6.365240715820501 1.844985070893384 -0.3574668035076972 -207.766845703125 50.52388305664063 -286.7597900390625
H 5.765725244971018 1.5231582853181755 -1.2628176036461811 56.936071777343756 -57.71715087890625 140.42718505859375
H 7.251590492072432 2.181367242551951 -0.8476530148456934 100.65570068359375 -30.050189208984378 28.330926513671876
C 5.69871001632677 3.133148536774375 0.021686809230382582 30.814746093750003 163.08120117187502 -20.408343505859378
O 6.044900967694692 3.671280520172662 1.0756144094064333 -44.062738037109376 -49.69200134277344 -2.8384496688842775
N 5.028317291931065 3.8708014546776415 -0.9261351241590583 226.08757324218752 24.76088104248047 347.31674804687503
H 4.490101440812683 3.5290332658375028 -1.6175616568990279 -85.77590942382812 -153.153271484375 -182.83415527343752
C 5.072372207054006 5.323179729999696 -0.8113188046874515 71.80478515625 151.6765380859375 54.467095947265626
H 5.986116035060443 5.737009413423354 -0.2943584334229511 -41.53512878417969 -107.22353515625001 -68.13258666992188
C 5.1136376533671015 5.896910025949697 -2.266474622277346 215.62297363281252 -50.09510803222656 198.71804199218752
H 4.149759373933846 5.734017766842085 -2.6608474602029393 -72.96505737304688 -16.953768920898437 -94.70665893554688
H 5.349205176045478 6.9832945277100595 -2.1881467841419964 -19.475825500488284 -62.11314086914063 -28.974505615234378
H 5.985374606462999 5.314154117892729 -2.725776618638397 -138.73612060546876 102.6534423828125 -12.221145629882812
C 3.9914170434152303 5.890634070953355 0.1357526524720542 -194.76724853515626 303.50021972656253 -366.6361328125
O 3.541376454660453 7.021350605982384 -0.12892238256259161 43.47587585449219 -58.40863647460938 75.75217895507812
N 3.275491952268963 5.0726319987562 0.8280238608443024 123.07648925781251 -171.9703125 302.66767578125
H 4.01557781500351 4.603956159574915 1.3567137935499929 -79.91949462890625 -83.70947875976563 -32.38625793457032
C 2.0097680749227314 5.180849493541438 1.5819476577367508 30.394818115234376 70.12813110351563 -72.05294189453126
H 2.0572954119241826 4.707416627369707 2.516416834561363 42.47546081542969 -64.6480712890625 100.05101318359375
H 1.7062106694136305 6.180756731600651 1.7965950436276612 14.375521850585939 85.69218139648439 -19.685719299316407
H 1.215039374043068 4.711384135157159 1.0725519512972315 -63.939990234375 -43.02618103027344 -76.11574096679688
22
109.02389526367188
H 6.505422734588078 1.13410479675955 0.43295009336228235 -8.904949188232422 -30.384814453125003 46.74787902832031
C 6.368317480438478 1.8431440423824963 -0.3562241514513656 -208.1099365234375 88.4362060546875 -305.965380859375
H 5.766375009242585 1.5337363503998436 -1.2587068135169805 53.68555297851563 -69.57477416992188 129.58768310546876
H 7.258720980579141 2.1725775947272616 -0.8405028327503845 100.26319580078126 -25.212750244140626 23.547573852539063
C 5.699516767246705 3.1334114312743515 0.020570798885159756 42.69417419433594 152.73355712890626 1.587173652648926
O 6.044923341327033 3.6708376478448668 1.0772647172581862 -45.90574340820313 -52.15452270507813 -11.468110656738283
N 5.025234475886692 3.868022958281576 -0.9223865947799688 241.80190429687502 51.16480102539063 359.7136474609375
H 4.490322617139214 3.5347434912648796 -1.6075073066483192 -104.56849365234376 -170.51320800781252 -207.68154296875002
C 5.0739304615142435 5.3207263477474696 -0.8116571306179023 80.72135620117189 162.2355712890625 78.25067138671875
H 5.989971693124291 5.737383937214569 -0.28312297256400165 -58.024407958984376 -115.09304199218751 -83.0466064453125
C 5.113228096677233 5.894599245254816 -2.264572376100765 192.79129638671876 -65.42691650390626 184.18338623046876
H 4.149972664864874 5.728507295211819 -2.6705473058432174 -63.53070068359375 -14.100372314453125 -84.38800659179688
H 5.348140989993988 6.97664616260241 -2.194926979755624 -15.051463317871095 -49.09414367675782 -25.31783905029297
H 5.975627928814008 5.306110376469753 -2.721271547837398 -123.62618408203126 100.44300537109376 -18.02444305419922
C 3.991150779391805 5.890347081290971 0.13230870666050393 -197.6091064453125 315.0997314453125 -366.48588867187505
O 3.5406832364421503 7.023464486513342 -0.13199115448647297 48.767922973632814 -68.4290283203125 75.33246459960938
N 3.2749262681091693 5.075836945309783 0.8270491227491363 98.90376586914063 -163.09954833984375 294.02341308593753
H 4.005617430178642 4.610435975199226 1.3558888969127534 -56.484796142578126 -96.75482788085938 -19.895819091796877
C 2.009827958083034 5.184089757701952 1.582456408864485 41.00454406738282 51.47296142578125 -92.86527709960939
H 2.059746254435753 4.720471867160846 2.5168231657294537 42.93316345214844 -69.1369384765625 111.76927490234375
H 1.704219735539563 6.174995794509525 1.7835196404253806 5.538865661621094 113.51307373046876 -13.781568908691407
H 1.2195060747477349 4.7088692500189655 1.0742778563270405 -67.28998413085938 -46.12401428222657 -75.822705078125
22
108.60943603515625
H 6.513794564304152 1.140050148670268 0.4236050082421261 -11.661518096923828 -52.651397705078125 72.30231323242188
C 6.371056277584848 1.841590862174069 -0.35553761653864285 -195.9703125 122.21634521484376 -312.7656494140625
H 5.767978913632497 1.5419961535552842 -1.251117233449812 46.11955871582032 -81.56923828125001 110.95872802734375
H 7.269411843368468 2.163230846771203 -0.8326062740788543 92.59785156250001 -21.601171875000002 20.69111480712891
C 5.700214224646153 3.133687601935736 0.019496824877582232 55.087377929687506 142.23198242187502 23.108787536621094
O 6.04479311571211 3.670303187805208 1.0789718217635342 -47.51286926269532 -54.69205932617188 -19.899659729003908
N 5.022507206347479 3.8652333521826043 -0.9183002572284177 247.122265625 73.01075439453125 358.576123046875
H 4.488154202184676 3.53925559540887 -1.6005011584991988 -114.24090576171875 -181.89117431640625 -220.39375
C 5.0756292524621385 5.31845015663123 -0.8120469308585588 82.01702880859375 169.02099609375 99.25465698242188
H 5.991065252083535 5.736966739443998 -0.2734444036894223 -66.59832763671875 -119.72830810546876 -93.6686279296875
C 5.113216206441349 5.892049151565756 -2.2623028798972085 155.36361083984377 -77.95475463867189 168.42139892578126
H 4.148896187274163 5.7229061189577015 -2.6812327012732124 -48.84532470703125 -10.496107482910157 -71.12804565429688
H 5.346466391231852 6.968879223434934 -2.2021211706644412 -9.53133544921875 -33.230715942382815 -21.307432556152346
H 5.9629761167408475 5.30046240082619 -2.7167868517172575 -100.66488647460938 92.48760375976563 -27.16126403808594
C 3.9906547750151344 5.890548008605584 0.1284341267616404 -199.9346923828125 320.4134765625 -363.50925292968753
O 3.5400324242466317 7.025404625775554 -0.13494857089693518 52.63749389648438 -75.00581665039063 73.74157104492188
N 3.2744030655025 5.078845987643136 0.8263604008023718 72.87584838867188 -148.5686767578125 278.6869140625
H 3.9953670369133816 4.61727561234322 1.3530739686265418 -29.565509033203128 -112.9556640625 -3.387699890136719
C 2.01003116953553 5.187256477117995 1.5827932742531214 42.85609741210938 33.55724182128906 -105.6482421875
H 2.063475056986719 4.731454283009979 2.520362412448469 42.05718994140625 -68.15015258789063 113.57760009765626
H 1.7018405121266933 6.173072826573314 1.7703320680405006 -0.6665997505187988 130.42091064453126 -9.981037139892578
H 1.221862127583925 4.704761173872217 1.0737935351893162 -63.542041015625 -44.864053344726564 -70.4685546875
22
104.51690673828125
H 6.521767210346062 1.1448070628323677 0.4168359701298477 -15.49222412109375 -68.08112182617188 90.60720214843751
C 6.373529434185507 1.8405170193020317 -0.3555507696663399 -172.2693603515625 148.56981201171877 -305.37177734375
H 5.770484866220643 1.5478545458471382 -1.2405854382727406 34.676065063476564 -93.25893554687501 85.60028686523438
H 7.283241246647694 2.1531980262683263 -0.8240684778437063 78.69248657226564 -18.62056121826172 19.13983154296875
C 5.7008393498813446 3.133937078629192 0.01859449270619182 67.73436889648438 132.039697265625 43.42898254394532
O 6.0446494899035885 3.6697401549714384 1.0807127708521225 -48.81875915527344 -57.312835693359375 -27.811920166015625
N 5.020228544850322 3.862465642986945 -0.9138427622323546 241.54628906250002 90.02283935546876 343.46220703125005
H 4.483435711348167 3.5425962404163283 -1.596668279491149 -114.18916015625001 -187.07088623046877 -220.2159423828125
C 5.077564034215619 5.316399933439339 -0.8123504923278961 75.82505493164062 171.67149658203127 115.97535400390626
H 5.989797503273353 5.735687393654879 -0.2658642987451312 -67.30995483398438 -120.97283935546875 -99.37499389648438
C 5.113591145917975 5.889228264200814 -2.2597793240388144 106.36204833984375 -87.33221435546875 151.49942626953126
H 4.147117899824105 5.717146766187198 -2.693130842294293 -30.298272705078126 -6.26666259765625 -55.14612426757813
H 5.344225038712418 6.960193815162254 -2.20949569133672 -3.2544387817382816 -15.216104125976564 -17.199830627441408
H 5.947906688803394 5.297412054642532 -2.7133254319136957 -71.31355590820313 79.311083984375 -38.555273437500006
C 3.9900099894885144 5.891269594295435 0.12419117609761339 -201.941357421875 319.83256835937505 -357.4809814453125
O 3.539502741788974 7.027291865286208 -0.13766163566909992 55.26106567382813 -78.42154541015626 70.98413696289063
N 3.2738908180964943 5.0816841324968 0.8259264899731116 46.39659729003907 -129.23714599609374 257.4421875
H 3.9851626342295328 4.624164818948371 1.3482969453858693 -0.3280959129333496 -131.62249755859375 16.30207061767578
C 2.010391991360823 5.190375647933116 1.582925864178417 37.12376708984375 16.540367126464844 -109.771240234375
H 2.0681718888114546 4.7401247594877045 2.5269998943053 39.87129821777344 -61.83079223632813 105.1121826171875
H 1.6995771313617445 6.174995173940536 1.7571189394732918 -4.37475814819336 136.670849609375 -7.869559478759766
H 1.2226705925480976 4.699097664710367 1.0711702518690847 -53.89912719726563 -39.414562988281254 -60.75624389648438
22
97.53424072265625
H 6.529178146352519 1.1479989327366564 0.4129608489505403 -20.553999328613283 -75.94327392578126 100.9971923828125
C 6.375610649838376 1.839866939093344 -0.35614500492269546 -138.46538085937502 166.1835693359375 -285.472412109375
H 5.773334729392856 1.5509675914473007 -1.2279362118270707 20.804847717285156 -103.86492919921875 56.01534423828125
H 7.299852513051612 2.1425646557630227 -0.8147054773150031 58.807305908203126 -16.26836395263672 18.68682861328125
C 5.701434125134066 3.134236879750029 0.01791560690745712 80.03275756835939 122.01712646484376 61.781384277343754
O 6.044504248734626 3.669151490534203 1.082441689741049 -49.656402587890625 -59.745336914062506 -34.67257080078125
N 5.018178934699499 3.859798011877302 -0.9089549708410201 225.6333740234375 101.79447021484376 315.0769287109375
H 4.476436447614869 3.544743561988591 -1.5961120732521905 -104.47874755859375 -186.23586425781252 -207.53166503906252
C 5.07969573052045 5.3145633788366355 -0.8125079712050104 61.067108154296875 170.2843017578125 127.72728271484375
H 5.9859790092519285 5.733307204205655 -0.2605968359280302 -59.493499755859375 -118.439013671875 -99.55406494140625
C 5.114091763413823 5.886183107751569 -2.25698973021509 50.81543884277344 -93.34494018554688 133.47335205078124
H 4.145084287934717 5.710898913748755 -2.705807152571264 -9.852500152587892 -1.5102506637573243 -37.227926635742186
H 5.341761883339987 6.951050702766958 -2.217097042139844 3.0197288513183596 3.5473220825195315 -13.076258850097657
H 5.93106669963369 5.296731787289627 -2.7111367263567523 -37.83221130371094 62.05709228515625 -51.25245971679688
C 3.9891148658143134 5.892581875106657 0.11967259251621276 -203.17984619140626 313.14768066406253 -348.77265625
O 3.539040291991668 7.029151756667602 -0.14024219598103654 56.54163208007813 -78.56695556640625 67.22561645507812
N 3.273214463569245 5.084337550527957 0.825629085811455 23.227253723144532 -107.63414306640625 233.392333984375
H 3.9758166468361695 4.630467858467432 1.34237587344858 27.609301757812503 -150.20322265625 36.15293884277344
C 2.0109229751417086 5.193517383384876 1.5828579228940427 22.90571746826172 0.4396430015563965 -105.91478271484375
H 2.0737880906372874 4.746708513441233 2.53669184562002 36.40879821777344 -50.59002685546875 86.559619140625
H 1.697246726104935 6.18079732721819 1.7438136140945948 -5.326882553100586 132.24162597656252 -7.13921127319336
H 1.221763380432706 4.691779642381276 1.0664683659172103 -38.03377990722657 -29.36651611328125 -46.47483825683594
22
85.086181640625
H 6.322280573090213 1.2946387858391333 0.5916677007980069 52.058984375 -54.187268066406254 -32.30125732421875
C 6.4410022932245115 1.836903143600227 -0.3486944989490071 -136.7687744140625 -168.1824462890625 -204.69498291015626
H 5.943184606802387 1.2755067813127485 -1.2469321147033208 52.0912109375 133.22515869140625 193.8465576171875
H 7.450167923413088 2.0252009714384105 -0.6694060264675566 50.819619750976564 -7.016385650634766 33.61986999511719
C 5.845116348784712 3.137207492599272 0.01067958109030136 -149.25751953125 238.65358886718752 270.19541015625003
O 6.028859227758817 3.6233714135841315 1.173877994747238 44.30498352050782 -121.15484619140625 -214.866796875
N 4.951991843104445 3.8095955236268173 -0.7329995822431001 229.88100585937502 54.83124389648438 66.72310180664063
H 4.340246700030731 3.50405194628523 -1.3878418115261792 -66.44835205078125 -203.914404296875 -155.55129394531252
C 5.056174407911449 5.2396257544409455 -0.7871269340310849 7.710496520996094 303.1785888671875 5.5189353942871096
H 6.0079748632550345 5.6848000118985045 -0.3430107372073332 -108.40015869140626 -109.96926269531251 -12.131612396240236
C 5.107031151043659 5.7038698472719 -2.248096022281621 239.4538330078125 0.13279973268508913 72.247802734375
H 4.118122742301045 5.5675054153016035 -2.622852900344909 -37.09602355957031 -31.25257568359375 -93.74071655273438
H 5.3233509574207725 6.808488768892717 -2.1863331553692946 -13.40662841796875 -98.55544433593751 -45.758059692382815
H 5.996444897240724 5.139782126431553 -2.7498141155207962 -191.99920654296875 103.958740234375 45.07612609863281
C 3.852722300356159 5.930517277051041 -0.06881538907860672 157.05192871093752 215.3248046875 -65.92993774414063
O 3.526457679672226 7.128195143735456 -0.24146866646180792 13.613180541992188 -127.10650634765625 -36.76846923828125
N 3.312971325151453 5.202806792050446 0.8319303629986241 -197.4638427734375 -200.17777099609376 245.56064453125
H 3.7936762971454185 4.380864803086945 1.147270326621781 75.31535034179687 -16.300413513183596 -56.79066772460938
C 2.0418735010284106 5.311599900113505 1.5289530896797432 -8.221813201904297 103.16701660156251 -57.797314453125004
H 2.1683442754975157 5.230423204366879 2.567046982129783 34.63067626953125 -26.331143188476563 115.39498291015626
H 1.5866048162571633 6.262500645900627 1.386385275422889 -13.255636596679688 79.59498291015626 -36.57311096191406
H 1.3380256452858448 4.582303827720214 1.209652381412108 -34.61327819824219 -67.91845092773438 -35.27919921875
22
86.96072387695312
H 6.331646047599064 1.2855340954043002 0.58177158738662 44.488031005859376 -62.86824951171875 -7.7995758056640625
C 6.4406916378101755 1.8355954120912177 -0.3439345953248734 -124.22091064453126 -143.51138916015626 -238.0232666015625
H 5.94475668818884 1.2920647680476336 -1.2490390665437316 48.5248291015625 119.7382568359375 189.61295166015626
H 7.448131267936916 2.0281689637944424 -0.6685971095834646 50.801342773437504 -9.424473571777344 34.316827392578126
C 5.8487700161798 3.137842977298551 0.008774236560310044 -151.1858642578125 240.93437500000002 298.7919189453125
O 6.028868908618932 3.621535605539095 1.175903055444551 44.827465820312504 -122.31578369140625 -226.195166015625
N 4.951521586754843 3.8090441851551473 -0.7301520250068182 254.0313720703125 60.812756347656254 86.97833251953125
H 4.3475644149955865 3.503696321237963 -1.3759116011501695 -92.62515869140626 -217.6298583984375 -183.39674072265626
C 5.054999470742287 5.236790766034351 -0.7905229155577966 -2.6227085113525392 319.364501953125 26.8890625
H 6.003962296649732 5.680360516675997 -0.3387875277597299 -107.5138427734375 -108.1406005859375 -16.444435119628906
C 5.107944984573426 5.700086872929647 -2.248013006324736 233.0025146484375 -0.3204533576965332 75.74005737304688
H 4.121466858305497 5.563976168485798 -2.6183475187912943 -46.07315368652344 -35.203802490234374 -100.510595703125
H 5.321993188714259 6.801403684714929 -2.1991893264604743 -10.124510955810548 -87.536962890625 -38.78711853027344
H 5.994398480467397 5.136207498572291 -2.7379931898877437 -178.12431640625002 94.20750732421875 30.65979919433594
C 3.8480311313758215 5.933523720672148 -0.07257430866763179 180.3927978515625 183.54781494140627 -65.18858642578125
O 3.526377214821073 7.129766130092551 -0.24373027049027002 7.1807861328125 -115.21297607421876 -38.54607238769532
N 3.3155223039933674 5.204263507872604 0.8332221812669325 -215.52287597656252 -191.59134521484376 248.735546875
H 3.785680246016387 4.375593349553213 1.1492041447302381 80.88009033203126 -12.376573181152345 -61.901275634765625
C 2.0412025680723684 5.31626278981054 1.5275715571767388 4.178340530395508 67.66217041015625 -56.338372802734376
H 2.1682364623346864 5.24278306118102 2.5653088761493064 35.162060546875004 -25.175085449218752 118.00067138671875
H 1.5884203567757325 6.256229754616359 1.3826727548753712 -26.646441650390628 105.675634765625 -43.12859191894532
H 1.3386284818782281 4.577237770635543 1.216982406580069 -28.809841918945313 -60.63547973632813 -33.46538391113281
22
85.02032470703125
H 6.227344999017708 1.2567705993342546 0.5691889279620062 66.05606079101562 -10.88322219848633 -69.600830078125
C 6.477723083115325 1.8618751806006228 -0.3305146280124711 -161.19166259765626 -294.120068359375 -114.79034423828125
H 5.9496493340552625 1.3275036782605816 -1.2279455139727549 79.52001342773438 146.31607666015626 171.61751708984377
H 7.548036933715214 1.86159225502565 -0.5402239568528429 -0.7351534843444825 50.42893676757813 31.159338378906252
C 5.886193708634616 3.152749272909459 0.0881244447608849 -10.74985580444336 178.72066650390627 297.6531005859375
O 6.057890681200833 3.553032721967688 1.2847716246651795 7.390547180175782 -35.4343505859375 -250.7589111328125
N 5.006810496003703 3.7592868026500663 -0.6939334931233698 132.8611572265625 -7.126125335693359 101.68307495117188
H 4.473682699188622 3.0994389112930505 -1.2200335773004463 -37.21473083496094 68.66845703125 -102.182470703125
C 4.966120922854852 5.249156915259383 -0.8242927381920828 44.14804382324219 53.14661254882813 -153.20323486328127
H 5.820094865479071 5.868585122496221 -0.40477505520326085 -43.530520629882815 -171.70263671875 8.542964172363282
C 5.139006130192745 5.520214803647265 -2.3382812889184503 193.2505859375 16.50946044921875 -10.872781372070314
H 4.196632934475176 5.259553954336419 -2.8170265040245805 0.3801712989807129 26.943020629882813 -28.885821533203128
H 5.384345776662266 6.633142354868566 -2.340151089685344 -49.82930297851563 -129.02320556640626 -71.76787109375
H 6.033410030876655 4.913172605368391 -2.8434680500577656 -211.1864990234375 142.6373046875 144.32784423828124
C 3.767372917120635 5.953046688735957 -0.16486267595895465 109.04073486328126 1.3999731063842775 137.54735107421877
O 3.5215916490329775 7.134252927531637 -0.3393788204434522 -59.393365478515626 18.358500671386718 -81.01366577148438
N 3.2981382731635245 5.315680930314688 0.9028536671410798 60.438836669921876 -248.82158203125002 35.14985961914063
H 3.8064362646653893 4.431806192170875 1.1733930038732772 -54.962744140625006 139.73199462890625 -51.566052246093754
C 2.020518131960382 5.4807941548046735 1.542066986342968 -21.754414367675782 69.36890869140625 -96.08173828125001
H 2.1165072032501033 5.698680283503435 2.578365811374888 12.59680862426758 13.754212951660158 77.46297607421876
H 1.4741163022397896 6.264036993720586 1.0345991220118176 -11.175273895263672 39.37130126953125 5.569915008544922
H 1.4600843692096572 4.593178623460269 1.3707054985365899 -43.95943908691407 -68.2442626953125 20.0097900390625
22
87.46353149414062
H 6.221344259424559 1.2729466737412634 0.5660220274686125 64.63192138671876 -34.241949462890624 -51.13294372558594
C 6.47787734339575 1.861191409521195 -0.33159475770474567 -153.22718505859376 -277.04521484375 -138.92025146484374
H 5.9548687781871905 1.3217620071230307 -1.23410315381032 79.63179321289063 152.88868408203126 181.82166748046876
H 7.550882628680612 1.8625393313024419 -0.5405310830969725 -7.21801986694336 49.28302612304688 35.60292053222656
C 5.88570642229219 3.151411306425655 0.09150338914030552 -8.435175323486328 176.739208984375 290.2130859375
O 6.0588801941469725 3.5530934813074975 1.2892538781890204 4.699224472045898 -37.498114013671874 -257.87998046875003
N 5.009509606730294 3.756946255855179 -0.6949205362873696 159.2490966796875 56.148284912109375 135.7047119140625
H 4.475459844812629 3.1194569520308124 -1.2122171085354416 -67.60601806640625 16.909037780761718 -133.93815917968752
C 4.96599006939114 5.248326852719053 -0.8297998769571497 40.74120178222657 63.56029052734375 -118.6812744140625
H 5.812831164477123 5.877859639742578 -0.39972630000329384 -45.413690185546876 -182.01009521484377 -2.008474159240723
C 5.139702807172037 5.514916369939304 -2.340580896797291 185.24648437500002 42.149078369140625 -12.541680145263673
H 4.192104243936256 5.258434775644543 -2.813739291279365 6.183184814453125 23.640049743652344 -31.699700927734376
H 5.385759555586852 6.631190129940798 -2.349765085958764 -52.275305175781256 -139.12723388671876 -66.98784790039063
H 6.0364780516727325 4.913898896528571 -2.8375907612372893 -206.00390625 132.19283447265624 134.43646240234375
C 3.765551810902361 5.955932911502041 -0.16466649004929082 124.589208984375 -33.93507385253906 130.23353271484376
O 3.5221069733823134 7.131620052212839 -0.3415650854396288 -66.3736083984375 43.22056274414063 -83.51524047851564
N 3.2970256427649614 5.3191611400254075 0.9042934679757304 68.6140625 -261.83037109375 39.83698425292969
H 3.8080751834822326 4.432594835837871 1.1802869841559491 -63.138928222656254 154.60964355468752 -58.057647705078125
C 2.018793679647958 5.484801420288893 1.5422746547886454 -14.69032440185547 39.43095397949219 -77.33552246093751
H 2.115392026970033 5.7110101740270505 2.578517314475996 12.832168579101562 13.09122314453125 72.52991943359375
H 1.4764121450873289 6.2598407611559725 1.037233019452576 -25.464959716796876 56.26371459960938 -8.345233154296876
H 1.4590917283944589 4.588484692784212 1.3807992468547523 -36.571231079101565 -54.4385009765625 20.664675903320315
22
84.676513671875
H 6.294500307489298 1.1705144574708073 0.5284083904175697 24.85443115234375 -4.946552276611328 -83.44560546875
C 6.470053949947764 1.8445338319889293 -0.3389646586830283 -144.24119873046877 -48.97017822265625 76.05819091796876
H 5.938741031684897 1.4538488224910613 -1.299084651747472 114.08552246093751 82.48414306640626 167.08765869140626
H 7.526555915264543 2.0558419280630376 -0.4072738079763874 30.416107177734375 -36.126861572265625 -53.25004272460938
C 5.891016210698861 3.1461516208130687 0.18949947148475593 -191.4865234375 13.184791564941406 -270.9605224609375
O 6.062470107765963 3.551036504418809 1.3169165284593023 48.15163879394532 31.083010864257815 40.928872680664064
N 5.071021069627387 3.7745911097274765 -0.7056931849728822 88.74688720703125 61.506219482421876 196.67424316406252
H 4.396285317460512 3.29102301711278 -1.2391733778707257 17.234175109863283 -111.83613281250001 -51.25731201171875
C 4.967525507905214 5.21495298333149 -0.9007816364390544 -134.669775390625 190.96517333984377 250.97236328125
H 5.661798301426765 5.85440907708729 -0.3221670041069923 104.38907470703126 -123.322998046875 -69.44301147460938
C 5.135067519840806 5.429372412097058 -2.3722867004892785 200.739990234375 56.35939331054688 -158.79505615234376
H 4.1939164373212305 5.196644088942016 -2.8396208308096127 -9.056333923339844 -63.308728027343754 -45.499871826171876
H 5.330254321789018 6.479320569600423 -2.7128929952095966 -10.738419342041016 -59.33558959960938 93.83402709960939
H 6.073297026890017 4.8173717246903145 -2.6879560772819078 -191.79122314453127 92.13234252929688 7.9936569213867195
C 3.7619629347573085 5.9311990240637265 -0.16192218665182306 154.80352783203125 95.20537109375 -94.84449462890626
O 3.520399236453906 7.11431429869156 -0.3910738877096641 -66.49014282226562 -34.728204345703126 -64.04532470703126
N 3.287518856525952 5.375528621686062 0.9231824215936013 39.467715454101565 -313.5564208984375 129.532421875
H 3.87660905679895 4.577112600668135 1.2925200959337588 -98.95341796875 120.45089111328126 -63.9301025390625
C 1.977432136995831 5.550052498199243 1.5604825448124382 104.50213623046875 87.88822021484376 -76.84519653320314
H 2.1566867073101195 5.918782238294369 2.5399229881357295 -2.3865602493286135 21.594526672363283 83.20535888671876
H 1.4104287169359462 6.311541861668286 1.0273056405851957 -23.5718505859375 -11.641936492919923 -12.23291473388672
H 1.4880871184245001 4.602173625445515 1.6116583587394429 -54.00576171875 -45.08046264648438 -1.7373580932617188
22
90.65655517578125
H 6.304077222799681 1.1496051821250732 0.521025188018317 21.451451110839844 10.96832275390625 -86.5455322265625
C 6.469114420995398 1.8455834718443496 -0.33559453878419687 -144.49134521484376 -68.925244140625 41.99031677246094
H 5.931576834207095 1.4649219043804527 -1.3102529451875287 131.68138427734377 87.72674560546875 194.99979248046876
H 7.527871373781724 2.0652952939661033 -0.40461831247337054 19.94457244873047 -39.25862426757813 -53.74666748046875
C 5.890901281507373 3.145369978258343 0.19123995386804413 -198.74908447265625 19.582870483398438 -269.531396484375
O 6.06236846323537 3.5513963936862996 1.3172745524344174 48.67359313964844 31.32380065917969 44.89290771484375
N 5.0727529132805635 3.7762935706020286 -0.7064070627053745 139.73552246093752 85.64326171875001 244.9600830078125
H 4.41197301051858 3.302924094320546 -1.2288556400644974 -32.110711669921876 -149.87808837890626 -91.86804809570313
C 4.965614665644069 5.213438197200645 -0.8986999946702313 -103.74681396484375 206.33378906250002 240.60302734375
H 5.67046551807203 5.856524022351913 -0.3216634006132352 85.35127563476563 -135.194189453125 -78.77327880859376
C 5.134987262966311 5.425293067800352 -2.3746860469795514 193.64031982421875 59.06990966796875 -177.37923583984377
H 4.190241804889498 5.185382075466132 -2.851730873161022 11.350926208496094 -56.80744018554688 -30.00428466796875
H 5.327872385494651 6.482943181762293 -2.7247147632067255 -12.878511047363283 -84.83197021484375 103.55317382812501
H 6.075731337506567 4.803509522489025 -2.687988065989599 -203.76480712890626 106.76386718750001 11.979469299316406
C 3.763554212641154 5.926983246074188 -0.1626207974121638 135.72705078125 133.784814453125 -97.14862060546875
O 3.5198747383153157 7.114342332672927 -0.3938513992086349 -60.058197021484375 -57.544567871093754 -61.410394287109376
N 3.2874236724100125 5.377892963500251 0.9231706438546644 42.663455200195315 -320.88383789062505 134.61680908203127
H 3.8843753560243384 4.584855811327811 1.2949345165693649 -106.40238037109376 121.11119384765625 -62.20498046875
C 1.9753252330992153 5.554215579917222 1.5616977366318676 121.02451171875 63.096594238281256 -73.14906616210938
H 2.1603860134591506 5.9266842315010235 2.5365675097646467 -3.560761642456055 25.071243286132812 88.13466796875001
H 1.4080547375045818 6.305368634709411 1.0290151285973905 -33.89144287109375 3.1346683502197266 -22.170285034179688
H 1.4885217757578695 4.603357783574009 1.6214202277442857 -51.589996337890625 -40.28711547851563 -1.7984970092773438
22
93.28369140625
H 6.313603464659438 1.1296107702619758 0.5112969871440729 17.10985565185547 23.580978393554688 -84.7031005859375
C 6.46773547643265 1.8464709303208475 -0.33218362452045813 -132.56640625 -79.09918212890625 16.418620300292968
H 5.9273712943514125 1.4781275413694486 -1.315938727715129 140.32930908203124 86.30449829101563 207.60598144531252
H 7.52956999084526 2.0740125028247216 -0.40317132204229994 7.1150146484375005 -42.66597900390625 -53.250500488281254
C 5.89057786506829 3.1445621977149276 0.19241011776774064 -203.6895751953125 26.601376342773438 -261.5912109375
O 6.062256416185944 3.5519005390474407 1.3177506481044874 48.84432067871094 30.477935791015625 45.608438110351564
N 5.074547384198343 3.778019039073593 -0.7068043800036604 183.649755859375 106.75059814453125 287.365673828125
H 4.426990577328516 3.313409608892611 -1.219941015324961 -76.21152954101562 -183.59855957031252 -128.54161376953127
C 4.963618365985627 5.212135341938996 -0.8959456767598557 -73.60036010742188 217.781005859375 222.47976074218752
H 5.679090870167368 5.857850499623475 -0.3229845007631761 68.77473754882813 -144.40135498046877 -84.50543823242188
C 5.13540646527864 5.4210322983093775 -2.377403279999055 167.54075927734377 64.26889038085938 -183.8836181640625
H 4.187440365477979 5.1739853731551335 -2.864288080349729 31.023828125 -49.99674682617188 -14.68743896484375
H 5.325045878473615 6.4838094134818824 -2.7337604470026617 -13.086837768554688 -101.43801879882812 109.46031494140625
H 6.072529945983608 4.793536699233717 -2.6869732591987323 -198.69564208984377 110.28608398437501 10.290454101562501
C 3.765228114568097 5.92295213879969 -0.16349807804034525 115.8669189453125 169.6182373046875 -96.30993041992188
O 3.519370051461816 7.114224005155436 -0.3966138688534049 -53.85444946289063 -78.82511596679689 -59.11585083007813
N 3.2875391284746414 5.37986786462516 0.9232655392898654 34.51177978515625 -311.7403564453125 131.42921142578126
H 3.8890911127861783 4.5963248044661 1.2958133802595664 -102.7133056640625 107.07947998046876 -53.81239624023438
C 1.9733855260432243 5.55846203638441 1.5629442074126674 134.21464843750002 38.34600524902344 -65.93282470703126
H 2.1645723574110014 5.935059440077963 2.535126880537286 -5.798417663574219 26.782696533203126 87.823046875
H 1.40475652902006 6.299551980933529 1.029715903506522 -41.91383972167969 15.56231689453125 -30.16927490234375
H 1.4878602457532994 4.60357117597753 1.6308249666052586 -46.850588989257815 -31.674771118164063 -1.9783254623413087
22
91.43426513671875
H 6.323235358624544 1.1106990328201107 0.49941226566577124 11.86282958984375 32.604696655273436 -78.44069213867188
C 6.466019287818899 1.8471037661336644 -0.3288482457710331 -109.61787109375001 -79.14463500976564 0.22005243301391603
H 5.926283487453531 1.4937030588961184 -1.3163833254352468 140.07752685546876 78.3985595703125 204.74246826171876
H 7.5314411337892455 2.0821086340614876 -0.402822198966104 -7.2524963378906255 -46.25108642578125 -51.89732055664063
C 5.889913222114801 3.143709395119918 0.19294605116815045 -205.395361328125 33.40686950683594 -246.67790527343752
O 6.062091166573453 3.55243916056718 1.3183108136862867 48.531716918945314 28.614956665039063 43.01648864746094
N 5.076548766986267 3.7797048826203383 -0.7069441105937029 216.4780029296875 123.13541259765626 320.66875000000005
H 4.4404556998553915 3.3218793355191267 -1.2131952193837843 -111.70843505859375 -210.61123046875002 -158.65977783203127
C 4.961540560590343 5.211058689599065 -0.8926919255031991 -44.958648681640625 224.38649902343752 195.97600097656252
H 5.687366499966782 5.858171035338231 -0.32680243347300403 55.6838623046875 -150.10240478515627 -85.79407348632813
C 5.13627125106903 5.416675801379595 -2.380598476356796 123.9173583984375 70.67174072265625 -177.52275390625002
H 4.185746152493997 5.162291973176677 -2.8767396717178744 48.73562316894532 -42.97220153808594 -0.3675329446792603
H 5.321634729536448 6.481740810646164 -2.739935664162551 -11.249349975585938 -108.30037841796876 110.9142822265625
H 6.0634962819887415 4.786994934225544 -2.6855414587521977 -177.18067626953126 103.14761962890626 3.5142639160156253
C 3.7670043591332583 5.919161168956984 -0.16468120009631704 94.93253784179689 201.79964599609377 -91.30983886718751
O 3.5189166023405187 7.113964519706796 -0.39932886493797676 -47.92499694824219 -98.19756469726563 -57.31174926757813
N 3.2878040496680305 5.3813333792847295 0.9235157391924511 15.80829315185547 -285.9763916015625 118.7167236328125
H 3.890940531620821 4.611474068358284 1.2952016095029046 -87.91698608398438 78.82048950195313 -38.560733032226565
C 1.9716162436289242 5.5626780009359065 1.564073498398311 144.1213623046875 15.455706787109376 -54.9526611328125
H 2.168793301043408 5.9439363702537555 2.5355638147743065 -9.0040283203125 26.416885375976562 82.16023559570313
H 1.4004888021332427 6.294394730184094 1.0295272816055376 -47.318109130859376 25.14569549560547 -36.16274719238282
H 1.4865158797581555 4.60303295913279 1.6395506949995458 -40.622167968750006 -20.44887847900391 -2.2715248107910155
22
85.49288940429688
H 6.3328376049625446 1.0929031759482162 0.4854194800636522 5.893745040893555 37.730859375 -67.84429931640625
C 6.464064629324642 1.8475025123130195 -0.3254241633424927 -77.28699951171876 -69.35396118164063 -5.861146545410157
H 5.928678908972346 1.5117519538101052 -1.3113223201556061 130.5879150390625 64.35709228515626 185.7566650390625
H 7.5330026572476685 2.089378088206046 -0.4036172070273844 -21.48634948730469 -49.650427246093756 -49.613806152343756
C 5.888973910655666 3.142859991775311 0.19312538613250416 -203.9466064453125 39.75613098144532 -226.12883300781252
O 6.0620499663235 3.5530725050293785 1.3189362282778097 47.885144042968754 26.047351074218753 38.29070129394531
N 5.078945820815642 3.781558476022013 -0.7066159031432157 235.129150390625 131.87589111328126 342.149365234375
H 4.451292009481475 3.3281016831302668 -1.2087196421103281 -135.68931884765627 -228.69450683593752 -179.63588867187502
C 4.959476408855033 5.210203106372576 -0.8889871432853695 -17.193696594238283 227.49560546875 163.31668701171876
H 5.695477968674565 5.857575214048878 -0.3322660644552329 45.06765441894532 -152.9970458984375 -83.91159057617188
C 5.1376131385732755 5.412173847615013 -2.384160358788924 64.83145141601562 77.74714965820313 -158.65958251953126
H 4.185321971412582 5.150223494208559 -2.888929312421319 64.23124389648437 -35.86406555175781 12.717522430419923
H 5.317770442676592 6.476563350746687 -2.743078682207603 -7.496981811523438 -105.0802001953125 107.7109375
H 6.049415507345507 4.7839343790868964 -2.6835352689119274 -140.69719238281252 85.76927490234375 -7.94359359741211
C 3.7687980051782555 5.915698837843644 -0.16614869016519068 73.58937377929688 229.493115234375 -82.52706298828126
O 3.51851951234106 7.11349498564553 -0.40201721825337944 -42.51707458496094 -114.9261474609375 -56.108557128906256
N 3.288219866481672 5.382418198723888 0.9239507834316824 -11.304241180419922 -247.06796875 97.68432006835938
H 3.890691143964302 4.629650385015094 1.2933717869840815 -64.07098388671875 39.632196044921876 -17.594090270996094
C 1.9701206138107654 5.566836789569599 1.5652547693750363 150.78326416015625 -2.6863067626953128 -41.021759033203125
H 2.1732700404897445 5.953654431601322 2.5378292582797912 -13.176426696777344 23.792831420898438 71.3870849609375
H 1.3948980643481745 6.290210205500051 1.028728441152066 -49.35364685058594 31.04823913574219 -39.650341796875004
H 1.4848840677297612 4.602359942816889 1.6478593101988364 -33.7794189453125 -8.425082397460939 -2.5127326965332033
