22
73.29888916015625
H 6.212693684434845 1.1827819578754188 0.4870196874674576 9.859214019775392 -76.48656005859375 -14.276840209960938
C 6.465123804970597 1.8742870896330854 -0.2982343636498316 -84.50341186523438 52.64756469726563 216.8896484375
H 6.095190517784496 1.5636569652901808 -1.2391770039092194 -50.48871459960938 -15.872230529785156 -73.1726806640625
H 7.529914160823411 1.9589269122231356 -0.33580277358792276 53.83496704101563 33.11951599121094 0.6148418426513672
C 5.7974815899543035 3.142421150546561 0.2623044132349289 75.73363037109375 11.375597381591797 -263.0857177734375
O 6.047049296415276 3.580909822867287 1.3394822651039398 36.54453125 56.918084716796876 139.0457275390625
N 5.114418168779968 3.8144690504572676 -0.6566497417443372 -147.20079345703127 -245.15703125000002 17.500978088378908
H 4.458531865662272 3.1663717967242317 -1.161343064571916 115.86800537109376 139.53013916015627 11.102384185791017
C 5.0261087393445365 5.23224885175305 -0.9127159572465784 -245.7116455078125 -52.41420288085938 178.42158203125
H 5.850058545892783 5.745935782770291 -0.47787675764407567 91.75342407226563 11.639280700683594 5.433076858520508
C 5.108246939595883 5.253008122958493 -2.4166734343025014 29.570132446289065 52.379150390625 -28.713568115234377
H 4.266385653672618 4.827589728271451 -2.9095150926052007 -71.5123779296875 -30.859048461914064 -15.139903259277345
H 5.232376271284406 6.234156798973305 -2.699595645445376 -32.25728759765625 176.55656738281252 -46.889398193359376
H 6.0163170376740025 4.852177401394886 -2.816181829755174 46.791253662109376 -72.96987915039062 17.206666564941408
C 3.755077952310495 5.917170265006325 -0.1805238594054291 287.541943359375 37.97026062011719 -146.82545166015626
O 3.5060287373745123 7.062975551216932 -0.511758852517656 -120.364013671875 8.951557922363282 -28.995867919921878
N 3.2704049623615594 5.370815669779967 0.9229173651804855 193.54676513671876 -87.52442016601563 61.513708496093756
H 4.064013643646409 4.894610955900078 1.4180695782751815 -161.97117919921877 -1.2849536895751954 -19.978430175781252
C 2.0220977902739037 5.687209861667654 1.5988097959530911 -81.13992919921876 75.27968139648438 -112.43148193359376
H 2.140565050400568 6.326207129054414 2.4893419953485565 21.261152648925783 -21.11475982666016 -27.218887329101562
H 1.3753990696477045 6.225374387350142 0.8312292305158975 54.64894409179688 -57.88155517578125 109.77065429687501
H 1.556881675459954 4.7390279177950205 1.8577386587797968 -21.804608154296876 5.197254943847657 19.228955078125
22
70.66830444335938
H 6.202549606953006 1.1962207686765953 0.4925819459297006 11.90761947631836 -86.86812744140626 -10.150347137451172
C 6.466338007252177 1.874010658246846 -0.2971172521980581 -109.7240478515625 46.76010437011719 162.923828125
H 6.086340189168511 1.5488241122350177 -1.2557267475980358 -23.803965759277347 5.370774841308594 -15.415464782714844
H 7.532767496085491 1.963075260951298 -0.32104140788037083 49.526831054687506 28.327285766601562 -2.890663719177246
C 5.79615815684689 3.1415893948924243 0.2634229446796217 74.325439453125 22.00147705078125 -264.010888671875
O 6.046568152372452 3.5825647585892453 1.3413465931771682 34.84950561523438 53.705072021484376 131.49169921875
N 5.111177207382667 3.8148226439808273 -0.6559341279056052 -93.04671630859376 -216.0099609375 57.534698486328125
H 4.469975833638504 3.174374662324557 -1.149373989794493 70.302734375 100.78173828125 -26.1805419921875
C 5.027842977291858 5.2314371263017065 -0.915972464119269 -247.133056640625 -44.14329833984375 203.102001953125
H 5.855296578346355 5.747415539198439 -0.48286715838975813 84.651171875 6.981920623779297 2.2914403915405273
C 5.105321621908149 5.250983021113123 -2.414449534158585 110.02115478515626 51.82606811523438 -62.60432739257813
H 4.265966383067062 4.8271654369120585 -2.8966729953602597 -84.96996459960938 -43.465832519531254 -27.55538330078125
H 5.225542844962138 6.234775498225349 -2.7141691724952484 -35.132180786132814 159.54605712890626 -36.30064086914063
H 6.040421095759539 4.84743833038154 -2.8159353363517665 -16.412330627441406 -49.03947448730469 38.089028930664064
C 3.756370212014495 5.913462867078029 -0.1790545734682374 284.600244140625 77.93988647460938 -172.1568359375
O 3.505074189883186 7.063825705750403 -0.5159140179060505 -114.68208007812501 -18.89112701416016 -18.941334533691407
N 3.2704508584590775 5.370682795221081 0.922489306100644 215.06416015625 -105.60684814453126 75.43720703125
H 4.071866828278199 4.893440064339036 1.4171666658276514 -181.16258544921877 7.979036712646485 -26.265130615234376
C 2.02405835081929 5.69008548446711 1.5982497535850326 -70.31904296875 62.441680908203125 -112.24122314453126
H 2.1452327055630893 6.3327493090991425 2.4785081873041284 22.46431884765625 -12.017866516113282 -13.382661437988283
H 1.3826037576082473 6.222706356486687 0.8322101825658422 42.21961975097656 -49.583569335937504 97.86806640625001
H 1.559396281306099 4.745422505971008 1.8653717430932444 -23.54680633544922 1.9650104522705079 19.35749206542969
22
71.16787719726562
H 6.1927478262755065 1.2079537587450377 0.4974721976895411 13.918988037109376 -95.61213378906251 -6.455323028564454
C 6.467388496746 1.8736047899395338 -0.2957806465329068 -130.6532958984375 38.66026306152344 106.894873046875
H 6.07672751875736 1.5345467233454702 -1.2727665978133849 4.101785659790039 27.633093261718752 43.68440856933594
H 7.536909850086893 1.968496701897891 -0.30655618079260316 40.35768737792969 22.66370391845703 -6.554553985595703
C 5.794994809851338 3.140615690041928 0.26404687128925264 73.1119384765625 34.44973449707032 -259.481689453125
O 6.046088914647905 3.5843661025991933 1.3434849448120483 32.60829162597656 48.954663085937504 120.5473388671875
N 5.1077336806094245 3.8150324732861134 -0.6552112885589122 -33.418252563476564 -180.38660888671876 101.73692016601564
H 4.48287016603794 3.1840899290055185 -1.1363191657506009 19.055601501464846 55.652862548828125 -68.122119140625
C 5.029304278581666 5.23048330493073 -0.9190468713992666 -241.51271972656252 -32.48133850097656 227.360595703125
H 5.862242423282263 5.7503930202596 -0.487963323654321 72.35604248046876 -1.0411869049072267 -2.5953289031982423
C 5.102645627025843 5.2490400300107325 -2.41229091397317 184.57030029296877 56.77705688476563 -100.10841064453126
H 4.26382331597968 4.825458024295108 -2.8844971964011172 -92.987890625 -53.11395874023438 -36.82840270996094
H 5.218177523031539 6.238686190016976 -2.7288230444701496 -38.00938415527344 133.78165283203126 -23.33045806884766
H 6.064301942898487 4.841290194081187 -2.814698143340118 -79.60095825195313 -24.93360748291016 57.73070068359375
C 3.7580038962131974 5.909926357000671 -0.1780167663047456 279.13925781250003 115.07874755859376 -192.82188720703127
O 3.504150539866089 7.064621511955536 -0.5201642895700668 -108.76270751953126 -45.72391967773438 -9.322771453857422
N 3.270784287817845 5.370298127992496 0.9224413436831633 223.5137451171875 -113.2355712890625 76.99262084960938
H 4.075961337282555 4.894277789006061 1.4145730110019326 -186.77645263671877 8.732989501953126 -23.81490936279297
C 2.0260268077042047 5.692962105639353 1.597409482351776 -55.40942993164063 43.691442871093756 -106.74344482421876
H 2.1507129023125255 6.338592777125754 2.4669637777554514 23.447471618652344 -1.6392368316650392 1.614655113220215
H 1.3908377424821063 6.218469544406689 0.8351851788511866 25.639492797851563 -37.34362487792969 80.24505004882813
H 1.561422284472718 4.751843043411974 1.8729414116881393 -24.689515686035158 -0.5650163173675538 19.37215728759766
22
75.09661865234375
H 6.183472383305774 1.21780888781938 0.5018942867594857 15.841157531738283 -102.4263671875 -3.7909839630126956
C 6.46821259024391 1.8730064708425305 -0.2943722270391172 -144.60670166015626 30.66878356933594 55.532275390625
H 6.067396578334642 1.5219147784763645 -1.2885378255820554 30.650271606445315 48.44279174804688 98.14035034179688
H 7.542421279419398 1.9747961962132141 -0.29230902065344344 26.022305297851563 16.248947143554688 -10.543738555908204
C 5.793929006261602 3.1395858280057776 0.2640167766060114 73.16488647460938 48.39623107910157 -247.75148925781252
O 6.045694820473462 3.5862786908166684 1.346024230781647 29.49771423339844 42.285290527343754 105.1495361328125
N 5.104205285587316 3.8152256112827247 -0.6544366954583116 25.43393249511719 -143.68857421875 145.02061767578127
H 4.4957598508710275 3.1942426785368188 -1.1234638342431928 -32.231204223632815 9.539384460449218 -110.22255859375001
C 5.0304674438727375 5.229372549244518 -0.9218036401801608 -230.29545898437502 -18.150889587402343 249.2214111328125
H 5.870359520683712 5.754422117320014 -0.4937165522884704 56.67824096679688 -11.255502319335939 -7.978384399414063
C 5.100315684367648 5.247179905153464 -2.410254160170563 246.82890625000002 66.68562622070313 -139.6095703125
H 4.259575349652148 4.821862728639099 -2.8732003266213764 -93.95401611328126 -58.7736083984375 -42.23493957519531
H 5.210289192055603 6.24561319050243 -2.743273400497019 -40.67987976074219 100.33958740234375 -8.228924560546876
H 6.086442071873761 4.834201790927056 -2.812144219369184 -138.4194580078125 -2.1548583984375003 74.50584106445312
C 3.7599745462848952 5.906621059384185 -0.1773936257698205 271.192822265625 148.60441894531252 -208.191357421875
O 3.5033150530381407 7.065332129063022 -0.524383506019509 -102.72781982421876 -70.97086791992187 -0.36948068141937257
N 3.271397068524149 5.369590865320259 0.922796282530844 218.30275878906252 -109.78167724609375 65.04032592773437
H 4.076093491052798 4.896966590189312 1.4099045221083761 -177.98601074218752 0.5614404678344727 -11.998687744140625
C 2.028088510245692 5.69582923222405 1.5962288443396775 -37.869119262695314 20.07490234375 -95.52943725585938
H 2.1572359581749607 6.343856130413741 2.4551714096715456 24.0281005859375 9.219583129882812 16.565464782714844
H 1.3995956836829324 6.212834020800068 0.8397363013088467 6.094530487060547 -22.007563781738284 58.111260986328126
H 1.563008546174712 4.758043079129703 1.8803421778036493 -24.965972900390625 -1.8570896148681642 19.16248779296875
22
81.65185546875
H 6.1748116059209925 1.2258677701955891 0.5058360839956991 17.65352478027344 -107.63605957031251 -1.6612548828125
C 6.468714314413349 1.8722799032156003 -0.2927747203678305 -150.922021484375 24.256990051269533 11.900472259521486
H 6.058931456755503 1.5110537620692666 -1.3015745697705372 54.13397827148438 66.48941650390626 144.36578369140625
H 7.548809913142236 1.982039758980866 -0.2785260740171658 7.652854156494141 9.184137725830078 -14.825660705566406
C 5.792840818208104 3.138532210457608 0.263381363936588 74.70003051757813 63.70935668945313 -228.358740234375
O 6.045260728258763 3.588376521422299 1.3490284002080297 25.49402313232422 33.61483459472657 85.22163085937501
N 5.100557453369904 3.8154080137839568 -0.6534602010367913 78.71430664062501 -109.77320556640626 183.36815185546877
H 4.507141214408775 3.2038044760029183 -1.1115632106750546 -79.10508422851564 -33.19393615722657 -148.8701904296875
C 5.031362298042317 5.228208850090532 -0.9240630233386671 -214.8878173828125 -2.428786087036133 266.916064453125
H 5.8791489182928025 5.759225460346425 -0.5002541014304915 39.11305236816406 -22.72498016357422 -12.904646301269532
C 5.098595367236519 5.245462860111346 -2.408484446802354 288.84755859375 81.03042602539062 -177.03408203125002
H 4.252736077819714 4.816470517692749 -2.8626333661222376 -86.5507080078125 -59.8240966796875 -43.622256469726565
H 5.201800984634051 6.255004193495807 -2.7569034408928026 -42.655126953125006 61.49442749023438 8.128668212890625
H 6.1050324798110545 4.826983875089709 -2.807419846606702 -186.87244873046876 16.99871368408203 85.87827758789064
C 3.762144963588074 5.903577166609391 -0.17718458544257926 260.88120117187503 178.63116455078125 -218.08408203125
O 3.502453173646704 7.065995396302604 -0.528517222697709 -96.587158203125 -94.59646606445312 7.767612457275391
N 3.2721426282671917 5.368728681483309 0.9236128397614872 202.2033203125 -97.20815429687501 41.75976257324219
H 4.072823080664514 4.9013901866322005 1.4039770661794913 -157.340283203125 -14.7857177734375 7.166461181640625
C 2.0301121088391523 5.69872010988357 1.5947744830159238 -18.802412414550783 -6.338247299194336 -79.0001220703125
H 2.1642448824872464 6.348959752597823 2.4434370039957294 24.363247680664063 19.871421813964844 30.634140014648438
H 1.4087232607021472 6.206562246052497 0.8454287399236798 -15.543139648437501 -4.839768600463867 32.77220153808594
H 1.564166349349503 4.764087060405962 1.8879503095730843 -24.490882873535156 -1.9314725875854493 18.481822204589843
22
68.81130981445312
H 6.021964433375721 1.133261581137429 0.6320545023269674 30.832168579101562 35.221658325195314 -93.64595336914063
C 6.417684867802107 1.8544473336511964 -0.13237885433200264 62.348950195312504 44.96192932128906 275.01162109375
H 6.105226850198573 1.637973883421181 -1.1104443421492889 -9.716486358642578 -51.08686828613281 -105.4735595703125
H 7.538368419086431 1.9037729495823479 0.0006511794075103875 -112.1833251953125 -4.741015625 -43.93406372070313
C 5.8313889858131995 3.203461435775697 0.27767449957795476 2.2631574630737306 18.47284851074219 179.00897216796875
O 5.964145088032179 3.666673418757753 1.425940217975402 60.676184082031256 -39.35270385742188 -114.59620361328126
N 4.954319953017667 3.764938882940172 -0.5140752665028273 157.5210693359375 -124.14451904296875 25.573516845703125
H 4.308250122023818 3.1436838724685447 -0.9004267780253816 -66.82271118164063 -34.03026428222656 -111.7371826171875
C 5.009286940237131 5.124522912409012 -0.9152651814169939 -126.00788574218751 298.67453613281253 44.02045288085938
H 5.774170594980039 5.819754566119748 -0.5170171032313611 84.81181030273439 -155.3599365234375 -15.441659545898439
C 5.0330794076662135 5.2115735998142405 -2.443605817598763 -122.69736328125 138.56658935546875 -113.70729980468751
H 4.269275518968195 4.565964175275566 -2.980494879448581 40.37817077636719 97.29667358398439 94.77512817382814
H 4.968691948857441 6.329237850467555 -2.6903315491245 -21.318875122070313 -163.692822265625 -4.023970413208008
H 5.949272462049617 4.897074612031936 -2.867270065017248 101.41750488281251 -34.236602783203125 10.522513580322267
C 3.8936743777630967 5.945377363261094 -0.2113296578547462 45.67845458984375 -17.365414428710938 -233.4942626953125
O 3.4922374110965535 6.989007328009569 -0.7272311514938822 -28.715716552734378 -5.3941089630126955 44.16142883300782
N 3.3860032649007445 5.383351172196329 0.846184608481646 -152.77388916015624 192.68909912109376 33.265759277343754
H 3.8692892393084666 4.664793907233647 1.201272369965043 138.55155029296876 -220.15236816406252 99.567919921875
C 2.2024502131893113 5.792632861804591 1.5343195694501661 -96.21058349609376 31.389572143554688 36.16451721191407
H 2.3121683550218526 6.677166977461045 2.150697024607899 43.762915039062506 20.955909729003906 1.7644655227661135
H 1.4151947329751997 5.982665527612138 0.8333972897663594 -30.132717895507813 21.59766387939453 -51.94191284179688
H 1.8336703655620843 4.998620844960241 2.14717053563602 -1.6623708724975588 -50.269873046875006 44.15977172851563
22
13.609466552734375
H 5.795378109803079 1.1175234862654315 0.8502148203043515 17.941290283203127 14.674908447265626 -40.416909790039064
C 6.384508477177175 1.826633376417587 0.24487266688861686 50.04602966308594 -168.63116455078125 224.9707763671875
H 6.4178290916165 1.4203879345228174 -0.7587843846649347 2.146737289428711 40.92787475585938 -31.880728149414065
H 7.402706251531546 1.8064125823741661 0.7743442407343758 -134.36217041015627 42.41658935546875 -103.22647705078126
C 5.6631636726030665 3.1289432135169037 0.43208381110182387 115.50931396484376 185.6387939453125 41.114236450195314
O 5.891753979007594 3.8225362877285525 1.4523891096974908 -48.60515441894532 -84.38383178710939 -124.25560302734375
N 5.036312604671785 3.623766478781535 -0.6409152033196684 -37.14196472167969 -56.652258300781256 58.11318359375
H 4.570090409766003 2.9893100424687176 -1.2724969938262907 42.539990234375004 -5.423553848266602 -8.847544860839845
C 5.057122656993107 5.026600398288186 -1.0206044342011906 -50.752966308593756 183.03455810546876 106.74775390625001
H 6.041532537209977 5.45305341868881 -0.7819632453179448 -22.319895935058597 -13.57700653076172 17.24268035888672
C 4.942026146891174 5.073918689821959 -2.5040406382887475 174.4531982421875 145.63116455078125 -87.08335571289064
H 4.007962007143585 4.720688267421879 -2.7519172950925714 -129.2652099609375 -119.37803955078125 -82.49472045898438
H 4.89492696586458 6.122214225431399 -2.8555278185406205 32.85097045898438 -36.208740234375 25.419709777832033
H 5.844826491332808 4.606583259741285 -2.9684857131952924 -91.08381958007813 -3.159329414367676 10.016780090332032
C 3.9601113198657387 5.973536594876077 -0.3464206896707701 -89.64082641601563 -86.17798461914063 0.06803887486457826
O 3.4289456513089784 6.916529709083571 -0.9378544299019993 55.41551513671875 5.169828796386719 5.700215911865235
N 3.419430231754579 5.537522139485515 0.8065340734948705 117.1683349609375 -17.636877441406252 -56.27814331054688
H 3.8823903152905075 4.751692510258672 1.1449305414921975 71.38137817382812 -110.11123046875001 56.49629516601563
C 2.3688409023299553 6.001128556697308 1.6618805281853004 -49.796154785156254 81.54168701171875 -31.46680908203125
H 2.3834412224234174 7.0715274579744225 1.7365010071706668 53.681555175781256 49.87102355957032 44.43636474609375
H 1.435909686502605 5.900974322489056 1.1537244533211324 -64.25152587890625 -67.32037353515625 -13.934103393554688
H 2.403179513098521 5.488830237101484 2.632010660474867 -15.914633178710938 19.753958129882815 -10.441641235351563
22
8.481719970703125
H 5.796303651331004 1.1012689785897014 0.8568516441382662 28.79226989746094 36.056338500976565 -55.683221435546876
C 6.383947976277544 1.826109103661881 0.25088818116241796 31.122015380859377 -176.1336181640625 272.86862792968753
H 6.414345539865696 1.4410470553233912 -0.7440266617065476 9.711461639404298 18.840965270996094 -71.18387451171876
H 7.397916944330181 1.8101194840740216 0.784151081073571 -127.01076660156251 40.94883728027344 -104.57301025390626
C 5.663081574831316 3.124130775731965 0.4337681583536871 100.74076538085939 216.1739501953125 36.033206176757815
O 5.890310038431377 3.8242108233824013 1.4499667133665382 -46.76714782714844 -90.05595703125 -120.76297607421876
N 5.038683729376057 3.625025290984016 -0.6430267515256516 -64.28870849609375 -124.03231201171876 28.924896240234375
H 4.562923815091585 2.9726051218107648 -1.2832212775185814 75.28860473632812 48.41189270019532 35.13288879394531
C 5.055372958040184 5.029064954062124 -1.0192229353830629 -32.47308044433594 170.54620361328125 75.42463989257813
H 6.0415332223355245 5.458323145599046 -0.7873759278585555 -26.06087341308594 -15.555708312988282 20.595429992675783
C 4.943191626930129 5.072897027353255 -2.5083558180091785 81.4857666015625 168.24515380859376 -58.40263061523438
H 4.000661636786132 4.70122921575673 -2.7567582729497193 -95.99971313476563 -95.62973022460938 -70.3527587890625
H 4.9007667567385305 6.131785116453146 -2.8540314027831677 32.79204406738281 -61.19991455078125 23.382852172851564
H 5.816184524745748 4.59174042700296 -2.9616114620895093 -34.030487060546875 -20.485395812988283 -15.231288146972657
C 3.9618408245008885 5.972334953218147 -0.3497588323610782 -107.05738525390626 -77.88265991210938 21.588858032226565
O 3.4287384245340267 6.914676857904136 -0.9386497035739033 55.739404296875 7.466105651855469 -0.043990039825439455
N 3.420947345362216 5.539134586018605 0.8062062997233848 127.5858642578125 -37.115850830078124 -52.341809082031254
H 3.8886900291307924 4.749292227355033 1.1431677174466506 61.243011474609375 -95.37445678710938 52.772229003906254
C 2.3705269451542303 6.003746389834773 1.6653260740114453 -75.41249389648438 80.55182495117188 -61.996820068359376
H 2.386300931037388 7.070173231584127 1.728647025442403 53.301385498046876 63.50142211914063 45.71546325683594
H 1.4255887346885523 5.904167342537837 1.160650526622265 -40.53034362792969 -65.20418701171876 -4.882797622680664
H 2.3961909148923954 5.508874368412108 2.637674796436919 -8.171595764160157 7.927103424072266 3.016104316711426
22
7.229248046875
H 5.7977404304533176 1.0852272697117056 0.8624419525617717 37.88401794433594 55.342260742187506 -68.58071289062501
C 6.383495648529393 1.8253371535058571 0.25743860855743905 3.0669477462768557 -182.24541015625002 305.5587158203125
H 6.411090956260597 1.4623238524471074 -0.7314603854230527 17.31709136962891 -0.4744573593139649 -104.03563232421875
H 7.390066222255616 1.8150931462117261 0.791291768201462 -109.13568115234375 38.80459289550782 -99.8480712890625
C 5.663153023661325 3.1197768020849415 0.43562756400543 85.88547973632814 242.77907714843752 28.876101684570315
O 5.888827960688953 3.825868610424581 1.4474056866827822 -44.628552246093754 -93.94383544921875 -115.47772216796875
N 5.04099205731399 3.626121365824344 -0.6452112233560297 -87.96575317382813 -185.90543212890626 5.704539871215821
H 4.556572061452967 2.956888987178182 -1.29249694594014 104.801318359375 97.84679565429688 73.97162475585938
C 5.053607290846696 5.031568929920466 -1.0176568331472002 -15.609097290039063 157.8599853515625 43.43907470703125
H 6.040950348865478 5.463824434029623 -0.7919770734373219 -28.951626586914063 -17.436726379394532 23.8197021484375
C 4.944456670275689 5.072328525010401 -2.5127688942703026 -20.71754150390625 179.50052490234376 -30.168939208984376
H 3.9900822459959895 4.678791630388737 -2.7628814034912637 -51.55399780273438 -64.845947265625 -54.933422851562504
H 4.906646000619837 6.140350002674152 -2.8512318401223933 32.70752868652344 -81.71235351562501 18.741197204589845
H 5.787068980094316 4.576024675302403 -2.954374005965896 21.58348846435547 -37.99120788574219 -40.07276000976563
C 3.9634327827910947 5.971187784815549 -0.3529523256590741 -123.28924560546875 -69.86557006835938 41.664788818359376
O 3.428521381930301 6.912834433294188 -0.9394326009188908 55.85492553710938 9.884220123291016 -5.637400054931641
N 3.4225826531093495 5.5408016143954555 0.805714005579351 137.34331054687502 -58.64705200195313 -44.97060241699219
H 3.8945559651964663 4.746232409863666 1.1420832228043842 50.50625305175782 -78.76394653320312 47.69930725097657
C 2.372093176057379 6.006432807896926 1.668696456944804 -103.89222412109376 83.62506713867188 -93.52320556640626
H 2.39061619809904 7.070857563970987 1.7214990850612908 51.788769531250004 70.99666748046876 45.95451965332032
H 1.4140160602074108 5.905487785890191 1.1666256546494267 -12.612566375732422 -61.58527221679688 6.145962524414063
H 2.389320566506428 5.528988750243766 2.6434019791075816 -0.38285036087036134 -3.221980667114258 15.6729248046875
