22
15.23504638671875
H 7.074962608764209 1.749056452220128 -1.63732469712011 -78.80231933593751 -8.667807006835938 -16.232341003417968
C 6.033139494757158 2.1217539693265888 -1.77684023681666 104.1324462890625 -109.95572509765626 233.2283447265625
H 5.293668265018407 1.3796377146227408 -1.4636269154132866 19.121749877929688 -20.337747192382814 -53.79805297851563
H 5.957105199980559 2.4112466064362885 -2.782261123061959 -46.189849853515625 73.46947021484375 -91.68892822265626
C 5.890891991392092 3.197033743061231 -0.7238377679864016 -3.4272281646728517 101.62415771484376 -97.8893798828125
O 6.553656441393604 3.2009379264057114 0.2829722179487312 43.18941345214844 -23.158506774902346 61.78572998046875
N 5.076937901842245 4.1956046061267065 -1.0219318008700036 -81.23294677734376 136.14375 137.4311279296875
H 4.467404971807685 4.082947731174157 -1.787874687616879 -17.99640350341797 -35.18175964355469 -77.61367187500001
C 4.945669919987425 5.560260485006601 -0.371144539921242 134.55728759765626 -8.417353057861328 -171.16679687500002
H 5.762210960779805 5.7796866628062835 0.32997397394585176 9.59847640991211 -53.259191894531256 -24.21776580810547
C 5.189369633009716 6.500472132510802 -1.5922688885877143 66.16583862304688 69.5470947265625 234.0546875
H 4.361917618173906 6.386162895029546 -2.2534138476967156 -22.495405578613283 16.241812133789065 -91.69661865234376
H 5.317907633141735 7.53130805277526 -1.238286896267503 -74.03033447265625 -11.025188446044922 1.2522375106811525
H 6.205726299282574 6.364617348525403 -1.9688103831907164 -34.238687133789064 -61.07288208007813 -59.533746337890626
C 3.6947646404186587 5.819464850936695 0.48078375385694533 136.17357177734377 -28.9732666015625 -16.407505798339844
O 3.295242105334872 6.898377742698099 0.8139758054883738 -25.252217102050782 173.24049072265626 -57.5982666015625
N 3.244629583959739 4.764464934034534 1.0548211850249962 -56.283013916015626 -150.4199951171875 -0.7844340324401856
H 3.766772587113543 3.923316505961551 0.9467653536940884 29.982574462890625 -34.07203979492188 -31.584518432617188
C 2.180313814384342 4.7160270850748045 1.9831040437141332 -207.6599853515625 50.13825378417969 174.55394287109377
H 1.3149797150952027 4.103470088453609 1.5956343742649712 91.53554687500001 48.14159851074219 33.84938049316406
H 2.6083964280360252 4.2740680183839945 2.9045891636962553 -48.11623840332032 6.520661163330079 -32.16466369628906
H 1.780650446832679 5.750620010108397 2.2735314491072103 61.267724609375 -130.525830078125 -53.778759765625004
22
17.66180419921875
H 7.0679405993433075 1.752567037827235 -1.6388465111280794 -49.788079833984376 -20.245773315429688 -7.6781150817871096
C 6.0361109140925215 2.1220305608470897 -1.7713371690009323 62.465100097656254 -123.88056640625001 238.3517822265625
H 5.2868544145177285 1.3808723606762063 -1.466575260001124 30.523635864257812 -14.869915771484376 -50.71627502441407
H 5.957315343002887 2.399488590875125 -2.7705300419253893 -46.827850341796875 86.13616943359375 -115.1739501953125
C 5.8882631904154685 3.1955212467104954 -0.722545746187324 14.087168884277345 96.56342163085938 -84.92024536132813
O 6.554989309596451 3.202243076979927 0.28570574063160203 31.2376953125 -21.770613098144533 50.394937133789064
N 5.07651126963307 4.191559616052088 -1.0247925754757725 -92.09080200195314 174.205810546875 157.17153320312502
H 4.469855505254444 4.098770456100168 -1.795810802236342 -14.027914428710938 -46.56667785644532 -79.33878173828126
C 4.944871084649578 5.55946729213901 -0.36474095509835514 146.777685546875 -9.053917694091798 -221.17141113281252
H 5.756693811839874 5.78391627370609 0.336672908278972 16.809471130371094 -54.98057861328125 -21.280506896972657
C 5.189632726577797 6.499680817617954 -1.5982013993345145 31.598620605468753 69.1476806640625 273.4413330078125
H 4.350450596550079 6.392085922442618 -2.256386405390435 -5.346978378295899 15.69827880859375 -83.23480834960938
H 5.315715474534341 7.529949214613159 -1.2308917840495344 -72.64779663085938 -18.69220886230469 -8.597126770019532
H 6.203223226995704 6.363790717423516 -1.9637927012044851 -19.268057250976565 -61.97593383789063 -72.61533203125
C 3.6967551523773357 5.82287320875308 0.47826696676558955 115.24976806640626 -63.606481933593756 -0.4183669567108155
O 3.295710093608947 6.896668216893693 0.813260867950403 -25.49868621826172 192.82568359375 -57.4388671875
N 3.2417417468584473 4.765449010312184 1.0527979578465692 -4.1307830810546875 -202.80596923828125 -16.546498107910157
H 3.779608568743267 3.908808780531794 0.953289138076596 -8.761889648437501 28.39962158203125 -25.63753356933594
C 2.17993324255288 4.71822702627532 1.980944621235825 -170.04134521484377 63.649633789062506 172.33157958984376
H 1.3310720558723723 4.110272470640078 1.5938208055095493 55.59590454101563 26.456753540039063 22.555487060546877
H 2.608654002631652 4.278350020848048 2.9000215793475985 -46.577734375000006 4.635535430908203 -24.94915771484375
H 1.7865379556833134 5.751964023684598 2.2599788659753512 50.66285705566406 -119.2699462890625 -44.52968139648438
22
22.265472412109375
H 7.059897544590617 1.755623695348566 -1.6406149702817021 -17.83214569091797 -32.536825561523436 1.0287220001220703
C 6.039211518519676 2.1220793151970603 -1.7653853035447062 16.76051483154297 -131.57198486328124 229.270751953125
H 5.280323690269727 1.3819172865468339 -1.4701270424140866 41.300329589843756 -9.817088317871095 -46.90755004882813
H 5.956405784112254 2.390276612057924 -2.7621545153851286 -46.12315979003907 94.25438232421875 -126.4615478515625
C 5.8855992661433545 3.194128424672833 -0.7214244237679036 32.858642578125 91.94597778320313 -68.68751220703125
O 6.556410480987063 3.203537304569408 0.2886394950496409 18.261456298828126 -20.335530090332032 37.49979248046875
N 5.075954040555234 4.187912430881001 -1.027448147397617 -105.97602539062501 207.63027343750002 169.27812500000002
H 4.47113971184389 4.113620583356136 -1.8047494822475285 -6.02012939453125 -56.38372802734375 -75.0651611328125
C 4.944387416937596 5.558488190973584 -0.3587518449794054 156.58314208984376 -7.194817352294923 -267.57099609375
H 5.750771193852925 5.788583864102566 0.34349250868305203 24.608374023437502 -57.10371704101563 -18.62734069824219
C 5.189886273865274 6.498996015353947 -1.6036385634221173 -3.8631820678710938 65.00467529296876 305.18771972656253
H 4.338132168186027 6.397149591410573 -2.26017989599275 15.386001586914062 15.600709533691408 -71.7281982421875
H 5.31295689301356 7.527723452117861 -1.223607823789162 -70.6568115234375 -23.534796142578127 -17.41761627197266
H 6.2012646229695045 6.362083297686003 -1.9598028982203641 -7.199390411376953 -61.98065795898438 -83.68095092773439
C 3.698897461518163 5.826410038603641 0.47570084297920545 94.65394287109376 -99.82202758789063 14.961541748046876
O 3.2962246481272506 6.895195423222948 0.8124457783108927 -25.516326904296875 211.82292480468752 -57.279516601562506
N 3.2390093642124724 4.766070163641063 1.05065856820483 44.221987915039065 -248.77507324218752 -28.44534606933594
H 3.791505665931944 3.8950846530930807 0.9604946094607804 -45.05768737792969 86.22799682617188 -21.95536346435547
C 2.1791263739648263 4.7206166333679205 1.979284267435594 -123.40789794921875 68.4789306640625 163.83404541015625
H 1.3488145542446253 4.117581797779009 1.5922932950114543 15.875201416015626 2.4159040451049805 9.839135742187501
H 2.6078976180495257 4.283093995252953 2.8950168044957314 -43.80796508789063 1.6762527465820314 -15.021389770507813
H 1.7943236624427683 5.749571502259253 2.2450261706751755 34.951141357421875 -96.0017578125 -32.051351928710936
22
28.92535400390625
H 7.051902948261921 1.7577908326547043 -1.642324159561384 13.586578369140625 -44.201306152343754 9.236064910888672
C 6.042289785121352 2.121920580576174 -1.7588617000823414 -27.814007568359376 -133.25067138671875 204.87382812500002
H 5.2747697900498345 1.38316143906617 -1.4741670725013547 49.72728576660157 -6.663722991943359 -41.849099731445314
H 5.953918654230587 2.3837032018418918 -2.757289168488632 -43.83992614746094 97.74559326171875 -124.69929199218751
C 5.882982409030086 3.1927617296398125 -0.7205327910653058 51.496105957031254 89.1718017578125 -49.43486022949219
O 6.5577940099136525 3.204857483980883 0.29160947032809914 4.962570571899414 -19.015997314453127 23.801028442382815
N 5.075178342531299 4.184727157993022 -1.0299343586748189 -121.52265625000001 235.16667480468752 174.01103515625002
H 4.471259891729308 4.126923917541291 -1.8145302057469814 5.320140838623047 -64.52771606445313 -65.20279541015626
C 4.944174655609035 5.557303433547309 -0.3533116166181728 164.6565673828125 -2.3863210678100586 -308.97856445312505
H 5.744645391849805 5.793606417266389 0.3507407094358873 32.06771240234375 -59.815948486328125 -17.201992797851563
C 5.189997418518607 6.498394793584502 -1.6086058828338166 -36.871893310546874 57.35896606445313 330.46420898437503
H 4.325677923250886 6.401117812228231 -2.2642200372311794 37.45718078613282 15.764756774902345 -59.098504638671876
H 5.309726793479184 7.524688195394821 -1.2168844245265205 -68.28848266601562 -25.468931579589846 -24.904864501953128
H 6.200108330704247 6.359675399993927 -1.956757901478316 1.1507665634155273 -61.167736816406254 -92.56793823242188
C 3.701181777338748 5.829952239905841 0.47309177764643495 74.50565795898437 -136.90499267578124 29.534573364257813
O 3.296737780874837 6.893911148159145 0.8115895229693217 -25.209674072265628 229.7946533203125 -57.20836181640625
N 3.2365511826673394 4.766226800814214 1.048346439217097 85.24631958007814 -283.93479003906253 -36.00462951660156
H 3.801727630591787 3.88332965342272 0.9685117677357689 -75.71885375976562 134.77327880859374 -20.941685485839844
C 2.177958815650873 4.723119419253604 1.9780052214648325 -72.09410400390625 65.41350708007813 149.89372558593752
H 1.3667659112131239 4.125144882634349 1.5910821901675287 -24.598977661132814 -22.414923095703127 -3.562101364135742
H 2.606205616252599 4.288019533985112 2.8895642690428365 -39.983898925781254 -2.0510746002197267 -2.750406646728516
H 1.8032672725126635 5.744188918494785 2.228912228662845 15.765582275390626 -63.385083007812504 -17.40937042236328
22
36.964935302734375
H 7.044798369189151 1.7590268438171854 -1.6437379636851668 41.67464904785157 -54.35924072265625 16.42884063720703
C 6.045140691372408 2.1215259944516665 -1.7520158766173015 -67.58153076171875 -128.47960205078127 165.17105712890626
H 5.270510538961126 1.3847462044336276 -1.478609056941734 54.876599121093754 -6.130767440795899 -35.654119873046874
H 5.9500451876231475 2.3800712750838 -2.7565487705184397 -39.797845458984376 96.31867065429688 -108.8095458984375
C 5.880423655925652 3.191475171956031 -0.7198869359233477 69.8104736328125 87.87564697265626 -27.673385620117188
O 6.55911750977018 3.2061817809608586 0.29457516365841047 -8.528199005126954 -17.859521484375 9.443352508544923
N 5.074296876660878 4.182081220538326 -1.0323072141418725 -137.80485839843752 256.77426757812503 172.254833984375
H 4.471028948583228 4.138751627419979 -1.8252682775151183 18.877647399902344 -71.14264526367188 -50.87607116699219
C 4.944159200945033 5.55586906518382 -0.3485052027008529 171.62044677734377 5.357577514648438 -344.76142578125
H 5.738274786436152 5.798503268620143 0.35882894414917643 38.695526123046875 -63.01998291015625 -17.647598266601562
C 5.1898400964157805 6.497887940140475 -1.6131361091224394 -64.33045043945313 45.970977783203125 349.79843750000003
H 4.313615185557285 6.404006929628152 -2.268352941536374 59.301177978515625 16.077500915527345 -46.346527099609375
H 5.305774709419472 7.520755537758847 -1.2105320995757807 -65.46898193359375 -24.383607482910158 -31.07916259765625
H 6.200098296123412 6.356298233353494 -1.9548963966309083 4.372203063964844 -59.1794921875 -98.72341918945312
C 3.7036118406518543 5.83337506769961 0.47034027695631586 54.52787475585938 -172.81276855468752 43.38426208496094
O 3.2972622631996362 6.892922044355329 0.8106993347568042 -24.252342224121094 245.70854492187502 -57.519195556640625
N 3.2344388632183243 4.766094013615242 1.0458054409997217 116.61246337890626 -306.772119140625 -38.75633850097657
H 3.8096182890535095 3.8742969373327756 0.9771863300673094 -98.75975341796875 171.56947021484376 -22.547395324707033
C 2.1764948713332544 4.725806162982648 1.9771053531976268 -20.227766418457033 54.6128173828125 130.68480224609377
H 1.384046639890669 4.132166702293717 1.589572489372949 -62.7712890625 -45.79256591796875 -16.265711975097656
H 2.6035844657014233 4.292950602495037 2.883885427459844 -35.286721801757814 -6.205471038818359 11.221846008300782
H 1.8127196098631873 5.736695101306022 2.2121395872307072 -5.559326171875 -24.127696228027347 -1.727528190612793
22
45.30352783203125
H 7.039324122127142 1.7590599835148144 -1.6443409465757854 64.2845458984375 -62.181060791015625 22.175234985351565
C 6.047801429716646 2.1209310257999965 -1.7448271174363814 -101.11087036132812 -119.54669189453125 112.28352050781251
H 5.267436240712903 1.3861239602352773 -1.483705824797525 57.45196533203125 -7.190213012695313 -28.571316528320313
H 5.944874230349492 2.379399386002374 -2.7594772585345257 -33.72539978027344 90.43858642578125 -79.98330688476562
C 5.878030477645922 3.190164956715698 -0.7192012090532661 86.32361450195313 88.32586059570313 -5.1649719238281255
O 6.560371101812526 3.207439162641426 0.2975630670337582 -21.437184143066407 -16.866851806640625 -4.472900772094727
N 5.073315792347826 4.179911509855321 -1.034499783118576 -152.18131103515626 272.68039550781253 167.06679687500002
H 4.470994203289394 4.149203287035402 -1.8361897237073603 32.58772583007813 -76.64759521484375 -34.824929809570314
C 4.9444861196783005 5.5542005434571795 -0.3443650665916794 177.52247314453126 16.088246154785157 -373.5000732421875
H 5.732134214665652 5.803467552032363 0.3678097693982129 43.71708374023438 -67.01434936523438 -20.523562622070315
C 5.189466319828403 6.497474993314658 -1.6170731647110888 -84.0082763671875 31.215399169921877 362.9014892578125
H 4.302386058656321 6.4059570750238635 -2.2720912624295857 79.62413330078125 16.42518310546875 -34.32231750488281
H 5.301353332106894 7.51614858129094 -1.2048530885355733 -62.26304931640625 -20.543060302734375 -35.663323974609376
H 6.201501249966017 6.351894165964483 -1.9544436359928388 1.585442352294922 -55.931127929687506 -101.77382812500001
C 3.7061206281195362 5.836567564487281 0.46759206707683276 35.86088562011719 -207.32243652343752 55.86729736328125
O 3.2978160609548777 6.8922005247039 0.8097907019817792 -22.816917419433594 259.38681640625003 -58.100622558593756
N 3.232819544821103 4.765478933022116 1.043077928448162 134.39268798828127 -311.94462890625005 -36.398779296875
H 3.8141682637536856 3.8691540616732945 0.9864095667045171 -110.42500000000001 191.43411865234376 -26.72769470214844
C 2.1749036324718456 4.728614863309718 1.9766121498755984 27.94192810058594 37.919775390625 107.07294921875001
H 1.3999807815575824 4.13797995389648 1.5868764758579534 -95.89514770507813 -65.67140502929688 -26.767990112304688
H 2.600032135093262 4.297899340802713 2.8786731028716366 -30.142007446289064 -10.37439193725586 25.724993896484378
H 1.8221058098456666 5.728583172730334 2.1949090018715722 -27.28731384277344 17.319412231445312 13.703343200683594
22
53.0174560546875
H 7.035893691702393 1.757614826665387 -1.6438633547993038 80.163134765625 -67.16436157226563 26.406570434570312
C 6.0503108024501255 2.1201407010530744 -1.7372826783482997 -126.10635986328126 -106.68817138671875 49.711236572265626
H 5.265857802810244 1.3877140948960462 -1.4893161648184752 56.51261596679688 -10.685690307617188 -20.59042205810547
H 5.938733580136124 2.381637478375214 -2.76487066634236 -25.766009521484378 80.81874389648438 -41.544653320312506
C 5.875848310031725 3.188920988456618 -0.718442574055454 100.77233276367188 90.25352172851564 17.622483825683595
O 6.5614889685866915 3.2086766483326783 0.3005441480561157 -33.432778930664064 -15.977606201171875 -17.527992248535156
N 5.072179608877606 4.178208035762177 -1.036455049216045 -162.56566162109377 282.7154052734375 161.0052490234375
H 4.471847729059814 4.157942626036867 -1.846714623580876 44.39967956542969 -80.8427490234375 -19.56861267089844
C 4.945135711242711 5.552274356127272 -0.34078120032123715 181.8613037109375 29.884512329101565 -396.41020507812505
H 5.726141514618195 5.808345403708066 0.3774416446596679 47.65523986816407 -71.62130126953126 -25.224124145507815
C 5.1887657846675275 6.497207486520738 -1.6204666428279693 -94.29242553710938 13.23023681640625 371.69138183593753
H 4.292431837758121 6.406855156494401 -2.2749760918051347 96.60260620117188 16.919261169433593 -24.1836669921875
H 5.29654555979027 7.510888085348665 -1.1993045371389561 -58.80294189453125 -14.348768615722657 -39.08235473632813
H 6.203974011715172 6.346468254969521 -1.9558474386665914 -6.963589477539063 -51.40206298828125 -101.67857666015625
C 3.7086563000612487 5.839567547727752 0.4648721933791847 18.194918823242187 -240.18374023437502 67.39469604492187
O 3.2982919902930297 6.891839547789336 0.8089975590357745 -20.66322937011719 270.4865234375 -59.166351318359375
N 3.231637371112175 4.764395891784665 1.040200960457198 138.51773681640626 -298.473681640625 -30.166290283203125
H 3.8154571741559473 3.868360569728055 0.9961845405468666 -110.10394287109375 193.42064208984377 -32.846917724609376
C 2.1733496231099494 4.731528937590024 1.9764389581727015 67.49993896484375 16.905007934570314 79.96889648437501
H 1.4132963334888156 4.142098634603425 1.582761839095158 -120.90146484375 -79.884130859375 -33.739419555664064
H 2.5957303574328146 4.302819659608181 2.874145305637519 -24.810716247558595 -14.285858154296875 40.076959228515626
H 1.830940095201946 5.72117415294417 2.1776034581999375 -47.77038269042969 56.9242431640625 27.852114868164065
22
59.53692626953125
H 7.034714390266012 1.754582909578755 -1.6422286475671168 88.36435546875 -69.00286254882813 29.009832763671877
C 6.052531172726946 2.119039962152475 -1.72968259924099 -141.164306640625 -91.05383911132813 -16.372183227539065
H 5.265639741494548 1.3895106352766398 -1.4953647227151123 52.057275390625 -16.641485595703127 -11.952349090576172
H 5.931640801543478 2.3861224329602395 -2.7712489831100813 -16.31663818359375 68.70745239257813 1.3476360321044922
C 5.87382663007981 3.1878161171794184 -0.717684768208421 113.226904296875 92.88389892578125 39.92599792480469
O 6.56250292336829 3.2099045410260816 0.30347676680457314 -44.74327697753907 -15.062632751464845 -29.980035400390626
N 5.0708001198284585 4.176926731763967 -1.0384703725518332 -168.21448974609376 287.5698974609375 155.8658203125
H 4.473574482773406 4.1649948635432485 -1.856812814506856 53.64697875976563 -83.77069702148438 -6.208041381835938
C 4.946076885175305 5.550152960160579 -0.33785428418709623 184.36531982421877 45.87620849609375 -413.604736328125
H 5.7201258733972065 5.812923984297344 0.3877804605961413 50.68498840332032 -76.732958984375 -31.77919616699219
C 5.187753737322557 6.496974077834835 -1.6234444296165182 -94.18250732421876 -7.332945251464844 376.83708496093755
H 4.284408926534206 6.4067509884281755 -2.277089774014903 108.84066162109376 17.450709533691406 -16.712710571289062
H 5.291547435639016 7.505018435867812 -1.1943789784704724 -55.259863281250006 -5.910613250732422 -41.14129638671875
H 6.2073974169357164 6.3402981669448 -1.9591408663568708 -20.688269042968752 -45.789675903320315 -98.57264404296876
C 3.7111585487195216 5.842282810426519 0.4621720647919825 1.773546600341797 -269.8309814453125 77.62244262695313
O 3.2985947561582014 6.891934022403422 0.8082550208084649 -17.59967956542969 278.2356201171875 -60.91583862304688
N 3.230952401562759 4.762860878673235 1.037030578828283 128.46492919921874 -267.3404541015625 -20.203623962402347
H 3.813751632574778 3.8720437456950756 1.0064924697651279 -97.69580688476563 177.64268798828127 -40.35711669921875
C 2.1718822986588195 4.734320121781048 1.9764795554994334 97.62674560546876 -5.722479248046875 50.44396667480469
H 1.4237537067027894 4.144181940486751 1.577095897938501 -137.26617431640625 -87.91834106445313 -36.74754943847656
H 2.5912095071483794 4.307476981548402 2.870510877373679 -19.906948852539063 -17.467724609375 53.253637695312506
H 1.8390931395238286 5.715510493888745 2.16016337290934 -66.01375732421876 91.21123046875 40.240899658203126
22
64.31411743164062
H 7.036273424054257 1.7502385727974499 -1.6393118787342653 87.635546875 -67.24228515625 29.785546875
C 6.054370061352568 2.1176803827249984 -1.7221269116712346 -145.472119140625 -74.37459716796876 -81.82987060546876
H 5.26666008593198 1.391004224333328 -1.5012931120871373 45.06150512695313 -24.00966491699219 -3.296920394897461
H 5.9235669556619825 2.393051258133185 -2.777585384396171 -5.691368484497071 54.46824340820313 45.74339904785157
C 5.872072370345282 3.186887114258342 -0.7167895156055236 122.531298828125 96.28169555664063 60.33046264648438
O 6.563424058204483 3.2112100493612026 0.3063125856382794 -54.74323120117188 -14.176512145996094 -41.055032348632814
N 5.069130661792322 4.176087894767378 -1.0404418956118593 -166.47926025390626 287.05356445312503 155.08134765625002
H 4.47663332153799 4.170445519305405 -1.8654735455621565 58.183319091796875 -85.49747314453126 2.030973243713379
C 4.947507844695533 5.547860902670627 -0.3355504234551337 182.28828125 63.418713378906254 -425.54301757812505
H 5.713560720213139 5.816997024162677 0.3986280088338156 54.41353759765625 -81.91914062500001 -38.997161865234375
C 5.186420097010397 6.49673544027927 -1.6258903210500275 -83.12532348632813 -29.94839782714844 379.1330810546875
H 4.278807564867638 6.405953943431672 -2.278118924906857 115.0031494140625 17.77251739501953 -12.741267395019532
H 5.28638976325789 7.498583593400783 -1.190242830970614 -51.67908325195313 4.804032897949219 -41.608438110351564
H 6.211444439508439 6.333608136714637 -1.9639649644319113 -38.49540405273438 -39.236123657226564 -92.90972900390625
C 3.713526189251958 5.844607967386773 0.4596389324998624 -11.966590118408204 -295.8976318359375 85.57017822265625
O 3.298855502125763 6.892424251850473 0.8074710617069027 -14.020150756835939 282.9543701171875 -63.101147460937504
N 3.2307613605257264 4.760892850311358 1.0336376514521248 104.44462890625 -220.23283691406252 -7.071051788330078
H 3.8092888939063894 3.879978469912225 1.017190292924734 -73.79697875976562 145.23759765625002 -48.456921386718754
C 2.170491775040314 4.736888774031863 1.9767737349033525 117.42390136718751 -28.053558349609375 19.74066162109375
H 1.4311069626199993 4.143820729990326 1.5697251343079321 -144.2751708984375 -88.98175659179688 -35.14669494628907
H 2.5870550171833617 4.311456220424522 2.868135899333196 -16.232580566406252 -19.207434082031252 63.83162231445313
H 1.8463317978693858 5.712671202813862 2.142873144390241 -81.00789794921876 116.786669921875 50.51000061035157
22
67.508056640625
H 7.040384960866901 1.744088554703668 -1.635262528177424 78.19827880859376 -61.675268554687506 28.957537841796878
C 6.055945487144768 2.116203063225142 -1.7148740738865134 -139.83775634765627 -59.1761474609375 -141.55810546875
H 5.268641847938111 1.3920288400281184 -1.50662526175824 36.67267761230469 -31.598696899414065 4.650693893432617
H 5.915049419865994 2.4019508357259247 -2.782770610588697 5.450129699707031 39.180352783203126 87.54938964843751
C 5.870676777860835 3.186098088331461 -0.7156397422207755 128.021875 100.76694946289064 77.3189453125
O 6.564267939823236 3.2126319952798004 0.3090106736910139 -62.96293334960938 -13.414308166503908 -50.095043945312504
N 5.067163770366612 4.175673081114258 -1.042362635808073 -157.852294921875 281.208154296875 158.45625
H 4.480851794886532 4.174494020533892 -1.8728686405105694 58.63226318359375 -86.06577758789064 5.640804672241211
C 4.949436859288129 5.5454623264119025 -0.3338976865013402 175.65423583984375 82.00033569335938 -432.51645507812503
H 5.706495035962041 5.820150360245102 0.4099535382718761 58.841833496093756 -86.90460205078125 -46.74301452636719
C 5.184877928872788 6.496552019745061 -1.6278867739016976 -62.717749023437506 -53.901708984375006 379.52084960937503
H 4.2760148930903465 6.405013700713482 -2.2783422913701736 114.68734130859376 17.628579711914064 -12.378295135498048
H 5.2811107318825865 7.491798682647031 -1.1871608833808738 -48.04451904296875 17.596775817871094 -40.384646606445315
H 6.215613666236791 6.32677505540578 -1.969950813043959 -58.338531494140625 -32.06239624023438 -85.43956909179688
C 3.7157618660981235 5.846588349276507 0.45726400879672696 -22.782092285156253 -318.110986328125 91.13005981445313
O 3.2991986974640763 6.893370408897704 0.8066583387673598 -10.006421661376955 284.7247314453125 -65.65460205078125
N 3.231051978814763 4.7585892395172795 1.0299392773062648 69.26182861328125 -161.39400634765627 8.055338287353516
H 3.8027178975945093 3.891134442217379 1.0277475889678387 -40.95813903808594 100.27789306640625 -56.21589965820313
C 2.169356918317243 4.739286715845141 1.9771717699676241 125.02541503906251 -48.65461120605469 -12.01352310180664
H 1.4349182579087214 4.1414169853614275 1.5604718327512486 -141.38033447265624 -82.77352294921876 -28.48294372558594
H 2.583133704946646 4.314888614930952 2.867054033201609 -13.6702880859375 -19.67868347167969 71.65172119140625
H 1.8522025862434632 5.713062660169682 2.1260555069961837 -91.89480590820312 132.02696533203127 58.55050048828125
22
69.4957275390625
H 7.046508926956308 1.7362246638119454 -1.6298587722213638 61.31001586914063 -52.75242309570313 26.70046081542969
C 6.057189580375914 2.1145591217264847 -1.7079952341905327 -125.6251708984375 -46.829254150390625 -192.09542236328127
H 5.2711961158034715 1.3922752108303977 -1.511665593096326 27.601434326171876 -38.73421936035157 11.853152465820314
H 5.906503688338063 2.4121545439289553 -2.7856996256421676 16.550967407226562 23.92130584716797 123.17121582031251
C 5.8694679553747084 3.1853879450861555 -0.7143307737383029 130.16654052734376 106.71561279296876 91.84563598632813
O 6.564912681523571 3.2141538007438317 0.3116878337249808 -69.93607788085937 -12.851618957519532 -57.929595947265625
N 5.064794516968012 4.175732147569752 -1.044297974459114 -142.247216796875 269.1709228515625 166.41590576171876
H 4.485917903711655 4.1766748649892165 -1.8787657674637965 54.814666748046875 -85.06030883789063 4.152130889892578
C 4.951692113180231 5.54293336558893 -0.332917387043663 164.855419921875 101.02513427734375 -434.633203125
H 5.6988180928450785 5.822131821886249 0.4216377327678228 63.97395629882813 -91.51027221679688 -54.87410278320313
C 5.183022477732536 6.496183055306462 -1.629446201969673 -35.228997802734376 -76.64284057617188 378.6112060546875
H 4.275706260621604 6.403448463516055 -2.2778371610760173 108.36049804687501 17.249327087402346 -15.209892272949219
H 5.275936088454477 7.485172717881045 -1.1850565824942412 -44.69783020019531 30.548550415039063 -38.237142944335936
H 6.219040367548638 6.319969102428853 -1.9772529310529288 -78.27647705078125 -24.79116668701172 -76.63167114257813
C 3.7177825942226503 5.848062303200344 0.45506532995757304 -30.79522705078125 -335.268212890625 94.26388549804688
O 3.2995641669326803 6.8946022450177935 0.8057652774296304 -5.558429336547852 283.75546875000003 -68.59366455078126
N 3.231622142268864 4.756157960579738 1.026010599698055 28.207266235351565 -99.30468139648438 23.966966247558595
H 3.7951234481637197 3.903679076180177 1.037392532435826 -4.141859436035157 50.033905029296875 -62.673394775390626
C 2.1683824509786165 4.741444520166676 1.9775933891467858 120.608642578125 -65.58465576171875 -43.54292297363281
H 1.43512594553323 4.137109648490374 1.5495955390417784 -129.28121337890624 -69.69087524414063 -16.93372039794922
H 2.579284431628927 4.317664659004491 2.8675111207386546 -12.367407989501954 -18.73658142089844 75.92680053710937
H 1.856498058208169 5.717082531084601 2.110210741799452 -98.29349975585939 135.336865234375 64.44740600585938
22
70.76336669921875
H 7.054378943903781 1.7273603312199581 -1.6228171114501584 38.411318969726565 -41.130163574218756 22.990956115722657
C 6.058221822403791 2.1128640708595605 -1.7016270311483181 -103.6581298828125 -37.628778076171876 -230.11235351562502
H 5.274549672303496 1.3917239653303268 -1.5159862303377825 18.090504455566407 -45.311169433593754 18.041262817382812
H 5.898532200399772 2.423304193934174 -2.7856823284031624 26.89277038574219 9.510076904296875 150.06888427734376
C 5.868528070495608 3.184737474122814 -0.7126670482788089 128.6784423828125 113.77985839843751 102.48847656250001
O 6.56552712676257 3.21580470380448 0.3143516068103246 -75.49395751953125 -12.47011947631836 -64.05189208984375
N 5.062165843711014 4.176173146356663 -1.046244343883171 -119.89984130859375 252.1115234375 180.16207275390627
H 4.491887048580871 4.1774840132469 -1.8829156193660297 46.6644775390625 -82.98123168945312 -3.202983856201172
C 4.954401118627939 5.540280852529056 -0.33256833766674365 148.97471923828127 119.86326904296875 -432.763427734375
H 5.69040626373987 5.8224830583207545 0.4333611252901265 70.68569335937501 -95.22886352539064 -62.36993408203125
C 5.181022576289077 6.495739397593985 -1.6304729878905504 -3.1710008621215824 -97.52849731445313 376.935205078125
H 4.277460170871709 6.401400481706303 -2.276401337524681 97.10175170898438 16.683206176757814 -20.77987213134766
H 5.271020488299502 7.479026090732573 -1.1837109278355324 -41.643359375 43.07844543457031 -35.42472839355469
H 6.221435208837969 6.313290937633652 -1.9853560513155628 -96.88768920898438 -17.650137329101565 -67.20728759765625
C 3.7196301409791883 5.84913461503069 0.4531569150495263 -35.97554931640625 -347.6531005859375 94.99764404296876
O 3.2999497112239307 6.89613148956282 0.8048897252694547 -0.7168546676635743 280.427490234375 -71.88844604492188
N 3.232391649729127 4.75379602729457 1.0220417553439871 -12.800819396972656 -41.225134277343756 39.68927612304688
H 3.7880730144396675 3.916032608206143 1.0464110119661518 31.746426391601563 1.6083051681518556 -67.6374267578125
C 2.1677223247098856 4.743278399381917 1.9779843018105627 105.572802734375 -76.40980224609375 -73.3455810546875
H 1.43284576245892 4.131018570158114 1.537468672861213 -110.05906982421875 -51.47536010742188 -1.2763377189636231
H 2.575851085980047 4.320373869960129 2.869777212280203 -12.389624786376954 -16.519187927246094 76.33251342773438
H 1.8586720887804975 5.724624047611199 2.0953809235518333 -100.12301025390626 126.14935302734375 68.35397338867188
22
71.368896484375
H 7.063336964523241 1.7177787429923663 -1.6143646734802128 11.239517211914062 -27.524349975585938 17.856723022460937
C 6.058981251096153 2.1111589852606953 -1.6958542288730436 -76.44427490234375 -31.981292724609375 -253.302734375
H 5.2780730384510575 1.3905513362557207 -1.5194890232146698 9.01459426879883 -50.91724548339844 23.149513244628906
H 5.890645839784604 2.4350176064308555 -2.78196226349867 36.23122863769532 -3.2270671844482424 166.016943359375
C 5.867767086037368 3.184219475737964 -0.7106772206304396 123.75125732421876 121.59267578125001 109.07186279296876
O 6.566014701873049 3.2174882046976245 0.31690354485948335 -79.53426513671876 -12.160383605957032 -68.16541748046875
N 5.0591975628349575 4.177043516451188 -1.0480959886729773 -91.62609252929688 229.92482910156252 198.40532226562502
H 4.49901987810192 4.177038995425482 -1.885807636792326 34.794332885742186 -79.71144409179688 -15.516598510742188
C 4.957444608877715 5.537553484073544 -0.3329156596982319 129.52672119140627 138.61279296875 -426.47202148437503
H 5.681582987188149 5.821315960771637 0.44513304738969867 77.949951171875 -98.23312377929688 -69.82155761718751
C 5.178938270610254 6.495199087786261 -1.6310940915854433 29.99549255371094 -115.11595458984375 375.20158691406255
H 4.280728353856191 6.39924361120198 -2.2742228243401112 82.19738159179688 15.835600280761719 -28.458941650390628
H 5.266492763079652 7.473713203185372 -1.1832763756703637 -38.91744079589844 54.29926147460938 -32.235113525390624
H 6.2222258726363595 6.307042097881688 -1.993847539770445 -112.11274414062501 -11.16690444946289 -58.162390136718756
C 3.7212513386124177 5.8497353163309 0.45128647622865775 -39.095849609375 -354.0407958984375 94.06087646484376
O 3.300259033585786 6.897964420757354 0.8039854644905633 4.861755752563477 274.2354736328125 -75.856640625
N 3.233249769065127 4.751621164222639 1.017954358378653 -50.889077758789064 8.215248107910156 55.09938354492188
H 3.7823537012297948 3.927245407750388 1.0545726812734302 63.770721435546875 -40.94211120605469 -71.11982421875
C 2.1671532449772335 4.744846530631431 1.978218430186239 82.24296875 -80.10888671875 -100.23856201171876
H 1.4281557727118686 4.123646972288961 1.524799066444428 -85.48107299804688 -29.252383422851565 17.441630554199218
H 2.572384184863887 4.322856897111669 2.87391120187047 -13.723768615722657 -12.905030822753908 72.34373168945312
H 1.8591025457741504 5.735815049348915 2.0818814348333787 -97.75133666992188 104.57109375 70.70226440429688
22
19.18365478515625
H 6.882697534876866 1.4182418434396502 -1.1641693654631113 121.2726806640625 -59.27549438476563 127.05240478515626
C 6.021425647644153 1.9734975187805828 -1.3150941415807558 -47.07698669433594 78.57522583007812 -244.67961425781252
H 5.136623574818033 1.3375908687840965 -1.2483257800491552 -0.16351448297500612 18.41399688720703 3.804173278808594
H 6.2618513054772205 2.2582407225811854 -2.3849840511518168 -85.47064208984375 -17.757766723632812 109.437060546875
C 5.885928559413167 3.2570421653518364 -0.5216916908379752 7.547577667236329 -55.33687744140625 52.9653564453125
O 6.467305049140528 3.4375368635679804 0.5347319235633812 48.335879516601565 -45.052972412109376 -0.009383392333984376
N 5.047131151272737 4.147246259371523 -0.9977573772521873 65.59240112304688 -137.925390625 -117.48294677734376
H 4.448279578904088 3.8497642853345715 -1.7537401103774266 6.7003929138183596 50.47994079589844 -10.485056304931641
C 5.102099403386447 5.491327814957851 -0.5609672258353997 -206.544189453125 273.3271484375 358.01884765625005
H 5.893759554930259 5.74141888282233 0.19278626890002368 15.224475097656251 -66.93364868164063 -116.89301757812501
C 5.117699292873556 6.51867568817019 -1.685865057339603 -97.41423950195313 -85.24683837890626 -3.0905248641967775
H 4.149980119772238 6.363638378187932 -2.2086233152787225 31.626531982421877 88.94661254882813 35.253500366210936
H 5.3202565461252505 7.527306613864326 -1.2471972190187874 -29.123266601562502 -50.98680725097657 -66.77972412109375
H 5.81215706957078 6.1988045606278614 -2.4157350817124907 106.70364990234376 18.450738525390626 -44.05092163085938
C 3.8735220457736785 5.778638124038404 0.415688632246998 40.33642272949219 47.8955322265625 -139.76229248046874
O 3.4587291293166773 6.925099507736253 0.5583064087913645 11.38205337524414 4.9561103820800785 36.13439636230469
N 3.211163834129336 4.747999081740023 0.9276252255307803 -128.097998046875 -80.30523681640625 127.80122070312501
H 3.496310568661134 3.8473992932924572 0.6162936061968014 52.222302246093754 -30.305401611328126 -8.086965942382813
C 2.008287614543509 4.718881846721892 1.8347790650142404 207.55800781250002 18.90245819091797 -149.0415283203125
H 1.4728096658304572 3.844937977092757 1.527618813022469 -84.60276489257814 -16.04293212890625 -10.058519744873047
H 2.298803197906466 4.542485302348257 2.8571790111186295 17.831275939941406 27.567633056640627 41.09981079101563
H 1.4857859838474372 5.652133865497676 1.6941185771612768 -53.84003295898438 17.653956604003906 18.853730773925783
22
22.239715576171875
H 6.892035526391192 1.4250213154914224 -1.1531010225695684 102.9453125 -56.061798095703125 124.358447265625
C 6.018918527626372 1.9707720744005042 -1.310947857804636 -4.348333358764648 91.34260253906251 -255.5315673828125
H 5.139100529992897 1.3401251442870563 -1.254299656751012 -16.264599609375 3.951676940917969 11.332073974609376
H 6.266396392170349 2.2375798870425596 -2.3896495978283494 -89.48330078125001 -11.023070526123048 126.28535156250001
C 5.886136294302124 3.2604801471189138 -0.5184781170698491 4.389731979370118 -80.28897705078126 35.97685546875
O 6.466310100386654 3.437681192240023 0.5375879739273886 49.517190551757814 -36.97005004882813 5.049497985839844
N 5.0468241518940555 4.14501624713039 -0.9980259772822825 90.08377685546876 -106.7515625 -81.88031616210938
H 4.455424471648025 3.848104410752371 -1.7466418663095076 -14.890101623535157 39.99323425292969 -38.3193603515625
C 5.103337812841894 5.49380935790124 -0.5622607558542069 -217.059033203125 261.4627197265625 339.1711669921875
H 5.883551986732993 5.757409850846129 0.1928283566177439 29.807073974609377 -74.458984375 -109.92811279296876
C 5.119280209456906 6.5196631152651605 -1.6898427846869966 -113.39882812500001 -80.216552734375 2.477009391784668
H 4.142794184077456 6.37033907418051 -2.206385784696636 43.67938232421875 85.16648559570314 39.25967712402344
H 5.303030810887003 7.5318386274416005 -1.2334618358186185 -18.13899078369141 -66.74776611328126 -84.59259643554688
H 5.809877542258773 6.183983828352789 -2.425785165649785 99.06187744140625 33.65787963867188 -32.6291259765625
C 3.8776080506929933 5.775778461758815 0.4142667575945759 13.969151306152344 78.77880859375 -129.8521484375
O 3.459107845742185 6.926784281301497 0.5560850431514159 21.19698944091797 -18.860388183593752 33.908425903320314
N 3.210625927873696 4.747222379860418 0.9282730503028827 -121.71932373046876 -78.15474853515626 121.183349609375
H 3.491750980825476 3.8487131738698137 0.6110828433140726 52.081677246093754 -35.53855590820313 -7.458812713623047
C 2.0061455934699026 4.718430341046462 1.8340913510688759 206.17165527343752 2.2338685989379883 -170.77440185546877
H 1.4712384226074435 3.8337778424493414 1.5248310212541658 -74.06915893554688 5.627376937866211 -1.3921159744262697
H 2.3042779240842903 4.549909905943089 2.8518164509958326 16.32933349609375 26.0406005859375 51.850946044921876
H 1.4934783779427336 5.655189311610808 1.6840518466690755 -59.86146850585938 16.817205810546877 21.505757141113282
22
25.136932373046875
H 6.904071818573771 1.430017690849171 -1.1389860433682162 74.68150634765625 -47.24868469238282 118.00118408203126
C 6.016386885402084 1.9682236883428854 -1.307513948509014 44.981692504882815 95.85989990234376 -252.4955810546875
H 5.141293275242789 1.3424961344794784 -1.259858277866068 -31.328729248046876 -9.518074798583985 18.287371826171874
H 6.269185999898681 2.2167277273075294 -2.3916681184926682 -90.6934814453125 -2.487910079956055 134.0564697265625
C 5.886255139921492 3.2637920536584004 -0.5151885167376855 0.9047178268432617 -105.34232177734376 18.255259704589843
O 6.465310843650286 3.4377856454700457 0.5405133870162616 50.60353393554688 -29.299002075195315 9.964730834960939
N 5.046537709719773 4.142654292568465 -0.9983836615592179 113.74852294921875 -73.89086303710938 -45.873913574218754
H 4.462515016525767 3.8464915857681263 -1.7399423637074314 -35.81286315917969 29.464154052734376 -65.54042358398438
C 5.104312558404928 5.496552044745922 -0.5631113268592385 -229.81716308593752 246.37841796875 314.01416015625
H 5.87257201941576 5.773131826549424 0.19103134324186863 47.48138427734375 -80.31622924804688 -99.01170654296875
C 5.120505810061592 6.520568970594507 -1.6939067502057827 -120.794970703125 -80.5519287109375 5.626148986816407
H 4.1372488440814195 6.379209708771656 -2.2029697766079406 50.059912109375006 79.33054809570314 39.232397460937506
H 5.2856142123870855 7.533990322979722 -1.2220454836112111 -5.630885314941406 -75.92158813476563 -99.09950561523438
H 5.809931766989983 6.169962627503356 -2.436458462275795 86.94434204101563 49.72730102539063 -17.513055419921876
C 3.88157999146836 5.772952064072956 0.41278823241972684 -12.86585693359375 109.69587402343751 -118.88392333984376
O 3.4595212290390815 6.928491895597428 0.553813240103615 30.760305786132815 -42.469885253906256 31.85599060058594
N 3.2100738047545985 4.746488692099274 0.9290021236132867 -115.386572265625 -73.24794921875001 114.43114013671875
H 3.4867957351678824 3.850817464342915 0.606327210755939 52.902441406250006 -43.50373229980469 -7.956383514404298
C 2.0043306455892935 4.7180077737693304 1.8330716400245208 200.2819580078125 -13.667251586914062 -187.158935546875
H 1.4679959518758143 3.8229381908631597 1.5214835373195497 -61.478674316406256 28.820480346679688 8.04061508178711
H 2.310259511322333 4.55779730071354 2.847847755186279 13.724771118164064 24.64639129638672 57.782647705078126
H 1.4996283317240247 5.658572695066427 1.6745162623235172 -63.265881347656254 13.542361450195314 23.985340881347657
22
28.034393310546875
H 6.918049951624745 1.433684725421092 -1.1219230570597984 38.939727783203125 -34.54452209472657 108.19869384765626
C 6.013966299903339 1.965735646534912 -1.3046446963049927 97.57025756835938 93.69640502929688 -235.3256591796875
H 5.1432054052213445 1.344468098709226 -1.2646227368745888 -44.959936523437506 -21.703176879882815 24.74002380371094
H 6.270093343438213 2.1955565713583005 -2.39069182701157 -88.79341430664063 7.655352020263672 131.97861328125
C 5.886418385078038 3.266974314226388 -0.5119558327941118 -2.5614536285400393 -129.84813232421877 0.9550024032592774
O 6.464403856464901 3.4378871376314675 0.5435657164749808 51.31832275390625 -22.163845825195313 14.088217163085938
N 5.046333447311509 4.14030244316297 -0.9987469391305815 134.90009765625 -41.662759399414064 -12.377197265625
H 4.469251663758127 3.844564448594887 -1.7343367037009267 -54.17474365234375 20.16930389404297 -89.57498168945312
C 5.105136409626203 5.49949001525074 -0.5634859430832293 -243.68232421875 229.6311767578125 283.8467041015625
H 5.8613274951384655 5.789116085536762 0.1877711804750637 67.01137695312501 -85.17325439453126 -85.27728881835938
C 5.121442652436431 6.521411803080336 -1.697982632007891 -119.85151367187501 -85.57503051757813 7.520133209228516
H 4.133609412553546 6.390322697354667 -2.198387764532376 50.317681884765626 71.59328002929688 35.24638671875
H 5.268731501260882 7.533711007436796 -1.2127959137678563 7.716683197021485 -78.52907104492188 -110.054248046875
H 5.812030557871405 6.157427557384908 -2.4472842836269932 71.69550170898438 65.78955078125 -0.14942212104797364
C 3.8855912819597545 5.7703115445628015 0.4113652853636773 -40.338269042968754 138.30452880859374 -106.85997314453125
O 3.4601123237562503 6.9301183417054215 0.551508772023793 39.75729064941407 -64.71964111328126 30.119683837890626
N 3.2094306595988376 4.745727299904702 0.9298512890250996 -107.74721679687501 -65.52462768554688 106.62727050781251
H 3.481643708054676 3.8533202936575512 0.6023633399255736 54.39400634765625 -53.279473876953126 -9.387650299072266
C 2.0030150097982165 4.717629116274236 1.8316723056455475 190.83046875000002 -27.033123779296876 -196.6662353515625
H 1.4633988716286095 3.813220657961833 1.517839449514644 -47.812173461914064 51.476434326171876 17.733984375000002
H 2.317232045082184 4.566616833227741 2.845388893287921 9.656803131103516 23.188093566894533 58.397369384765625
H 1.504185178086502 5.662055226170547 1.6655531291246777 -64.18716430664062 8.252519226074218 26.220571899414065
22
31.01654052734375
H 6.933088427177302 1.4367463278279626 -1.1022760003197103 -1.5875993728637696 -19.790582275390626 95.28755493164063
C 6.011758693947092 1.9634286538852777 -1.3023874864355964 148.15699462890626 85.07717895507812 -204.22884521484377
H 5.143958126841443 1.3461011592548953 -1.26830203988595 -55.04121704101563 -31.50338134765625 30.578555297851565
H 6.269010955725008 2.174044195730229 -2.3868143037875287 -83.67083740234375 19.275726318359375 119.91372070312501
C 5.886506920723198 3.2698657201042436 -0.508817949013019 -6.009541702270508 -152.27165527343752 -15.875796508789064
O 6.463500780732111 3.437957312589506 0.546701004926271 51.61591186523438 -15.756085205078126 17.320303344726565
N 5.046066626533538 4.1380448919944595 -0.9991886480060802 152.76677246093752 -11.705957794189453 17.28235778808594
H 4.475029371659529 3.8420690913260995 -1.7300720837363928 -68.94877319335937 12.793463134765625 -109.0797607421875
C 5.105622157915242 5.5026162608879385 -0.5634669151421003 -256.6708251953125 210.71982421875 250.638427734375
H 5.850424791466947 5.804883150178596 0.18354165158487967 86.57967529296876 -89.05797729492188 -70.3604736328125
C 5.122048529308923 6.521871596894408 -1.7020243655163787 -112.87880859375001 -92.113818359375 8.900044250488282
H 4.131498395656274 6.403684808846153 -2.1931024272593937 45.683666992187504 62.00617065429688 28.17176513671875
H 5.252446697500747 7.531314691575668 -1.2058147396430081 21.393499755859377 -75.91534423828125 -117.56900634765626
H 5.815765100803693 6.146884544990216 -2.4575821315647235 54.98798217773438 80.63406372070312 17.555215454101564
C 3.889505239524631 5.767843285568962 0.4098107515315375 -68.565380859375 164.9066162109375 -93.32820434570313
O 3.460700463450168 6.931628163085259 0.5491533580790728 48.296789550781256 -85.61157836914063 28.497451782226562
N 3.2086768639741905 4.745026364194049 0.9308754876450654 -98.4459716796875 -59.14130249023438 96.79215698242189
H 3.4759440168321576 3.855179587690361 0.5989881104312338 55.926342773437504 -61.3631591796875 -10.782798004150392
C 2.0020129352489504 4.717089092704701 1.829808182986168 179.67724609375 -35.47544555664063 -198.69866943359375
H 1.4578264234304075 3.8049376846653153 1.5142598318458522 -34.320709228515625 71.72435913085938 26.825958251953125
H 2.324889763326326 4.576191169801697 2.8442623962603006 4.140188217163086 21.51752471923828 53.99342651367188
H 1.5073767762471761 5.665606509999169 1.6572735110078118 -63.08540649414063 1.0513837814331055 28.166616821289065
22
34.086029052734375
H 6.948371490368409 1.4391046946532033 -1.080351718648211 -44.63038024902344 -3.944615173339844 79.50941162109376
C 6.009933816654698 1.9612489653021337 -1.3005808426226046 192.6929931640625 70.337451171875 -160.34871826171877
H 5.143261388559761 1.346695744000572 -1.2710797211508464 -60.050671386718754 -37.50460510253907 35.91157836914063
H 6.265981752542435 2.1526801773431483 -2.380029958436939 -75.312841796875 31.762661743164063 98.38787231445313
C 5.886559628871443 3.2725086675968185 -0.5057584820709231 -8.885980224609375 -173.55349121093752 -32.25136108398438
O 6.4626719527243495 3.437853867548024 0.5497905154944085 51.71961059570313 -9.789471435546876 20.257626342773438
N 5.046009229007378 4.135884996798282 -0.9996658349279209 164.44899902343752 15.097212219238282 39.60802001953125
H 4.479405846898484 3.8387267131299927 -1.7278062745302927 -77.9412109375 8.383714294433593 -121.19305419921875
C 5.10591070000829 5.50583481081103 -0.5631510426681439 -268.1649658203125 190.8769287109375 216.060302734375
H 5.840357570122032 5.820209176528154 0.17874076902801028 105.138037109375 -92.15451049804688 -55.36198120117188
C 5.122384797920082 6.5221322058884335 -1.7060896384486615 -99.38240356445313 -102.3041259765625 9.941365814208986
H 4.131400344052983 6.419041627456147 -2.1869351020586727 34.983392333984376 50.93656616210938 17.686843872070312
H 5.236693115727662 7.52658990559866 -1.201604630995984 35.40468139648438 -66.58482055664062 -120.70576171875001
H 5.820630857671775 6.1383949513292375 -2.4674535638428354 37.52359619140625 94.063232421875 34.93807678222657
C 3.8932462304810422 5.765589565706007 0.4081432358761049 -96.23545532226564 188.88237304687502 -79.02974853515626
O 3.4613738781961905 6.933011288620787 0.546816056155304 56.11094360351563 -104.75148925781251 27.045254516601563
N 3.207961161729258 4.744359431697507 0.9319955788165567 -88.49435424804688 -54.1212158203125 85.76943359375001
H 3.469496283615757 3.8563419751234154 0.5962544314425919 57.905511474609376 -67.98751220703126 -12.436495208740235
C 2.001433722279266 4.716250708918796 1.8275097104277371 167.37435302734377 -36.118673706054686 -194.177490234375
H 1.451662179732761 3.798672838115338 1.510794591543145 -21.958868408203127 87.80865478515625 34.711456298828125
H 2.3330546332574467 4.586061024893985 2.844224098143951 -2.6564516067504886 19.58438415527344 45.39044799804688
H 1.5092592177099822 5.66942096900851 1.649268783588722 -59.588537597656256 -8.918635559082032 30.286904907226564
22
37.30615234375
H 6.96231009123654 1.4412482159878355 -1.0563291223750622 -86.235205078125 11.089476013183594 61.6009765625
C 6.0084566042346355 1.9592461678639026 -1.2990735109495501 227.7400634765625 52.0036865234375 -106.89549560546875
H 5.141147348626593 1.3462817782026613 -1.2726528449934913 -60.146270751953125 -39.7058349609375 40.81507263183594
H 6.260960691504769 2.1316469259069426 -2.3710703531320303 -64.20198364257813 44.42868347167969 69.69362182617188
C 5.886527017234545 3.2749858418987032 -0.5027512895861519 -11.17337417602539 -193.4009521484375 -47.93771667480469
O 6.461825428587831 3.437610467866095 0.5529220551219255 51.579803466796875 -4.226362228393555 22.79499206542969
N 5.046047353947026 4.1339619610319245 -1.0001104122981794 169.16143798828125 37.232095336914064 53.071990966796875
H 4.482141511718737 3.8343604610162907 -1.7279087611762234 -80.22342529296876 7.68872299194336 -124.534716796875
C 5.105863128609302 5.509094274431707 -0.5624701677134303 -276.8387939453125 171.09353027343752 181.492626953125
H 5.831345148915824 5.835095387429929 0.1738756584704938 121.69822998046875 -94.89240722656251 -41.39784851074219
C 5.122505424220928 6.522177397082968 -1.7100789786284485 -82.82103271484375 -115.12735595703126 10.860924530029298
H 4.132660286110204 6.435932982699426 -2.1802002877119593 20.368104553222658 39.00531921386719 5.0534709930419925
H 5.221447266297595 7.519941758911259 -1.2002285515293971 49.37947692871094 -51.27518920898438 -119.50096435546875
H 5.825999104086548 6.1325324185033825 -2.4766142440748187 20.76887664794922 105.1376953125 50.58702087402344
C 3.8968349035300824 5.76360355416057 0.4066030894768513 -123.3383056640625 209.84538574218752 -64.49482421875
O 3.4621029281079583 6.934257789710023 0.5445556342733172 63.144812011718756 -121.84351806640626 25.899581909179688
N 3.207180567012255 4.743770287118031 0.9332299085338609 -77.72431030273438 -51.270214843750004 73.40968017578125
H 3.462141786596968 3.8565162337074774 0.5942654234734472 60.202178955078125 -72.23182983398438 -14.105606079101562
C 2.0011803608904923 4.715265559267824 1.8247032076777936 155.24588623046876 -29.46320495605469 -182.11373291015627
H 1.4451299085268503 3.794818650689289 1.5079657910754027 -11.444793701171875 98.57251586914063 40.773779296875006
H 2.341400934820825 4.596270628655531 2.845229374594289 -10.692278289794922 17.43572540283203 32.65555419921875
H 1.5096988152585789 5.672977993523149 1.6416487409643197 -54.44911499023438 -20.095989990234376 32.27162475585938
22
40.5859375
H 6.9738823297549315 1.4435079711940562 -1.0303014721666013 -123.588916015625 24.00961608886719 42.27328186035157
C 6.007420693604297 1.9574373517107109 -1.2976751569473142 251.095556640625 31.501739501953125 -47.77132873535157
H 5.137534525563996 1.344966278498265 -1.2729941320316422 -55.14677734375 -37.955456542968754 45.337747192382814
H 6.254454697042293 2.110959832196504 -2.360786621260625 -51.1152587890625 56.668084716796876 36.75140380859375
C 5.886589689533652 3.2772936492577887 -0.49984783465935434 -12.801478576660157 -211.2556884765625 -62.141491699218754
O 6.46115400858784 3.4373219564890856 0.556156405104846 50.979739379882815 0.8573925971984864 24.420346069335938
N 5.046184541105574 4.132243073087508 -1.0004105689794045 166.93575439453127 54.74253540039063 57.238006591796875
H 4.483419804205617 3.8292236410671516 -1.7305133082308999 -75.79871826171875 10.597863006591798 -119.05919189453125
C 5.105527404803828 5.512422599097436 -0.5615540774170755 -281.2830078125 151.910888671875 149.0209716796875
H 5.824176831207187 5.849715627016376 0.16911158583463035 134.71468505859374 -97.86431884765625 -29.804571533203127
C 5.1223633537472075 6.52206365270668 -1.7139465808195613 -63.1575927734375 -129.35308837890625 12.399089813232422
H 4.135269432626577 6.453903947372151 -2.172847598120126 1.8145143508911135 26.8041015625 -9.548242950439453
H 5.207393782021763 7.511931071354619 -1.20153937505542 62.581231689453126 -31.3667724609375 -114.40363769531251
H 5.831566089292392 6.129421734942698 -2.4846936792748036 5.426525497436524 113.36368408203126 63.630224609375006
C 3.900261405452633 5.761941917786705 0.40509287927115917 -149.74700927734375 227.5611328125 -49.50874938964844
O 3.4628969318180642 6.935405070870962 0.5423382507942758 69.37587280273438 -136.81263427734376 24.987812805175782
N 3.206402472989607 4.743237089510996 0.9345918446304947 -65.858349609375 -50.832437133789064 59.341705322265625
H 3.454228447222385 3.855664252668807 0.5927509090499615 62.49464721679688 -73.57493286132812 -15.372427368164063
C 2.0012317096150687 4.714076755830117 1.8214398611845342 144.3171142578125 -15.250251770019531 -162.80543212890626
H 1.4384483415884444 3.7936588830082902 1.5060247159768017 -3.4784561157226563 103.04046630859375 44.626904296875004
H 2.3494440362377706 4.607019259209481 2.8471177819947475 -19.519985961914063 14.709906005859375 16.708357238769533
H 1.5089062010312149 5.675978506203608 1.634970858160594 -48.24010314941407 -31.501815795898438 33.679229736328125
22
43.967559814453125
H 6.982874970577723 1.4460025013180497 -1.0031412146950398 -155.35415039062502 34.45048828125 22.197988891601565
C 6.006953015654005 1.9558298429083627 -1.2963789422974519 261.766796875 9.262006378173828 14.533677673339845
H 5.1325707900006226 1.3425916347567177 -1.2720697422473286 -44.84850769042969 -32.15104675292969 49.32845458984375
H 6.246742923387371 2.091265424888664 -2.3496911008054235 -36.728005981445314 67.93682250976563 1.1834246635437011
C 5.886689326801386 3.2792436525374047 -0.49710169991022757 -13.718185424804688 -226.37880859375002 -74.56245727539063
O 6.460591816158136 3.436875335322185 0.5594234762225323 49.9152099609375 5.435565948486328 25.175564575195313
N 5.046439621953189 4.130663709878823 -1.0006852371963504 158.66810302734376 67.3845947265625 53.07572631835938
H 4.483411345715104 3.823187697697359 -1.7353171573850779 -65.58675537109376 16.853872680664065 -105.80518798828126
C 5.104844924398684 5.515713301801365 -0.560636773288171 -281.06025390625 134.14935302734375 120.10212402343751
H 5.818909407419634 5.864178020928293 0.16457077285344368 143.58994140625 -101.560302734375 -21.323596191406253
C 5.122061843387788 6.521663286824428 -1.7178054299179868 -42.64483337402344 -142.6973876953125 16.12866668701172
H 4.138996255333466 6.472422390534796 -2.165252488880155 -19.57602233886719 14.866328430175782 -25.401129150390627
H 5.1947649459659475 7.503207585270495 -1.2050831723542772 74.67604370117188 -9.127999114990235 -106.61774902343751
H 5.836773766681826 6.128802754242337 -2.4913426107994945 -7.0625549316406255 118.26522216796876 72.71669311523438
C 3.903430134073702 5.7607202328379525 0.4035398167589813 -174.81568603515626 240.5823974609375 -34.54716491699219
O 3.4637615119034226 6.93636152461083 0.5400958042849744 74.47493286132813 -148.6255615234375 24.357052612304688
N 3.205547983839565 4.7428307663259455 0.936002087709983 -52.653375244140626 -54.58225708007813 43.16251831054688
H 3.4457941192127706 3.8532223026770995 0.5917281914642306 64.43453369140626 -70.04662475585938 -15.59645233154297
C 2.0015140365066215 4.712713629408007 1.8177611189263647 135.85917968750002 5.967740249633789 -136.48052978515625
H 1.432253563784656 3.7951489973072383 1.5050738963453272 1.1484007835388184 100.73928222656251 45.98930969238282
H 2.35700819215657 4.617950111482221 2.8497337565796084 -28.937954711914063 11.500750732421876 -1.9632993698120118
H 1.507005717866572 5.678153578647915 1.6293788156941735 -41.54682312011719 -42.22447814941407 34.34636535644531
22
47.303070068359375
H 6.987964824251519 1.4489196945586482 -0.9752926395364294 -178.23122558593752 41.20547790527344 2.6144918441772464
C 6.007106368919471 1.9544951521080924 -1.295210661056816 257.890576171875 -12.645723724365235 74.74538574218751
H 5.126519626567521 1.3392624344177941 -1.2698474528491692 -29.74867858886719 -22.50895233154297 52.646514892578125
H 6.238247641810302 2.072925421510055 -2.3392291326951464 -22.065370178222658 77.57599487304688 -32.96908264160157
C 5.886796044460314 3.2809253991870557 -0.4946357998224646 -13.394071960449219 -238.79445800781252 -84.34032592773438
O 6.460046850969352 3.436406358780173 0.5627482856346031 48.20440368652344 9.417359924316406 24.613467407226565
N 5.0468187644377585 4.12928977852142 -1.0009251353157722 144.44085693359375 75.35850219726562 40.63242797851563
H 4.482146675137978 3.816330148072933 -1.742138149157948 -49.97764587402344 26.385614013671876 -85.13598022460938
C 5.103773291091671 5.5190332019095925 -0.5597344233250479 -275.60078125 118.09223632812501 95.4200439453125
H 5.8154886701303035 5.878641945346972 0.16052177343993979 148.040673828125 -106.269873046875 -16.395347595214844
C 5.121614228641615 6.520987285669993 -1.7216160933893707 -24.08717041015625 -153.298193359375 21.593040466308594
H 4.1428397291620165 6.490969965569448 -2.15783317282437 -40.83799438476563 3.6620975494384767 -41.10444030761719
H 5.183754062349532 7.494659303578768 -1.2107054703126277 85.25755615234375 13.300807189941407 -97.01182861328125
H 5.841680997200434 6.130791955681265 -2.4963432450327163 -16.538357543945313 119.66175537109376 77.59395751953126
C 3.906391598352455 5.760043985993973 0.40195460100132696 -198.71330566406252 248.14140625000002 -19.710435485839845
O 3.464711742774864 6.937140128418245 0.5377742024117109 78.3729736328125 -156.9056396484375 24.072137451171876
N 3.204581233538347 4.742550634770074 0.9373723483397095 -38.46009216308594 -60.695019531250004 25.476165771484375
H 3.4363833037703695 3.849510131468377 0.5912446942636818 66.62160644531251 -62.99323120117188 -15.374136352539063
C 2.0021498835493623 4.711343941958226 1.813728746698744 128.4212646484375 31.297808837890628 -105.77315673828126
H 1.426430028898547 3.798770432760919 1.5048921616545807 3.411050033569336 93.538134765625 45.523660278320314
H 2.3639878502001643 4.628977747366301 2.8524206509497514 -38.24903869628906 7.806104278564454 -21.369622802734376
H 1.5042277669280648 5.679300561136503 1.6247483709958366 -34.7572021484375 -51.33221435546875 34.253057861328124
22
50.399505615234375
H 6.988993220973323 1.4525291779831329 -0.947207270164459 -191.22355957031252 43.635406494140625 -15.471275329589844
C 6.007812022600195 1.9531445580997453 -1.2939199911385337 240.45078125 -32.180548095703124 130.27022705078124
H 5.119738355465055 1.3350817062901885 -1.2661250247902505 -11.074230194091797 -10.092711639404298 55.230462646484376
H 6.229241318637162 2.055687327129847 -2.3297702620731666 -7.817191314697266 85.455615234375 -63.91009521484375
C 5.88686980801849 3.282208588427757 -0.49227912810011903 -12.82239227294922 -248.1197265625 -92.4610595703125
O 6.4595279034836794 3.435939600261524 0.5661659888302353 46.013500976562504 12.831175231933594 23.05921325683594
N 5.047040140218234 4.128057635509493 -1.0011532398415426 128.84615478515624 79.36410522460938 25.07129669189453
H 4.48051059365241 3.8089997106547493 -1.7498774445374685 -32.55030822753906 37.624533081054686 -61.57914428710938
C 5.102450077064634 5.522215231323843 -0.5587272472570619 -265.01584472656253 104.62349853515626 75.30728149414062
H 5.8141659243074715 5.8927572439445095 0.15755081912996888 147.484326171875 -112.29727783203126 -15.687982177734376
C 5.121093857916444 6.520022976619293 -1.7253277920779662 -9.552938079833984 -160.69875488281252 28.95645446777344
H 4.1464166810367065 6.509740115921943 -2.150856301428275 -60.58518676757813 -6.83385009765625 -55.841552734375
H 5.174274406279094 7.486539099092964 -1.2184585492556974 94.39961547851563 35.48033142089844 -85.70847778320314
H 5.845853933637159 6.135584109926021 -2.499765018814461 -22.293859863281252 117.29222412109375 77.81905517578126
C 3.9091038251952326 5.759837107862744 0.4004498346170171 -220.76005859375002 250.0494140625 -5.289774322509766
O 3.4658053066667676 6.937640739406228 0.5354973615384715 80.91612548828125 -161.44996337890626 24.147991943359376
N 3.203583302498867 4.742263761512634 0.9387522051499629 -23.605575561523438 -69.42176513671875 6.269054031372071
H 3.426248306793383 3.8445007140077148 0.5909066768704374 68.83565673828126 -52.1317626953125 -14.38401336669922
C 2.003155747783606 4.709782013388382 1.8095544864487638 122.05430908203125 61.036407470703125 -72.26412963867188
H 1.4210486131994058 3.804572822886827 1.5060337176793084 2.904538154602051 80.77317504882814 42.95949401855469
H 2.370167155537412 4.640027253201751 2.8548138828370173 -46.788671875000006 3.5749179840087892 -39.829339599609376
H 1.5003531754753014 5.679000629529786 1.6212950731199849 -27.815161132812502 -58.51446533203125 33.3363037109375
22
52.99859619140625
H 6.985672470778573 1.456527450379087 -0.9191232861421256 -194.00676269531252 41.92818603515625 -31.415213012695315
C 6.009033371175356 1.951815210723099 -1.292383089018577 211.6025390625 -48.00038146972656 177.12330322265626
H 5.112781473995364 1.3304154434476096 -1.2609448128257292 9.532089233398438 4.1185756683349615 56.988659667968754
H 6.219912854070539 2.040242667021813 -2.322223875196189 5.324799346923829 91.07919311523438 -88.55682373046875
C 5.88707916760573 3.283230692933312 -0.49014605313132076 -12.221849060058595 -254.6807861328125 -98.58717041015626
O 6.459105067700465 3.435565827460528 0.5696021787465864 43.418740844726564 15.796194458007813 20.553514099121095
N 5.047195361671106 4.1270084159353475 -1.001451301997875 112.4189208984375 79.99208374023438 6.951718902587891
H 4.478704681655022 3.801344906357551 -1.7584116131076843 -13.850596618652345 50.26123657226563 -35.77769165039063
C 5.100962728568732 5.525356336058955 -0.557739446289097 -251.345556640625 92.94091796875 58.651422119140626
H 5.814693111761681 5.906327303513809 0.15478915229885934 143.4547119140625 -119.02131347656251 -17.55626220703125
C 5.120460725852487 6.518840441819211 -1.7289597805396042 -0.3033359289169312 -164.69241943359376 37.660464477539065
H 4.1494158391324385 6.528186887890387 -2.14485089344139 -77.68717651367189 -16.304617309570315 -68.77081298828125
H 5.166644763574536 7.479136395966468 -1.228111736650277 101.85927734375001 56.69159545898438 -73.26359252929687
H 5.848897577787827 6.142832591269652 -2.5016570966164786 -23.921223449707032 111.41153564453126 73.41355590820312
C 3.911463918010078 5.7601350527641255 0.3989673798796778 -239.9495361328125 246.379150390625 8.355084228515626
O 3.4670803005713506 6.9379279128288545 0.5332852762580886 81.92055664062501 -162.27310791015626 24.558250427246094
N 3.202728562553227 4.741931031997212 0.9401270390397056 -9.187214660644532 -79.66534423828125 -13.480430603027344
H 3.415569767249135 3.8384481245066633 0.590891489704201 71.46484375 -38.484570312500004 -13.020715332031251
C 2.004476962175135 4.708029249289134 1.8052526316364697 116.12551269531251 94.60092163085938 -39.11725769042969
H 1.4163930826814095 3.8120711731756756 1.507849965140065 -0.12636260986328127 63.511651611328126 38.94028015136719
H 2.3751459671684167 4.65141723664681 2.8562752283630086 -53.84528198242188 -1.3834436416625977 -55.33650512695313
H 1.4955674865672772 5.677468542843577 1.6186436542832638 -20.677134704589847 -64.20526733398438 31.686233520507812
22
54.676025390625
H 6.977900250419109 1.4610598862996083 -0.891229681944669 -186.57210693359377 35.99429626464844 -44.561868286132814
C 6.010652536624249 1.9504953573988026 -1.29058421858795 172.6249755859375 -59.41699829101563 213.60585937500002
H 5.105850033996075 1.3256657229339281 -1.2541294373951417 31.034732055664065 19.21681365966797 57.70540771484375
H 6.210384159857946 2.026662627035631 -2.3169119870176975 17.06300201416016 94.47068481445314 -105.88247070312501
C 5.887276015318231 3.283903921898641 -0.48835680471570214 -10.99128875732422 -258.28964843750003 -101.78340454101563
O 6.458708172757069 3.435182216615096 0.5730853656355134 40.00143127441407 18.26440887451172 16.42695465087891
N 5.047354093598911 4.126154353386345 -1.0019849026067513 96.4979248046875 78.87139282226563 -11.318125915527345
H 4.477006134867747 3.7939756459126643 -1.7671665513912664 4.427449798583985 63.09967041015625 -10.097031402587891
C 5.0992996993092135 5.528517629232796 -0.55677257398964 -234.4532470703125 82.21071166992188 45.64725036621094
H 5.817127222878115 5.919068559326441 0.15232382139653922 135.91181640625 -126.27830810546875 -22.01156463623047
C 5.119731489091185 6.517309494968755 -1.7325331441510103 2.3920379638671876 -163.23814697265627 47.48643798828125
H 4.15116148093955 6.545561105146392 -2.140157364501594 -90.17952270507813 -24.612829589843752 -79.01361083984375
H 5.161046362562843 7.473002864493963 -1.2388804104018767 107.3881591796875 74.60398559570312 -61.153106689453125
H 5.851039972516987 6.1521029327794245 -2.5021776392355246 -21.89718933105469 102.53193359375001 65.149951171875
C 3.91337689381871 5.76094643055364 0.3975450537433134 -255.94523925781252 236.96552734375 20.750144958496094
O 3.4684040939720884 6.937931720766781 0.5310466647923455 81.26355590820313 -159.06925048828126 25.42562713623047
N 3.201878927057831 4.741537731659512 0.9413407555625075 4.480751037597656 -90.19364013671876 -33.23482971191407
H 3.4044921017298146 3.831718511056201 0.591141870807935 74.5629638671875 -23.155354309082032 -11.536783599853516
C 2.006019636814695 4.7063344213005465 1.800895431013296 110.70238037109375 129.68974609375002 -8.803304290771484
H 1.4122582854278813 3.8213635621224036 1.5103845026314813 -5.461913681030274 42.25773620605469 33.680606079101565
H 2.379132585464503 4.662963232044653 2.8560232297411736 -58.9884033203125 -6.706765747070313 -65.95632324218751
H 1.4900071987707046 5.674462545211364 1.6163601262345413 -13.862275695800783 -67.2159423828125 29.474197387695312
22
55.12890625
H 6.965843089626022 1.4658919548261449 -0.8640141418842793 -169.23665771484377 26.105831909179688 -54.09174194335938
C 6.01269343100208 1.9491669801595481 -1.2883891966578498 126.34278564453126 -65.35020751953125 236.814453125
H 5.0997942967265955 1.321089638429086 -1.24567492569 51.436083984375 33.938360595703124 57.2616455078125
H 6.201182733235414 2.01531260169277 -2.3143126507725564 26.91304931640625 95.54962768554688 -113.90540771484376
C 5.887506011126952 3.284199522190614 -0.48684433866973265 -9.011382293701173 -259.052734375 -101.661865234375
O 6.458361026591923 3.43485714947809 0.5766708010758588 35.833944702148436 20.166250610351565 10.695479583740235
N 5.0475426184616925 4.125401996442228 -1.0025678768964865 82.26150512695312 77.14277954101563 -27.905960083007812
H 4.475727238327666 3.786956220765381 -1.7753473637260684 20.89351501464844 75.39449462890626 13.576853942871095
C 5.097566546748896 5.531698735420144 -0.555637807469908 -215.54838867187502 71.96866455078126 34.924877929687504
H 5.820925109893599 5.9306536795085165 0.15035779518405634 126.056494140625 -133.5100830078125 -28.14437255859375
C 5.119051574874193 6.515495963157026 -1.7360603925159337 -2.4751258850097657 -155.20559082031252 58.5547119140625
H 4.151445753424305 6.562096544898091 -2.1371750514319405 -96.85000610351562 -32.14554138183594 -86.04893798828125
H 5.157399836609681 7.4686522227763605 -1.2507479084483832 110.97359619140626 88.11133422851563 -49.75992126464844
H 5.8526842542285245 6.163737076138167 -2.5013175388299516 -16.370770263671876 90.722998046875 53.30863647460938
C 3.9149375515237983 5.762307221379862 0.39638174646413205 -268.817822265625 221.51435546875 31.697744750976565
O 3.4697978458412027 6.937595857615869 0.5288940771936506 78.89780883789064 -151.50238037109375 26.727169799804688
N 3.201135445294994 4.7411158714549355 0.9426014919561977 17.908103942871094 -100.69158325195313 -53.0146484375
H 3.3938437678847273 3.8244161403124477 0.5922033296201451 77.88108520507814 -6.332286071777344 -9.853681945800782
C 2.0079273648685936 4.7047923430412695 1.7966881503393415 104.11937255859375 163.25343017578126 17.275833129882812
H 1.408375287864667 3.8316203177643233 1.5132451024540627 -11.646495056152345 19.76033935546875 28.066983032226563
H 2.382135458076247 4.674394888235936 2.854067234848287 -61.92376708984375 -12.230709838867188 -71.12564697265626
H 1.484329171582677 5.6703579659891 1.6149334203725374 -7.636936187744141 -67.60734252929687 26.6077880859375
22
54.513916015625
H 6.95017982834528 1.470529676785931 -0.8377028457971802 -144.31572265625002 13.341952514648439 -60.105035400390626
C 6.014990366609345 1.947807152742571 -1.2858116488250915 76.20914306640626 -65.61868896484376 245.50856933593752
H 5.094626770481589 1.317233849894791 -1.2355348038005802 69.78517456054688 47.381622314453125 55.414794921875
H 6.192588190865788 2.0065921987646576 -2.3149090664646317 34.56999816894531 94.20811767578125 -111.07863769531251
C 5.887685551819883 3.284184822715479 -0.48561584055736695 -6.771915435791016 -257.11748046875 -98.93679809570312
O 6.4580003644498785 3.4345477316260276 0.5802627589727436 31.047610473632815 21.660440063476564 3.704691314697266
N 5.047640874704729 4.124920417768325 -1.003381555349756 71.18845825195312 74.63262329101563 -41.13396911621094
H 4.475092801669534 3.7808904385669417 -1.7829275631788755 34.62279357910156 86.38675537109376 33.89839477539063
C 5.095774490371003 5.534817515239291 -0.554461485932912 -196.30223388671877 62.9627685546875 25.454713439941408
H 5.825320945009288 5.9409119876109395 0.14866006892498462 115.34505615234376 -140.26500244140627 -34.81698303222657
C 5.118354897155646 6.513568145327351 -1.7396438913939152 -15.8828857421875 -141.56802978515626 71.93653564453125
H 4.149992879113578 6.577281487363869 -2.135565043044193 -97.69692993164062 -38.94252014160156 -90.10661010742189
H 5.1554156990466655 7.466149743685316 -1.263621992889443 112.87431640625 97.3417724609375 -39.28831787109375
H 5.853268481606328 6.177062495198491 -2.498877790846594 -6.611515045166016 76.49221191406251 37.3156005859375
C 3.9160330584351 5.7641895249213775 0.3953370779194926 -278.4266357421875 200.37850341796877 41.14844665527344
O 3.471239442078062 6.937053749474165 0.5267152642666413 74.903857421875 -140.17332763671877 28.45601806640625
N 3.200417643476199 4.7405965250987165 0.943760882768297 30.359359741210938 -109.35338134765625 -72.15386962890625
H 3.3832999904557806 3.8170024921095957 0.5935354176552892 81.57828369140626 10.552005767822266 -8.335565185546875
C 2.0099679585272074 4.703567380059139 1.792619929687359 96.17684936523438 191.7331298828125 39.027224731445315
H 1.4041332406465954 3.842215783357894 1.5161082192562525 -17.303501892089844 -1.8427734375 22.804550170898438
H 2.3841068170343362 4.685630387488552 2.85069259778518 -62.98136596679688 -17.617051696777345 -71.73549194335938
H 1.4783714540907962 5.664957956439806 1.6142140480800364 -2.3682022094726562 -64.57364501953126 23.021726989746096
22
52.87457275390625
H 6.931261596166967 1.474939201880954 -0.8126253813699159 -112.6690673828125 -2.135106086730957 -62.09761352539063
C 6.017413994941446 1.9463617912280384 -1.2826894385278351 23.825022888183597 -60.34910888671875 239.6021484375
H 5.090574755590859 1.314135102090801 -1.223868150781815 85.24218139648438 59.014190673828125 52.254486083984375
H 6.184833812184966 2.000381273320919 -2.31824877444552 40.23869934082032 90.739111328125 -98.10209350585939
C 5.887856016743606 3.283752991961195 -0.48460257471735774 -4.7727905273437505 -252.46962890625002 -94.21492919921876
O 6.457630061676384 3.4341349222787487 0.5837060457655705 26.131143188476564 22.882551574707033 -3.659325408935547
N 5.047700264570047 4.124572952329555 -1.0043382728189194 64.14703979492188 71.81078491210938 -49.87408142089844
H 4.475458345725446 3.7756644079598303 -1.7893840283986295 44.58692932128906 95.50045166015626 49.427624511718754
C 5.093907580078753 5.537724823199638 -0.5533775508397424 -176.79053955078126 54.69252319335938 18.6648193359375
H 5.830305380611578 5.949479094865472 0.14746055932379015 103.48741455078125 -146.45462646484376 -42.43495483398438
C 5.117558006229078 6.5112391001187095 -1.7432205926204665 -35.64646606445313 -121.18679199218751 85.79079589843751
H 4.146900632123748 6.591282558456665 -2.1354952647108068 -93.01580200195313 -45.322930908203126 -91.18377685546875
H 5.155279112148735 7.465436356012102 -1.2771064112917299 112.95394287109376 101.27167968750001 -30.14535827636719
H 5.853406136005324 6.191887648839036 -2.4953991265963595 5.783642578125001 60.5324951171875 19.02930145263672
C 3.9165859142377624 5.7663525172156325 0.39454360977189407 -283.5908447265625 174.63822021484376 47.92287902832032
O 3.4728315875611715 6.936168659423516 0.5245382857850266 69.0692138671875 -125.29813232421876 30.812127685546876
N 3.1998902487164402 4.739853741357823 0.9447734207362246 40.86755065917969 -115.717822265625 -89.39351196289063
H 3.3734786154420524 3.8096850220740874 0.5952741082926338 85.59906616210938 26.467321777343752 -7.26517333984375
C 2.0121558716646017 4.702561136635243 1.7887450785382684 86.72657470703126 214.05632324218752 55.65704956054688
H 1.3997366158107225 3.8524286423007306 1.518811512602554 -21.89223327636719 -21.45270690917969 18.26402587890625
H 2.3850041995779794 4.696778300813569 2.8459852345749637 -62.115368652343754 -22.795555114746094 -67.788916015625
H 1.4722669531102828 5.658264281219888 1.6140574336738356 1.8346778869628908 -58.42326049804688 18.734475708007814
22
50.357635498046875
H 6.910000335317901 1.4790527281398047 -0.788579973868164 -76.62124633789062 -19.449264526367188 -60.7310791015625
C 6.019986138908614 1.944843957618273 -1.2791325622847227 -27.436749267578126 -49.548107910156254 220.1790283203125
H 5.088063265638087 1.3122070978865938 -1.2106420229362416 96.61229858398438 67.87783203125001 47.7457275390625
H 6.178170998131868 1.9967185185389598 -2.3243353777024716 44.08484497070313 85.20524291992189 -75.22677001953126
C 5.888070218653068 3.2828655286817447 -0.48379585613535314 -3.2074348449707033 -244.245947265625 -87.16924438476563
O 6.457243891078377 3.433741118837626 0.5871474579595146 20.93191375732422 23.495974731445315 -11.904408264160157
N 5.047700413891604 4.1245195422531955 -1.0053272115871326 61.74695434570313 68.41134643554688 -53.8729248046875
H 4.477098809316532 3.771661813649212 -1.7947057614534137 50.46531677246094 102.47224121093751 59.73167724609375
C 5.092141021296279 5.540589451879043 -0.5523951580037025 -158.49195556640626 45.870242309570315 14.00404052734375
H 5.835850296058571 5.955803410519923 0.14630711920305664 91.67153320312501 -151.14986572265624 -49.77926025390625
C 5.116733818276317 6.508635725980332 -1.7466391997387267 -60.729528808593756 -94.36696777343751 97.79419555664063
H 4.142039509824341 6.603964246736958 -2.1369639050600657 -82.31984863281251 -51.468292236328125 -88.99140625000001
H 5.157081001821343 7.466770568317207 -1.2911255064513019 111.20543212890625 99.59063110351563 -22.417591857910157
H 5.85350351757647 6.207727727049238 -2.49133836568833 19.376889038085938 43.81090393066407 0.17977788448333742
C 3.9166440456023106 5.7688263193612705 0.3940049002696821 -284.4408203125 145.0454345703125 52.229791259765626
O 3.4746074052458855 6.935049105347622 0.522356077436828 61.510961914062506 -107.21828613281251 33.77834777832032
N 3.1994868802112 4.738971025329144 0.9456664169327987 50.735693359375006 -119.4328369140625 -105.3898193359375
H 3.3649298204474754 3.8028800005309926 0.596868707604055 89.30106811523439 41.12704772949219 -6.222491836547852
C 2.014580333307329 4.701898293065749 1.7851120395660267 74.46333618164063 228.73195800781252 67.24939575195313
H 1.395122023325087 3.8617087486253263 1.5211174883417256 -24.397114562988282 -37.48050537109375 14.913543701171875
H 2.3847267775318537 4.70802936169385 2.8403002092227956 -59.37733764648438 -27.652606201171878 -59.9463134765625
H 1.4663047722552482 5.650618865486483 1.614278609583839 4.915792083740235 -49.62617492675781 13.845790100097657
22
47.439117431640625
H 6.887518660350515 1.4823536884061614 -0.7656575973123059 -39.303619384765625 -37.02293090820313 -56.917944335937506
C 6.022611257260644 1.9434038486116347 -1.275198510205906 -74.06571044921876 -34.359152221679686 189.73867187500002
H 5.087061084810119 1.3120843636533261 -1.195703982619953 103.30653076171876 73.34849853515625 41.72149353027344
H 6.173084252645858 1.9956705856429735 -2.332678380119963 46.15031127929688 77.73811035156251 -43.84408264160157
C 5.888320641836469 3.2816380435957138 -0.48321931738251656 -1.8799386978149415 -232.91008300781252 -78.06326904296876
O 6.456833417093103 3.433364842094446 0.5905429648736267 15.516656494140626 23.64071502685547 -20.937486267089845
N 5.04757198994453 4.124692504529154 -1.006422069657495 64.49361572265626 65.55534057617187 -51.8231689453125
H 4.479641305494637 3.768867366027195 -1.798359551351796 51.83118286132813 106.81270751953126 63.834423828125004
C 5.090518867836681 5.543445637965555 -0.5515484821988523 -143.2378662109375 36.22440185546875 10.077696990966798
H 5.8412993776312385 5.959963577555513 0.14500816855468968 81.26190795898438 -153.92482910156252 -55.884375000000006
C 5.1156894408180715 6.505908985219699 -1.7500469979151894 -88.20108032226562 -62.51561279296875 107.388037109375
H 4.135908127994703 6.615140193528241 -2.1402548956426175 -67.38377075195312 -57.373077392578125 -84.04719848632813
H 5.160653509485993 7.469964703210334 -1.3056562132893943 107.5843994140625 92.87282104492188 -15.953106689453126
H 5.853700740153153 6.22447188533755 -2.48718313458013 33.24970397949219 26.924661254882814 -18.019119262695312
C 3.9161337476636944 5.771691861011634 0.393644741113871 -280.442578125 111.49807128906251 53.86637573242188
O 3.4765440570050266 6.933748157332832 0.5201237564945658 52.113671875 -85.77363891601563 37.35899047851563
N 3.1993050000621786 4.73802929588917 0.946351972463949 59.442944335937504 -121.63115234375 -120.01859130859376
H 3.35784200824083 3.7965146244600967 0.5979090423447373 92.40665893554689 55.30645751953125 -4.802080154418945
C 2.0170981072414578 4.701571792470938 1.781675789885746 59.144262695312506 234.63686523437502 72.839892578125
H 1.3899731509280713 3.8694070320903915 1.5230289550846425 -23.86018524169922 -48.563793945312504 12.899610900878907
H 2.3832468420896276 4.718923483702148 2.8335455552141764 -54.84703369140625 -31.781277465820313 -48.15801086425782
H 1.4607646932930805 5.642330608691452 1.6142829425738703 6.719917297363281 -38.70310974121094 8.74325942993164
22
44.482940673828125
H 6.86448745502947 1.484193904362887 -0.7434171493676849 -3.06118335723877 -53.59229125976563 -51.991546630859375
C 6.025095832235178 1.9418691122321436 -1.2708226009571928 -112.45107421875001 -15.180313110351562 150.897607421875
H 5.088084917354659 1.3136193799207183 -1.179474613265837 103.71717529296876 74.70468139648438 34.737429809570315
H 6.16903775774723 1.9970025236221178 -2.3426490181397566 46.94363708496094 68.4406005859375 -5.7318256378173835
C 5.888604972135564 3.280044700697311 -0.48287921415971413 -1.043656063079834 -219.0469970703125 -67.27792358398438
O 6.456345626568284 3.432982699492706 0.5938165854001943 10.099579620361329 23.3590087890625 -30.446685791015625
N 5.047360934469049 4.124989957283354 -1.0076676845680768 72.40682373046876 64.34166870117188 -42.995889282226564
H 4.482998622087557 3.767514241049254 -1.800135802526669 48.42824096679688 107.93101806640625 61.058300781250004
C 5.08894262128126 5.546245124963884 -0.5508024020225197 -131.49471435546874 25.08529205322266 6.533725738525391
H 5.846256237925994 5.961782589302053 0.1435979552151489 72.87492065429687 -154.48586425781252 -60.388769531250006
C 5.114357242325033 6.503039320079927 -1.75333822530239 -116.3529541015625 -26.198941040039063 113.15303955078126
H 4.128516143632746 6.624802132928958 -2.1455137718613413 -48.28758544921875 -63.08301391601563 -76.28641357421876
H 5.166257147731836 7.474805272375958 -1.3202378844041127 102.02321777343751 81.10994873046876 -10.857423400878908
H 5.854528920187413 6.241485677944141 -2.4830075337927653 46.01795959472656 10.600069427490235 -34.205633544921874
C 3.9150437970270375 5.7748142358119425 0.39352403414861187 -271.93601074218753 75.50968017578126 52.67979125976563
O 3.4785599312027724 6.932358796315138 0.517862268913106 41.23280944824219 -62.0090576171875 41.52479553222656
N 3.1993415041484328 4.73700048376714 0.9467784037629962 66.79805297851563 -122.81363525390626 -133.07216796875
H 3.352227231216058 3.790523011596303 0.5983237774924013 94.84457397460938 69.0738037109375 -2.9728191375732425
C 2.0197216044363673 4.701538650396319 1.7784221587269466 40.35483093261719 233.30666503906252 74.05723266601562
H 1.384408853974707 3.8751399678821135 1.5247310002118117 -20.053271484375003 -54.31651000976563 12.137091064453125
H 2.3810438884794802 4.729148445029743 2.8263012418957523 -49.20898132324219 -35.02344665527344 -34.30223388671875
H 1.4555450397367744 5.634227955805792 1.6140937416002443 8.147591400146485 -27.712380981445314 3.7503059387207034
22
41.834075927734375
H 6.842063785958836 1.4839398030266961 -0.7222275252505682 29.39331970214844 -67.57477416992188 -47.22392578125
C 6.027332190021623 1.9404136945745154 -1.2660959073320834 -140.35450439453126 6.1978603363037115 108.2338623046875
H 5.090939591259182 1.3171220969512951 -1.16223334286065 97.88082275390626 71.91010131835938 27.11896667480469
H 6.165723167421735 2.0004607248275152 -2.353212147463348 46.81138305664063 57.745880126953125 35.757580566406254
C 5.888911079515723 3.278253762980643 -0.48266960125115277 -0.05635151863098145 -203.40950927734377 -54.735833740234376
O 6.455843467610745 3.4327260533829174 0.5971176015618891 4.502690124511719 22.568174743652346 -40.76122741699219
N 5.0471459983058455 4.125355908210215 -1.0090801736301858 84.45225219726564 65.34234008789063 -28.139434814453125
H 4.487091431906319 3.7674131784764193 -1.8002660646518034 40.916357421875006 106.12415771484376 52.18038330078125
C 5.087431930223173 5.54899433879998 -0.5500868522714701 -123.72520751953125 12.09211883544922 3.078754425048828
H 5.8508727102713864 5.9610422370999 0.14186506120337572 66.71442260742188 -152.57672119140625 -62.9828369140625
C 5.1126620188028635 6.500202548639908 -1.7564177666032832 -142.63074951171876 12.700376129150392 114.42294921875
H 4.120184890100716 6.632866579346142 -2.1522303031207004 -26.51715087890625 -68.58011474609376 -66.52304077148438
H 5.173303144943583 7.481062487730561 -1.3348311225219354 94.76936645507813 65.35831909179687 -6.71397705078125
H 5.856379524249253 6.258561043221233 -2.4789866357056045 56.387567138671876 -4.556000900268555 -47.28121337890625
C 3.913309339294631 5.778096818653296 0.3938150974891172 -258.11496582031253 38.62935180664063 47.835879516601565
O 3.480617376158302 6.930905917883713 0.5155910401984436 28.90911865234375 -36.38172302246094 46.43013916015625
N 3.19959288432643 4.736024313084562 0.9468442661855635 72.03219604492188 -124.00677490234375 -143.6927001953125
H 3.348253621164364 3.7850288333433078 0.5979763101915696 96.45948486328126 82.53121337890626 -0.6458489894866943
C 2.0223472622919996 4.701872338161448 1.7753981476559868 18.13744659423828 225.2853759765625 69.58273315429688
H 1.3784662681038304 3.8790798435067653 1.525855057559507 -13.08304443359375 -54.96320190429688 12.658372497558595
H 2.3779351810822673 4.738603246666734 2.8183445787555184 -42.24056091308594 -37.400613403320314 -17.560293579101565
H 1.4505523539364304 5.626568349293203 1.613766274625834 9.35611572265625 -17.03584899902344 -1.0392786979675293
22
32.4918212890625
H 6.759728126639697 1.4493130628797966 -0.6337017389812323 103.8729248046875 -79.40375366210938 -52.55440673828125
C 6.03347271631578 1.9342315302533786 -1.2400598280334902 -127.4095947265625 94.12872924804688 -19.85427398681641
H 5.122351429157889 1.3528206412608748 -1.0704957051839714 5.845837402343751 18.690513610839844 -12.87018280029297
H 6.1649082420914905 2.041315544927179 -2.3748986564920185 39.16929321289063 -4.0993091583251955 174.11544189453127
C 5.891061307748076 3.265584649324651 -0.482964086439316 -1.0487875938415527 -91.27387084960938 27.26392822265625
O 6.452821877952081 3.4320869703745487 0.6138639463557813 -23.0233154296875 7.879322052001953 -101.23899536132814
N 5.046382937863651 4.130588064591685 -1.017251553180205 188.77537841796877 60.97096557617188 97.38938598632814
H 4.514045227677642 3.777265917851227 -1.7836018671848362 -34.82481384277344 74.09942626953125 -49.074441528320314
C 5.082510044413992 5.559822779584659 -0.5485129431019163 -151.39349365234375 -59.9791259765625 -6.527139282226563
H 5.8666642321947995 5.919287324681584 0.1307816047510433 70.62952270507813 -109.8673095703125 -51.21104736328125
C 5.0982753202927515 6.488114053476134 -1.7691807218274203 -157.56632080078126 199.4789794921875 51.640435791015626
H 4.082579344722164 6.650091500338576 -2.199085082796847 65.73037109375001 -84.4874755859375 -10.265831756591798
H 5.234972057668804 7.519990653038791 -1.4032609570297865 35.16871643066406 -43.53334045410156 5.534492111206055
H 5.883473359534625 6.331720637118723 -2.4720339070124178 43.25300903320313 -56.33546752929688 -45.92939758300781
C 3.8970854800280907 5.793970520120392 0.40067473916362273 -121.27275390625 -140.04739990234376 -26.982650756835938
O 3.4911802470734976 6.923083181867575 0.5038358468090003 -46.514093017578126 102.02597045898438 79.76741943359376
N 3.2049977614276637 4.72958264591054 0.940576123974372 64.89599609375 -82.91115722656251 -144.58831787109375
H 3.361499119514979 3.777232314237162 0.585578512137338 92.0174560546875 98.4415283203125 6.002816009521485
C 2.034733086298293 4.70779764771007 1.7637056180069266 -102.22943725585938 114.93636474609376 20.487200927734378
H 1.3541041910228258 3.87216192227633 1.5292467004699193 50.891213989257814 -2.9634563446044924 26.40631103515625
H 2.3603631066858823 4.771568626832414 2.7877048158620066 -9.283182525634766 -37.091607666015626 50.34920654296875
H 1.429491734224427 5.597942225172665 1.6041371450784916 14.316079711914064 21.341482543945315 -17.85994110107422
22
30.6317138671875
H 6.7516077735144 1.435493081325314 -0.6190326903125307 98.58281860351563 -67.09078979492188 -63.555517578125006
C 6.033680794355732 1.933510072116818 -1.2346750392625356 -101.109716796875 96.16367797851564 -10.03898162841797
H 5.129196572896582 1.3613656733117074 -1.0518255654652782 -16.33375396728516 6.290569305419922 -20.527484130859378
H 6.167507510042938 2.051803127133369 -2.3682887710991274 37.162478637695315 -15.079978942871094 173.406494140625
C 5.891605231373775 3.262677799850913 -0.48333697527569963 -1.8803070068359375 -64.41791381835938 46.60939331054688
O 6.452176128078701 3.4320239485450754 0.6169250999899432 -27.922106933593753 3.0823072433471683 -113.94229736328126
N 5.046539988938875 4.1323510074105645 -1.0188192139584598 208.36708984375002 54.473236083984375 119.19237060546875
H 4.518641521386396 3.7805288957465373 -1.7801742117077017 -48.90155639648438 67.71439819335937 -68.3384765625
C 5.082035728218042 5.56120696693397 -0.5485734142200835 -167.71409912109377 -72.25845336914062 -6.345004272460938
H 5.868502712636864 5.904820560439758 0.1286032518772443 76.51812133789063 -96.8624267578125 -45.80855102539063
C 5.094236926052228 6.486560624120483 -1.7714546367224482 -127.69451904296875 225.9023193359375 31.097988891601563
H 4.078207412300693 6.648863101681206 -2.208674887171293 72.81655273437501 -83.88440551757813 -2.533614540100098
H 5.251231264796417 7.526683799903784 -1.4153145155340727 19.959271240234376 -64.41515502929688 7.11002426147461
H 5.89284066830027 6.342015042706883 -2.4734618446584564 25.017755126953126 -61.701776123046876 -32.948489379882815
C 3.8927260631208367 5.796668406063533 0.40300353749533163 -83.98840942382813 -169.12568359375 -49.98057861328125
O 3.49316390184943 6.9218782894867825 0.5015018423972035 -62.26337280273438 127.3814697265625 87.42155151367189
N 3.206904121817713 4.728260661029713 0.9383619473172158 55.927764892578125 -63.77301025390625 -133.63114013671876
H 3.36903519005868 3.7808992240396586 0.5812391202252398 90.17196655273438 87.6876708984375 4.658058547973633
C 2.036777212675576 4.709558217881723 1.7618259374357357 -122.90703125 93.16688232421876 14.713159179687501
H 1.3517261887678402 3.8677785423619504 1.53015713317314 63.859246826171876 11.322913360595704 29.168170166015628
H 2.357150399078341 4.775623118860928 2.7859920587065528 -5.7517578125 -35.63572387695313 52.961846923828126
H 1.4253039056898409 5.595990249128428 1.599763435449535 18.083547973632815 21.059870910644534 -18.688923645019532
22
28.56280517578125
H 6.746171016342904 1.4198711734347866 -0.605577245566954 87.84393310546875 -50.454583740234376 -77.40411376953125
C 6.033575670810716 1.9329587748327364 -1.2293442888992065 -71.78929443359375 90.97362670898438 12.414035034179689
H 5.135013206890856 1.3696716119180683 -1.0339730813008263 -36.573052978515626 -4.755342102050782 -27.737942504882813
H 6.170470379673882 2.0622545844827607 -2.35775008598815 35.57720031738281 -24.54538269042969 161.9326904296875
C 5.892082122796152 3.259789268309261 -0.4837923958889439 -2.6460491180419923 -37.525018310546876 66.26311645507813
O 6.451417514038762 3.431989829496386 0.6198145961067031 -32.507641601562504 -2.055958938598633 -126.3420166015625
N 5.046870498891154 4.13426685564162 -1.0204368242671842 224.87502441406252 45.98728942871094 136.81826171875
H 4.522434180334745 3.783990962724629 -1.7776269239766707 -60.54376220703125 62.34016723632813 -84.32999267578126
C 5.081533291114441 5.562270729361622 -0.5487978500637724 -185.36330566406252 -82.65704956054688 -5.36883544921875
H 5.870124461639238 5.889217493818193 0.12648359091671857 82.66685791015625 -83.5015625 -40.40229187011719
C 5.0898233891152875 6.48543122102059 -1.7737400493569364 -86.63801269531251 244.4877685546875 10.874314117431641
H 4.075667688331627 6.645577900153419 -2.2179122431417833 73.775341796875 -81.4415283203125 2.4471952438354494
H 5.267806296101306 7.531694379717981 -1.4266929101348964 4.476174545288086 -81.20443725585938 9.021250152587891
H 5.903089980928041 6.350809502357082 -2.4754293036141837 2.687766265869141 -65.767919921875 -17.43422546386719
C 3.888017824612089 5.799088789367641 0.40538942373608333 -44.84393920898438 -194.95096435546876 -74.4880126953125
O 3.494962885847918 6.920860020803561 0.4990984364725575 -77.69985961914062 150.87886962890624 95.1140625
N 3.2090596402379097 4.726896389559525 0.9358397217000602 43.41724548339844 -39.28248596191406 -118.097412109375
H 3.3776296911099553 3.7867079175269684 0.5768917464474269 88.97930297851563 70.27938232421876 1.2549934387207031
C 2.0384033112789925 4.711391851633904 1.7599468186772373 -136.97537841796876 75.385986328125 13.708665466308595
H 1.3512299693594865 3.8636848131107904 1.5318885198917223 73.19373168945313 22.52491607666016 30.5347900390625
H 2.3541453257673206 4.778839714135608 2.786197870943889 -3.8144287109375004 -33.9604736328125 50.10890502929688
H 1.4214020549429702 5.594990743702255 1.5946402317593629 21.902131652832033 19.2447021484375 -18.887425231933594
