22
52.37799072265625
H 6.520858827336844 1.3001520712385544 -0.2105991284462377 138.57608642578126 -38.014041137695315 -27.04976806640625
C 5.983142244039538 1.8439136496812336 -0.9524032444001818 -96.24409790039063 120.9595947265625 75.60942993164063
H 5.072499707321604 1.2823994532841154 -0.8018720865486811 -55.34993896484375 24.04578094482422 -88.97905883789063
H 6.369987191811108 1.9476656295446104 -1.9932050841861393 -8.986101531982422 -63.03255615234375 71.95791015625001
C 5.82217121825746 3.241201514936454 -0.34118448103629073 158.1519287109375 -102.05797119140625 -11.559278106689455
O 6.386370216091861 3.455763348346723 0.7553339864429731 -127.50202636718751 25.33396453857422 -98.67838745117189
N 5.240651239822155 4.157237563028553 -1.1192838086252332 72.92196655273438 42.92416687011719 272.54443359375
H 4.935868720422848 3.9143059991123748 -2.046239629157871 -11.59949417114258 12.705020904541016 -2.0306997299194336
C 5.075439395520212 5.544554035939283 -0.5776135942020586 -331.39841308593753 78.46151123046876 -149.69754638671876
H 5.70280662884998 6.046125895756123 0.14246943010239602 199.21370849609377 -106.5326904296875 -39.93957214355469
C 4.996722857985649 6.371470622587456 -1.885852738730989 -68.13878784179688 -45.97887268066407 185.24423828125
H 4.066484843848128 6.2353365644708 -2.4419716107433365 10.82850570678711 -29.386602783203127 -2.481155014038086
H 5.001182092217568 7.344372269734718 -1.5065396184504862 13.154510498046875 150.7765869140625 -20.452027893066408
H 5.866412156555344 6.194005916430455 -2.4346085692188795 97.4427978515625 -6.134661483764649 -101.44711303710938
C 3.8093589528865524 5.820497630461717 0.3187683762089839 257.1740234375 168.29383544921876 -256.2176025390625
O 3.4878591502529415 7.0191856913689215 0.445402261374796 -89.67522583007813 -122.828173828125 62.45003051757813
N 3.2563261376526738 4.765356051947302 0.8079883976227608 -128.40460205078125 -185.71298828125 165.62320556640626
H 3.7756163805578176 3.902739188608655 0.8134425378238792 26.643420410156253 9.254698944091798 -50.82998352050782
C 2.102703100187667 4.744721871506155 1.673363558284389 -55.750970458984376 44.73109741210938 6.203858947753907
H 1.6587472878676772 3.748453453127125 1.8223720852024634 -1.1809062957763672 23.31715087890625 -55.89038696289063
H 2.3801594801337607 5.046775113915637 2.65368858462687 42.50712280273438 31.779486083984377 68.30604248046875
H 1.4242683764326687 5.524767553690673 1.323303350609516 -42.383477783203126 -32.90433959960938 -2.6865751266479494
22
55.05499267578125
H 6.526083557382853 1.2824959123757926 -0.20971437867502662 118.40745849609375 -17.158546447753906 -41.504589843750004
C 5.980369296425087 1.8406296529916344 -0.9501220803151428 -42.71859130859375 125.3998779296875 80.60018920898438
H 5.075561357293843 1.2865553570270214 -0.7972812543410618 -76.18131713867187 11.252642822265626 -88.80455932617188
H 6.381015795753776 1.9395922081874073 -1.9934849440339462 -23.537472534179688 -61.46788330078125 87.896484375
C 5.822460295949746 3.243170817416696 -0.33687355331821456 153.32730712890626 -133.29627685546876 -36.07651977539063
O 6.382950418209195 3.457491522396292 0.7556911246372588 -115.84886474609375 28.36090087890625 -77.34354248046876
N 5.2446377869238505 4.154836225626646 -1.1174098343559131 67.42283325195312 61.864233398437506 266.5564208984375
H 4.941101295221813 3.9196105356442685 -2.047216051359801 -9.077166748046876 5.626524734497071 0.8321129798889161
C 5.078855737871684 5.541675968877062 -0.577483864867355 -356.35800781250003 104.75662841796876 -157.92637939453127
H 5.694090703005942 6.053221456443476 0.14588237380277594 207.4667724609375 -110.39594726562501 -38.701147460937506
C 4.993698020104662 6.372655922349769 -1.890534946533268 -42.13729248046875 -44.143750000000004 195.71527099609375
H 4.070731111483921 6.222074060695256 -2.455939680375139 9.340963745117188 -23.5332763671875 2.247982978820801
H 5.008198816555666 7.353351408576847 -1.5105156014804577 3.9455841064453128 130.3813720703125 -27.792031860351564
H 5.870639174088303 6.196593673080812 -2.4357993760471888 87.420703125 -5.865325546264649 -95.94534912109376
C 3.807311292719757 5.82190210651606 0.317592077919965 274.1112060546875 148.67691650390626 -263.4798828125
O 3.4886087594857185 7.01796906916635 0.44466632427121505 -94.89607543945313 -108.3096923828125 62.134429931640625
N 3.255712678246711 4.767402864726661 0.8074211765121955 -164.45731201171876 -118.31936035156251 165.0783203125
H 3.770221602019952 3.9271542015322907 0.8211903809854699 67.04673461914062 -58.28910522460938 -52.30218505859375
C 2.104664114591184 4.74516967077479 1.6721436117140887 -73.28165283203126 41.52123107910157 5.237469482421876
H 1.6667824363770667 3.7453618364519468 1.822846368265273 -0.777950668334961 26.01929626464844 -56.16190795898438
H 2.374792962360528 5.048592729055635 2.651833603665295 47.038882446289065 34.02972106933594 72.98004150390625
H 1.4176790960578056 5.521585100097147 1.3238736870471364 -36.256726074218754 -37.11015930175781 -3.2406383514404298
22
58.3792724609375
H 6.533423858480981 1.2645671149028903 -0.21040955215016566 96.55286865234376 4.527993392944336 -55.330352783203125
C 5.977616296103995 1.8375352100254538 -0.9476864740036441 8.693846893310548 125.22590332031251 89.25035400390625
H 5.077702899284517 1.2907648929100677 -0.7942031873249417 -95.04097900390626 -0.5932109355926514 -87.52009887695313
H 6.391148151466353 1.9308093393148094 -1.9914276328478955 -36.00980224609375 -58.354541015625 97.63211059570312
C 5.822942440567459 3.2448628303923597 -0.3326536334074416 146.86300048828124 -161.39125976562502 -61.008129882812504
O 6.379348530171765 3.4593014218226554 0.7557372387270465 -103.359130859375 31.086968994140626 -54.71567993164063
N 5.248526126397392 4.152703707719262 -1.1152876404405307 61.377410888671875 77.45802612304688 257.12656250000003
H 4.946494610160695 3.924979167059427 -2.048634392193679 -5.978178787231446 -0.7857349395751954 5.876552963256836
C 5.081932609437638 5.538702965474077 -0.5777140228816271 -376.316796875 132.4326904296875 -161.81473388671876
H 5.686637153656639 6.059280320367519 0.14959853082979538 212.92238769531252 -114.979833984375 -39.61206665039063
C 4.990661804727569 6.373699488313073 -1.8946728362360807 -9.628181457519531 -36.111611938476564 201.183056640625
H 4.076059152954088 6.208365125616293 -2.469863783716546 6.711007690429688 -17.79283447265625 6.782666015625001
H 5.014826803574347 7.365092571111173 -1.5153477088172873 -5.417737197875977 103.5030517578125 -36.421957397460936
H 5.876107164042982 6.199034168782695 -2.4392291904647427 71.71917114257813 -4.70413932800293 -85.88341064453125
C 3.8056706106215366 5.823561125942631 0.31602541503834736 287.3465087890625 124.76166992187501 -267.9077392578125
O 3.489437638086683 7.016615412829717 0.4439012845655302 -99.74506225585938 -92.43029174804688 61.5467529296875
N 3.254858947542853 4.7691782077238525 0.8070809023305793 -196.96159667968752 -51.30037841796875 160.66357421875
H 3.7647600006326454 3.9503261443181974 0.8290431651240033 106.3673095703125 -122.07929687500001 -52.5057861328125
C 2.106510011214887 4.745608166033708 1.6707664408022809 -87.44662475585938 41.60275573730469 9.01947021484375
H 1.6753886140294407 3.7433379874711603 1.8214254928870668 -1.8455360412597657 25.143174743652345 -54.99664916992188
H 2.37076015197144 5.051201290078104 2.65108417677643 49.55330810546875 34.46313171386719 73.20460205078125
H 1.4101876579752126 5.516929941032535 1.3246163820793075 -30.357208251953125 -39.68222351074219 -4.569099807739258
22
62.11322021484375
H 6.54198130586384 1.2468681159792896 -0.2128676092539057 74.60886840820312 25.524450683593752 -66.7291015625
C 5.975000921258528 1.8346098413729401 -0.9449662862691145 54.71663208007813 121.44066162109375 101.65879516601564
H 5.078789886411096 1.2950590323974045 -0.7925363839424916 -111.4838134765625 -11.22850570678711 -85.32514038085938
H 6.399999571939454 1.9210086425249637 -1.9863696236470239 -45.29134521484375 -53.569799804687506 99.4685546875
C 5.823635152944479 3.2462579465367947 -0.3284926323145424 139.22265625 -186.35643310546877 -85.9474365234375
O 6.375619747539645 3.46115374628519 0.7555649232044559 -90.25125732421876 33.56192626953125 -31.06380310058594
N 5.252383778043778 4.1507897257089565 -1.1128713871713716 55.11788330078125 90.38374633789063 245.588623046875
H 4.952285591105971 3.9302335872579968 -2.05009905516501 -2.7560096740722657 -6.637564086914063 11.926123046875
C 5.084657388064787 5.5357200237851245 -0.5780557846309223 -392.261376953125 160.27108154296877 -163.83826904296876
H 5.680475129049057 6.064229250958309 0.15299497088775793 216.61428222656252 -119.491455078125 -41.34422302246094
C 4.98752391355941 6.374609180113691 -1.8983616746179466 29.43446044921875 -23.05252380371094 202.46324462890627
H 4.082052692277916 6.194482602602762 -2.483221522601057 3.025435256958008 -12.30505828857422 10.681513214111328
H 5.021114385602346 7.379158350128083 -1.5211400103166082 -14.889082336425782 71.1952880859375 -45.86449890136719
H 5.882939609598438 6.2012115678517 -2.4446324813534 50.171380615234376 -2.664908027648926 -71.58524169921876
C 3.8043568979864713 5.825443113276711 0.3140687336461856 297.27792968750003 98.00446777343751 -269.4816162109375
O 3.4903635646478492 7.015288789836207 0.4430479251790956 -104.18854980468751 -75.943359375 60.68135986328125
N 3.2537754941366464 4.770791295157888 0.806904427835089 -225.15480957031252 11.34787826538086 153.51534423828124
H 3.759588463209087 3.9714100693912595 0.8374534855036153 142.82734375 -178.94534912109376 -51.7113037109375
C 2.108135815687755 4.7461083966708655 1.6694617839273593 -97.79430541992188 46.328662109375 17.049241638183595
H 1.6840185316643304 3.742811867862639 1.817947449230696 -4.343345260620118 20.07035369873047 -52.26094970703125
H 2.3681921957096965 5.054606504109983 2.6519029681662145 49.80592346191406 32.883795166015624 68.34156494140625
H 1.40172261409338 5.510841142076304 1.3252177274464905 -24.408871459960938 -40.817358398437506 -6.2227828979492195
22
65.469970703125
H 6.551293163111186 1.2304406737450975 -0.21723237985138463 53.788671875000006 44.26827087402344 -74.47755737304688
C 5.97258956558683 1.8319318012374457 -0.9420589623551044 91.40584716796876 114.26922607421875 117.87603759765625
H 5.077929571495589 1.29963579345861 -0.7920869615080579 -123.42524414062501 -19.765856933593753 -82.7272216796875
H 6.4074354710821835 1.9104184407352034 -1.9781066440418773 -50.76848449707032 -47.28193969726563 92.576513671875
C 5.824562061733463 3.2472337833945164 -0.32456362033611635 130.65076904296876 -206.55166015625002 -110.00810546875
O 6.3717040998572045 3.463226795643064 0.7551344479018006 -76.71812133789062 35.313235473632815 -6.944863891601563
N 5.2562820387876865 4.149256715182879 -1.110115874123618 48.53033142089844 99.99168701171875 232.0182861328125
H 4.958262688218397 3.9354628244331566 -2.051299850208127 0.45090818405151367 -11.951695251464844 18.460781860351563
C 5.0867834636626466 5.532807477155254 -0.5784972565982276 -402.6068115234375 188.530029296875 -163.97611083984376
H 5.675704366343527 6.068164450154874 0.15607910729617414 218.15146484375 -124.07337646484376 -44.20790710449219
C 4.984426847436713 6.375429542522998 -1.9016289280725807 72.20336303710938 -6.981212615966797 198.82640380859377
H 4.088507339953457 6.180865432834247 -2.4961551834965303 -0.8983454704284668 -7.208278656005859 14.285815429687501
H 5.026649520459312 7.394737709311517 -1.528365495867032 -24.06890106201172 35.87289123535157 -54.94671630859375
H 5.890803737166341 6.203199962200604 -2.451725020886448 24.202398681640627 0.039969402551651004 -53.855035400390626
C 3.8034393774305997 5.82770769899977 0.3115727974129585 302.7929931640625 67.76709594726563 -267.42575683593753
O 3.49125425795465 7.0139531117175915 0.44216139901094714 -108.04896240234376 -58.24278564453125 59.37166137695313
N 3.25249695540059 4.772420730233784 0.8068261812326015 -246.50761718750002 65.55044555664062 143.9192138671875
H 3.755393554062973 3.9894917179391727 0.8464395379712985 173.80389404296875 -225.02824707031252 -50.15508117675782
C 2.1095271577890364 4.746662274933699 1.6682957762758108 -104.30744628906251 54.746166992187504 27.720306396484375
H 1.6928693501216348 3.743475331542896 1.8128035137418022 -8.080110931396485 11.420319366455079 -48.164031982421875
H 2.3672956217232657 5.058565949154888 2.6537381580222523 48.14692687988281 29.81861267089844 59.95601196289063
H 1.39242447329438 5.5033493567143585 1.3258014526535873 -18.697494506835938 -40.50291442871094 -8.122625732421875
22
67.29708862304688
H 6.560803384039113 1.2151734226187827 -0.22394942974808316 35.283746337890626 59.835137939453126 -77.37153930664063
C 5.970526717513089 1.829438252920845 -0.9388704777094865 114.7385009765625 102.78682861328126 136.787255859375
H 5.074429507007732 1.3039679161155113 -0.7928100819565167 -128.523193359375 -24.810179138183596 -80.06777343750001
H 6.413217366572504 1.8990806904704685 -1.9666372948147257 -52.03485107421875 -39.61368103027344 76.94038085937501
C 5.825739794891682 3.2474560183657353 -0.32079617386340903 121.5942138671875 -220.2469482421875 -132.00465087890626
O 6.367715941429045 3.465396547864368 0.7547349970865844 -63.378106689453126 35.92507629394532 16.478732299804687
N 5.260229326675941 4.147979762587381 -1.1070024837520964 41.8203125 105.05474853515625 216.22380371093752
H 4.96436503578063 3.9400375785714203 -2.0522469155704783 3.704684066772461 -16.20757293701172 25.925595092773438
C 5.0884148732844805 5.529876830242861 -0.5790230566085401 -407.382763671875 216.65239257812502 -162.08568115234377
H 5.67279941118091 6.070711923672176 0.15875441461121442 217.406005859375 -128.50748291015626 -48.17579650878906
C 4.98141367261302 6.376046378816382 -1.904457172552982 115.54862060546876 10.800205993652344 191.78409423828126
H 4.095432651718217 6.167274227971655 -2.508269351282288 -5.305538177490234 -2.596586608886719 17.197854614257814
H 5.031143393530501 7.410952919510429 -1.5371928586693553 -32.72870788574219 -0.46201648712158205 -62.81748657226563
H 5.89871091457379 6.2050387129224704 -2.4596845134070904 -3.0677560806274418 2.8867164611816407 -34.71902770996094
C 3.803040093837666 5.830129549860081 0.30870455642191014 303.7373291015625 35.85599365234375 -261.9998779296875
O 3.4921261518776547 7.012530269172581 0.4413526977826965 -111.04438476562501 -40.069375610351564 57.573846435546876
N 3.251059877945815 4.7740687513295885 0.806926884357045 -257.1154052734375 105.04499511718751 132.57650146484374
H 3.7537471343904993 4.003433537135948 0.8563815541957592 195.3340576171875 -255.0449951171875 -48.081423950195315
C 2.1106479969102407 4.747026116802525 1.6673957946458893 -107.00250244140625 66.84537963867187 40.380548095703126
H 1.701752560511129 3.7449010580667346 1.805859154503511 -12.803411865234375 -0.2653838634490967 -42.717926025390625
H 2.3677426583889196 5.0632699138177175 2.6565579490773334 44.69779968261719 25.09473114013672 48.37523193359375
H 1.3826899630244125 5.494513340451742 1.3263295632794023 -13.47864990234375 -38.95798950195313 -10.202658843994142
22
66.66064453125
H 6.570235273174071 1.2017921091954427 -0.23315486920005024 20.012500000000003 71.03338012695313 -74.57293701171875
C 5.968794563336491 1.8271063306820494 -0.9354243631879621 124.2887939453125 89.2575439453125 156.93460693359376
H 5.068403268093862 1.3082859983185386 -0.7949310639271545 -127.25629882812501 -26.84485778808594 -77.26354370117188
H 6.417454447124307 1.887149595809615 -1.952125180979165 -49.12286376953125 -30.85247802734375 53.091845703125
C 5.8271591238612155 3.247090509580126 -0.31738177434821485 112.3011474609375 -228.32363281250002 -151.6910400390625
O 6.363615113963351 3.467696967161606 0.7541933475785252 -50.27840270996094 35.6045166015625 39.262149047851565
N 5.264211833986877 4.147003773415998 -1.1036458808750105 35.8065673828125 106.7410888671875 200.9091796875
H 4.9711832844786805 3.944094956168716 -2.052390383346536 6.037290573120117 -19.88492126464844 31.531356811523438
C 5.089561485475109 5.52707942401148 -0.5796129874331055 -407.89470214843755 243.41171875 -159.9609130859375
H 5.671529787803219 6.071751101165948 0.16051749257871095 215.4766845703125 -131.96329345703126 -51.977685546875
C 4.9786079115950175 6.376661065823962 -1.9069712459959198 157.15584716796877 27.400894165039062 181.98721923828126
H 4.102816666898896 6.154448544704401 -2.519713912399874 -10.064869689941407 1.2825079917907716 19.40072021484375
H 5.034508413598465 7.426675743919367 -1.5477548520995421 -40.489721679687506 -34.454229736328124 -68.39907836914062
H 5.9062997781181545 6.206907111529004 -2.467796984927923 -29.687188720703126 5.610812759399415 -15.578237915039063
C 3.8031252614054893 5.83279332271386 0.30546706025620074 300.835205078125 2.5468549728393555 -253.7520751953125
O 3.4930277272851002 7.011077739216027 0.4404450216174621 -113.37995605468751 -21.148170471191406 55.509765625
N 3.249485147828683 4.775917177941985 0.8070580398172388 -254.29289550781252 124.30670166015625 121.127294921875
H 3.755048985860912 4.0117204331234655 0.867006808728032 203.94560546875002 -264.17412109375 -46.49463500976563
C 2.11141614184276 4.747302729620535 1.6667355238377612 -104.97585449218751 81.2894775390625 53.31620483398438
H 1.710467383383022 3.7470974124950858 1.7970697787299585 -18.35786285400391 -14.612474060058595 -36.095889282226565
H 2.369658153584765 5.06841655625161 2.659764957852508 39.67757873535157 19.268917846679688 35.20321350097657
H 1.3730748043935548 5.484347330936582 1.326547460853278 -9.736601257324219 -35.49622497558594 -12.487532043457032
22
35.389404296875
H 6.744026586608765 1.1688382164237565 -0.38860737097471554 -105.01898193359375 8.341540527343751 76.62734375000001
C 5.940212111045722 1.7820140910539268 -0.8379791443845886 165.83266601562502 -18.39765167236328 -202.24061279296876
H 4.925573089405076 1.4349916944538408 -0.9840746253121575 1.5066097259521485 -73.32958374023438 38.94926452636719
H 6.420171619178414 1.7671643962835262 -1.8537543621001473 -82.61459350585938 59.517956542968754 71.506884765625
C 5.868209438483917 3.1790232209538787 -0.3005345839172416 -26.591461181640625 216.2834228515625 -45.720227050781254
O 6.285877650382218 3.517510069658706 0.7713149683906355 48.59151916503907 -94.73872070312501 134.2763427734375
N 5.3251207835387335 4.161120930071256 -1.0324750170923624 -5.94414291381836 -141.06853027343752 -25.46466827392578
H 5.110845029583228 3.9697190011478947 -1.9863838382882961 -16.54371337890625 -31.551797485351564 -25.419412231445314
C 5.0459773789786855 5.520197002964179 -0.616618951855972 22.706134033203128 304.0591064453125 -119.27353515625
H 5.778828509391243 5.962950152850124 0.05484168293340443 88.77973022460938 -55.735101318359376 -42.359466552734375
C 4.978279836872067 6.385814965032867 -1.9311921666415937 -2.0410079956054688 -119.053564453125 3.1130460739135746
H 4.189312358981355 6.044713627201425 -2.595073994875144 -25.045930480957033 -14.409228515625001 15.89935760498047
H 4.865248173305674 7.450382117750957 -1.8378878051931256 -4.759832763671875 40.61712646484375 75.3880126953125
H 5.875690638217169 6.216644939544342 -2.4666654032002646 83.48878784179688 0.795119857788086 -41.230569458007814
C 3.8492995420801006 5.8458315915557595 0.2152569879744548 -130.78973388671875 -84.45961914062501 115.40383300781251
O 3.5070065680163776 6.9995790298182765 0.42530653014297115 -35.04458923339844 29.477630615234375 -24.838775634765625
N 3.23944135637583 4.812068934720029 0.8002606047649524 -72.99788208007813 99.52731323242188 37.68309631347656
H 3.820284508805805 4.0802138197047375 1.00509939670963 141.67547607421875 -156.3785400390625 -48.22772827148438
C 2.0991984218575057 4.762219852901223 1.6886309236802424 -55.750708007812506 -57.87877197265625 -152.801025390625
H 1.8254150077856313 3.680761474182295 1.6223896017082162 0.7813323974609375 72.92954711914062 92.15339965820313
H 2.42637740706811 5.148353635633361 2.6448493493579623 -31.515020751953127 -12.699710083007814 47.713043212890625
H 1.2243866167276198 5.285582281026234 1.2726224234452292 41.29536437988281 28.15204772949219 18.862399291992187
22
38.052734375
H 6.752459338379482 1.1699318233256448 -0.37886426699118914 -123.1627197265625 11.573776245117188 64.04816284179688
C 5.938303919466019 1.778261752485216 -0.8339000726847898 203.55058593750002 -6.425758361816406 -201.40163574218752
H 4.9287314754131035 1.443278407675719 -0.9927019276584871 -16.433201599121094 -86.08435668945313 41.46132507324219
H 6.4152650920819765 1.7717092915430532 -1.8527774381804485 -80.69201049804688 53.94478149414063 77.63824462890625
C 5.8698717682321035 3.175486443122393 -0.30073922595457425 -28.10889892578125 236.2475341796875 -21.97152252197266
O 6.282541249129149 3.519882838859536 0.7742648011352521 46.726965332031256 -103.8798828125 123.50898437500001
N 5.3282569867573235 4.161372840356814 -1.0289516449252507 -13.935176086425782 -145.68742675781252 -50.113946533203126
H 5.117076098872484 3.9688458399003927 -1.984918995602119 -15.526890563964844 -30.361831665039062 -20.131262207031252
C 5.042695057238299 5.522560929986624 -0.6215995715337507 51.279693603515625 281.930224609375 -101.04686889648438
H 5.787355033861728 5.955861579868804 0.04679235477242771 75.62158203125 -50.21470642089844 -44.74502868652344
C 4.978940568474838 6.384698508600416 -1.9323914058580183 15.966340637207033 -84.66119995117188 -17.585556030273438
H 4.1893517489905685 6.04195181073761 -2.5925645335444103 -24.862327575683594 -17.832057189941406 11.524504852294923
H 4.847602232231042 7.460060446797652 -1.8420708615887262 4.363744735717773 6.27071647644043 72.70496826171875
H 5.888729431995355 6.2122755141812736 -2.4693873207398953 54.477087402343756 9.313874053955079 -26.193499755859378
C 3.85093489957222 5.844290111328251 0.2114721589373086 -147.62565917968752 -57.58843994140625 126.43389892578125
O 3.5075191804633388 6.999959895132185 0.4246233788611803 -30.205609130859376 17.854962158203126 -28.523468017578125
N 3.2404914219911585 4.813826022581942 0.7996735992162294 -101.69915771484375 132.93060302734375 28.825991821289065
H 3.8204885510455067 4.098996466258686 1.0024451584106093 169.35286865234377 -197.20966796875 -35.051934814453126
C 2.097874906420702 4.76203246503267 1.6894950023870556 -45.11468505859375 -51.63702392578125 -157.868603515625
H 1.8310299392843643 3.6819260138759073 1.625070654692681 -2.9336502075195314 64.81249389648438 91.62652587890625
H 2.421673445854379 5.149420706783267 2.646389996735619 -31.08283386230469 -11.712220001220704 46.92623596191407
H 1.222555943585188 5.2808548106393545 1.2693849225353464 40.04395141601563 28.4156005859375 19.934492492675783
22
40.43621826171875
H 6.759045896566844 1.1720625554231163 -0.3682324732922566 -137.8303466796875 12.072132873535157 52.56549682617188
C 5.93668862715576 1.7743769820825146 -0.8301962529107341 229.40830078125 8.361908721923829 -193.9887451171875
H 4.930645699628744 1.4506227137012218 -1.000604856275722 -29.822525024414062 -96.92608032226563 44.063134765625
H 6.409063971338316 1.777162911661565 -1.8496871897027234 -75.0062255859375 47.64963989257813 76.51931152343751
C 5.871326525315989 3.1721614785750236 -0.3008196874870551 -28.891406250000003 253.3798583984375 1.190751552581787
O 6.279291802568604 3.5221480692669376 0.7773481591760363 44.44964294433594 -112.64957275390626 112.42752685546876
N 5.331334599645825 4.161369935294071 -1.0256573644566198 -21.985745239257813 -147.517041015625 -73.07340698242187
H 5.123381955325711 3.968220697154079 -1.9834247238835978 -14.682884216308594 -29.8966064453125 -16.05470886230469
C 5.039600936373979 5.52503621825352 -0.6269134279851561 77.42416381835938 258.21359863281253 -80.82035522460939
H 5.795678750237395 5.9488937083380735 0.03862856962509366 62.72835693359375 -44.65425720214844 -47.20951843261719
C 4.979398763832542 6.383471854165764 -1.933640725866158 36.89736633300782 -49.660900878906254 -38.69970397949219
H 4.188884960244189 6.038960096514618 -2.5895479683021403 -24.71889343261719 -20.92926483154297 6.726502990722657
H 4.829840738005499 7.469575236097236 -1.8442637831156616 14.481831359863282 -28.9080810546875 68.90399780273438
H 5.903009006114752 6.207693187783168 -2.47247557062111 21.69770965576172 18.59703369140625 -9.728234863281251
C 3.8521118660924047 5.842848715746553 0.20809662368780651 -160.99779052734377 -30.351931762695315 134.42481689453126
O 3.5079215498137395 7.000379832062493 0.42395976192682105 -26.087255859375002 7.053330993652344 -31.63320007324219
N 3.2413894128530165 4.815813321932588 0.7990202788278432 -120.39468994140626 151.88062744140626 23.04100799560547
H 3.8236421737663413 4.114608830804888 0.9996002063635488 187.02327880859377 -225.10849609375 -24.579585266113284
C 2.096567470543859 4.761640553882514 1.68992980179461 -30.885205078125 -39.5012451171875 -155.24357910156252
H 1.8367577440157967 3.684924925647132 1.629732167560223 -8.059031677246095 51.175653076171876 89.47288208007814
H 2.415890558449931 5.150334295194065 2.649220158137502 -30.793072509765626 -11.641368865966797 42.5128173828125
H 1.2221312311350674 5.276815366222082 1.266996844053264 36.04438781738281 29.361059570312502 19.182803344726562
22
41.866363525390625
H 6.763400097986304 1.1748556023406185 -0.3568977026620801 -148.13831787109376 9.911032104492188 42.703442382812504
C 5.935599036181767 1.7704239153561774 -0.8268340436458742 241.06252441406252 24.56600341796875 -182.38416748046876
H 4.930859233500095 1.45676951441736 -1.007716784450464 -36.844451904296875 -105.075048828125 47.2414794921875
H 6.401901415589207 1.7831273972544692 -1.8448626500606191 -66.07168579101562 40.96824951171875 69.24413452148438
C 5.872809288061872 3.1690861505953443 -0.30097519042957743 -28.656695556640628 267.90451660156253 24.854844665527345
O 6.276294267734094 3.5242946275697493 0.7805695857377705 41.58048706054688 -121.08400878906251 100.35916748046876
N 5.334339125973172 4.1610700174084005 -1.0226702882976253 -29.973626708984376 -146.71934814453127 -94.5267333984375
H 5.1294402459129715 3.967519920084829 -1.9819053443005807 -13.990293884277344 -29.950170898437502 -13.045617675781251
C 5.0368182036091955 5.527595941052978 -0.6325833319484773 101.256201171875 233.11345214843752 -58.596435546875
H 5.8039481557748696 5.942194826126101 0.030358032547047466 49.94969787597657 -39.28810424804688 -49.88416442871094
C 4.979944619510877 6.382174899008578 -1.9350149964232177 58.25518798828125 -15.851426696777345 -59.750952148437506
H 4.188010497933988 6.0353820648102765 -2.5863062130590544 -23.85830993652344 -23.136286926269534 2.164520835876465
H 4.812463592684242 7.478405811134482 -1.8443155904312516 25.24050750732422 -63.27105712890625 63.890106201171875
H 5.918083012214412 6.203289806188205 -2.4759192380088257 -13.029988098144532 28.151284790039064 7.309856414794922
C 3.8528460258666324 5.841448750894126 0.2051033872733236 -170.715185546875 -2.4236534118652346 139.2458740234375
O 3.5083838383453037 7.000884019144838 0.42325136150850257 -22.78090515136719 -3.189482879638672 -34.14391174316406
N 3.242195646105807 4.817981134194211 0.7983872891206629 -126.87556152343751 155.13802490234377 20.423240661621094
H 3.8306904223785088 4.1269572191198325 0.9968624656348607 192.78870849609376 -238.69670410156252 -17.15252227783203
C 2.09538141323474 4.761130318404972 1.6899148716891874 -15.313504028320313 -22.8852783203125 -146.24287109375
H 1.8425041580564767 3.689353418144318 1.6366299969086997 -14.120281982421876 33.458090209960936 85.70200805664064
H 2.408848186522279 5.150948499492289 2.653042066061553 -30.252310180664065 -11.95208969116211 35.3994384765625
H 1.2227460804026986 5.273608384324736 1.265078792800678 30.48780212402344 30.312030029296878 17.189271545410158
22
41.914306640625
H 6.765329378036931 1.1782984628598432 -0.3450395398958331 -153.46562500000002 4.809589004516602 34.859805297851565
C 5.935054273154094 1.766367909828156 -0.8237280802860986 237.75771484375002 43.09101867675781 -168.55825195312502
H 4.929147266057033 1.46188843027783 -1.0142436016087604 -37.008547973632815 -110.61939697265626 51.359857177734376
H 6.393823931736399 1.7899150765600567 -1.838684121283064 -54.37156982421875 33.86395263671875 57.02940673828125
C 5.87420596956802 3.1663975135062223 -0.30106553306478273 -27.262030029296877 278.5140869140625 48.556765747070315
O 6.273423905475336 3.526254980917246 0.7839580186683138 38.307385253906254 -128.78666992187502 87.97063598632813
N 5.3372545916113525 4.1604764665158065 -1.0198791564881677 -37.87406005859375 -143.1920166015625 -114.39704589843751
H 5.135390872535623 3.966532455736389 -1.9801778105888452 -13.540957641601564 -30.401843261718753 -11.33391342163086
C 5.034391682839488 5.530199209022506 -0.6385436277696304 121.2653076171875 207.0317138671875 -35.22517700195313
H 5.811815302625714 5.9358975331500385 0.021641594775282595 38.31969299316406 -33.842175292968754 -51.92536010742188
C 4.9806045811523685 6.38084182549861 -1.9365682088470924 77.51461791992188 13.530393981933594 -79.14187011718751
H 4.186504308033845 6.031220823594323 -2.5827970675287526 -21.924423217773438 -24.278477478027344 -2.0101648330688477
H 4.7959969763239325 7.485414434111942 -1.842250763803519 35.923867797851564 -93.33678588867188 57.86017456054688
H 5.933041126460692 6.1994282324677075 -2.479115686803386 -46.89858703613282 37.292553710937504 23.215988159179688
C 3.852978677850039 5.840198792399553 0.20258754710445914 -175.87272949218752 24.821327209472656 140.26820068359376
O 3.5088708063001652 7.001405682713704 0.42251136974132386 -20.625515747070313 -11.937641143798828 -35.798333740234376
N 3.2427488194317577 4.820314996079721 0.7976892944053592 -120.0015869140625 142.0111083984375 21.482781982421876
H 3.8416793383454495 4.135779966875018 0.994337642869846 185.5260009765625 -237.220556640625 -13.214628601074219
C 2.094345328749263 4.760441178934 1.689527592305017 0.23688836097717286 -3.898840713500977 -131.75529785156252
H 1.847718367560843 3.694580077297045 1.6458982874146855 -20.332034301757815 13.559863281250001 80.54046020507813
H 2.4003571918523345 5.151387264086821 2.657569732479072 -29.085202026367188 -12.418762969970704 26.337734985351563
H 1.224238259658261 5.270923903364077 1.2638215537609097 23.41140594482422 31.407519531250003 13.878248596191407
22
40.6513671875
H 6.764837809464083 1.1823620609049437 -0.33308724434999937 -153.5339599609375 -3.100833511352539 29.395120239257814
C 5.93502429074772 1.7622759782893707 -0.8208726821984719 219.797314453125 62.77984619140625 -153.1623046875
H 4.92576931784896 1.4654103932863722 -1.0205440779519372 -30.531982421875 -113.3343994140625 56.661901855468756
H 6.384946544937806 1.7970538369426543 -1.831151795520263 -40.07511901855469 26.83949890136719 40.01418151855469
C 5.875576839903162 3.164045798252912 -0.30104898568301275 -25.414460754394533 286.2635498046875 71.45779418945312
O 6.2706050631125745 3.528103277679521 0.7874947849130001 34.82063293457031 -135.84788818359377 75.602783203125
N 5.340126293378175 4.159738426053023 -1.0173345634004782 -45.27740173339844 -137.5217041015625 -131.70677490234377
H 5.1411897572153995 3.9654309832748598 -1.9781498251116714 -13.398289489746094 -31.323974609375 -11.357879638671875
C 5.032352201050665 5.53298005726513 -0.6447250140917815 136.2646728515625 179.70097656250002 -11.972940826416016
H 5.818863543461391 5.930134995694844 0.012074008455618051 29.171878051757815 -27.845782470703128 -52.27852172851563
C 4.981381281365062 6.379598602516722 -1.9383374597607648 91.70880737304688 36.480352783203124 -95.54407958984376
H 4.184165338677067 6.0261339975634085 -2.5789313799200526 -18.32524871826172 -24.07935333251953 -5.540111923217774
H 4.780245373912329 7.490058809458358 -1.8384541035432356 46.16182250976563 -117.2162353515625 50.9945556640625
H 5.947029519811848 6.196222023522858 -2.4813050260865457 -77.21626586914063 45.65846862792969 36.29786071777344
C 3.852578660102488 5.839186592859448 0.20062756933003284 -176.34710693359375 51.247143554687504 137.29844970703127
O 3.5093365299698345 7.00198643550719 0.4217317916855945 -19.608042907714847 -19.05751190185547 -36.53105773925781
N 3.243093756442996 4.822908798169689 0.7968965771596365 -100.58718261718751 113.38743896484375 26.641171264648438
H 3.85612489499687 4.141121161127566 0.9922328853651287 165.580810546875 -221.561279296875 -12.850379943847656
C 2.0934375110268864 4.759747282013821 1.6888290293871817 14.7607421875 17.161030578613282 -113.38576660156251
H 1.8526860554210933 3.700506222246389 1.6570936699313217 -26.656729125976565 -7.846828460693359 74.37015380859376
H 2.390629976820863 5.151662557071697 2.6626043631692475 -27.170889282226565 -12.891397094726564 15.87720947265625
H 1.2260611772180716 5.269032555724708 1.26330145471545 15.875990295410157 32.10885925292969 9.718649291992188
22
38.418792724609375
H 6.761938738727964 1.1873410250237202 -0.3210467624625869 -148.18642578125 -13.936495971679689 26.640399169921878
C 5.935526108018968 1.7581697923040807 -0.8183057370382063 189.73167724609377 84.0505126953125 -138.3249755859375
H 4.921182520168175 1.4674694907109307 -1.0261602032071897 -18.872796630859376 -113.80512695312501 62.91295166015625
H 6.375866462144147 1.8041900189147506 -1.8230272777929757 -24.43856658935547 20.069497680664064 20.42041778564453
C 5.876887119128344 3.162018027671654 -0.3009126331663897 -23.215203857421876 291.2921630859375 92.84286499023438
O 6.267928738597179 3.5299075872625396 0.7910405530139148 31.225866699218752 -142.23375244140627 63.62366333007813
N 5.3429747929641005 4.158848700466209 -1.0151231854295772 -52.3455078125 -129.83699951171874 -146.82105712890626
H 5.146917289002721 3.9643578614046255 -1.976040069451098 -13.452120971679689 -32.81487121582031 -12.803779602050781
C 5.030705432945365 5.535882603134189 -0.6512965012276005 146.92188720703126 151.71937255859376 12.183642578125001
H 5.825311956977748 5.924693150167498 0.0018296201986098617 21.917861938476562 -21.503323364257813 -51.493408203125
C 4.982357116418761 6.378594450793127 -1.9403110579613552 98.65048828125 50.14362487792969 -109.50869140625001
H 4.18106057142974 6.019783952112649 -2.5750571708101457 -12.415823364257813 -21.87489013671875 -7.6623886108398445
H 4.766104383004893 7.491680692062097 -1.8332714759641389 54.91504516601563 -132.31116943359376 43.74824523925781
H 5.95901002946283 6.193904406398954 -2.4825488934016686 -101.48167114257814 52.71777954101563 45.65587158203125
C 3.8516381116941067 5.838483166663674 0.19905478898515921 -171.87510986328127 76.26485595703126 130.46070556640626
O 3.509811405047806 7.00263538880289 0.42080916511469924 -19.77613220214844 -24.266995239257813 -36.368481445312504
N 3.243286910583174 4.825861074902866 0.7960209417750218 -70.48563232421876 71.64705810546876 35.35413513183594
H 3.8730182333601286 4.143369186116415 0.9905674128257962 134.96055908203127 -194.27222900390626 -15.7306884765625
C 2.092770638560623 4.758898144640313 1.687725956903322 26.393792724609376 37.981607055664064 -92.44781494140625
H 1.8571347320195892 3.7061675659295066 1.669941865054485 -32.382293701171875 -28.23835144042969 67.25072021484375
H 2.3798151855259295 5.151206770241687 2.6677659980640724 -24.263818359375 -12.928092956542969 4.961203002929688
H 1.2281550818382845 5.268009732908135 1.2633538431454565 8.473892211914062 32.135806274414065 5.106457138061524
22
35.783172607421875
H 6.756123686904907 1.19267978815998 -0.30889063447010023 -137.35421142578124 -27.38843688964844 27.052252197265627
C 5.936359889750681 1.7540382673171817 -0.8157034736865447 148.85272216796875 106.9442138671875 -126.11282958984376
H 4.91531551811201 1.468478755765357 -1.0309013570035352 -2.6710037231445316 -112.32087402343751 69.89608764648438
H 6.367085951165094 1.8110725806767802 -1.8144358373120808 -8.417768096923828 13.640762329101562 -0.049904036521911624
C 5.877995318474061 3.160387846916659 -0.30043969455858316 -20.722402954101565 292.9656494140625 111.87894287109376
O 6.265332493323915 3.5314635977352826 0.7946780220329834 27.72713317871094 -147.422998046875 52.739208984375004
N 5.345678294948736 4.15786067195034 -1.013153375058022 -58.471240234375 -120.4950439453125 -158.26163330078126
H 5.15264053495121 3.963316115135439 -1.9734744731673206 -13.965615844726564 -34.96865539550782 -16.719256591796874
C 5.029458547592176 5.538785308672613 -0.6579863595778178 152.42894287109377 123.92095947265625 35.97630615234375
H 5.831000997846022 5.919795867451948 -0.00916091146981875 17.060519409179687 -14.89976043701172 -49.11483459472657
C 4.983419116069889 6.377790207496302 -1.9423950491765505 97.9368896484375 53.96041259765625 -119.5466064453125
H 4.177398414775487 6.012823243801781 -2.571339808539002 -4.81414909362793 -18.26551513671875 -8.721026611328126
H 4.7537467374393705 7.489808883025359 -1.8266607483339272 61.64752197265625 -137.3287353515625 36.449530029296874
H 5.96842942219867 6.192666708292411 -2.4821189630627503 -117.92913818359375 58.14996337890625 50.27792053222657
C 3.8501126717772727 5.838006307168829 0.19794931255624765 -162.53764648437502 99.23992919921875 120.076708984375
O 3.510192436296005 7.003231771386829 0.4199439438278127 -21.070411682128906 -27.55377197265625 -35.38992004394532
N 3.243294409208266 4.82897168107705 0.7951389456497537 -34.368524169921876 22.116133117675783 46.95063781738281
H 3.8910259732687362 4.143732315058848 0.98996864082661 97.89153442382813 -160.15277099609375 -20.791567993164065
C 2.0922068826852165 4.7580557184671175 1.6864974316040708 34.73580322265625 55.432427978515626 -71.13612060546875
H 1.8608183409224355 3.7109644060653046 1.6845647787850089 -37.06579284667969 -45.35508422851563 59.3558349609375
H 2.3678006962366807 5.149988679863676 2.6726998555399657 -19.942752075195315 -11.90041732788086 -4.843025970458985
H 1.2304383022017436 5.267912115363748 1.2642004918999015 1.0495927810668946 31.68160095214844 0.03327035903930664
22
33.29608154296875
H 6.748232549385 1.1979389181615323 -0.2966475309148884 -123.1025390625 -41.915521240234376 29.495785522460938
C 5.937457316771086 1.7499531002071522 -0.813176713418702 101.47639770507813 129.9240478515625 -116.85322265625001
H 4.90869331054601 1.4683034811473754 -1.035033528554998 16.73273162841797 -109.15072021484376 77.37825927734376
H 6.358810307949869 1.8180455763708054 -1.8060173492543452 7.292713928222657 7.4152679443359375 -19.83009948730469
C 5.878982098597314 3.1590640632312565 -0.29974707111716403 -17.878411865234376 291.6846923828125 129.48881835937502
O 6.262794561170449 3.532776950785878 0.79841899594635 24.278295898437502 -151.70989990234375 42.51981811523438
N 5.348409543193552 4.156672495735412 -1.0114188832572197 -64.37304077148438 -109.16513671875 -167.5666015625
H 5.15813006591653 3.9622096641290487 -1.9706844364069587 -14.625575256347657 -37.67300720214844 -22.036718750000002
C 5.028690281891367 5.541644101382824 -0.6648290649072152 153.33829345703126 95.86991577148439 58.851251220703126
H 5.836244998652598 5.914981250742887 -0.02101875632530824 14.496697998046876 -7.753810882568359 -45.05083312988282
C 4.984729667772617 6.377152169615064 -1.944795456723921 89.8033203125 48.20684509277344 -123.58280029296876
H 4.173751632927644 6.005212273744069 -2.5673227323397176 3.1322950363159183 -13.844490051269531 -9.967049407958985
H 4.742843826430172 7.484176173922662 -1.8186005011066821 66.25426025390625 -131.98414306640626 29.049298095703126
H 5.975027942512496 6.192555471793149 -2.4801296970374804 -125.43476562500001 61.8980712890625 49.73472900390625
C 3.848107688180993 5.837669709968183 0.19717061775552505 -148.34364013671876 120.3436767578125 106.38187255859376
O 3.510668565513557 7.003768123319184 0.41905020832145584 -23.49452819824219 -29.247314453125 -33.59278869628906
N 3.2432341689946718 4.832090776553209 0.7940766239455915 3.3186416625976562 -30.638586425781252 60.64949340820313
H 3.90892414581319 4.143148174183907 0.9902591173604053 58.5105224609375 -123.6601318359375 -27.131341552734376
C 2.0918831750344227 4.757241509954006 1.6851329326624849 38.58836364746094 68.99794311523438 -50.70422973632813
H 1.8634875445480834 3.7145839234756206 1.7008597014835494 -40.32572631835938 -57.951025390625006 50.76214294433594
H 2.355368337354264 5.148195029349015 2.677075748256203 -14.467707824707032 -9.816854858398438 -13.278994750976564
H 1.232703198734963 5.269043244230862 1.2654821651537356 -5.176597595214844 30.17017822265625 -4.716779708862305
22
60.23358154296875
H 6.31689571420684 1.1097546082708631 0.011487776878695285 114.0086669921875 10.338811492919923 69.62027587890626
C 5.958678302059304 1.755825666866284 -0.7493296790252242 -3.7709171295166017 4.526954650878906 77.96693115234376
H 5.045377731130795 1.1928405886708213 -0.7557709955789192 -93.43522338867189 69.603564453125 -67.45255737304687
H 6.557071678946418 1.6000464464450137 -1.6544855541081585 -11.9473876953125 47.15119934082031 11.272450256347657
C 5.861376988010564 3.220903145603362 -0.20366248239430615 3.5268203735351564 -41.507568359375 -143.0686767578125
O 6.2132839745519295 3.504934876973864 0.9428014329692186 -40.81835021972657 -11.49945755004883 -38.62530212402344
N 5.400376775145711 4.1225255899171085 -1.1089263215150327 19.19989929199219 -201.7749755859375 173.52590332031252
H 5.1384222365270835 3.6865444353606636 -1.9897551096513704 -13.009805297851564 99.08130493164063 0.753130865097046
C 5.1049685353631915 5.507329224829939 -0.7369720160656024 -167.81136474609377 256.230224609375 -130.31358642578127
H 5.936100713607012 5.949580577143131 -0.17418824328941268 3.2184024810791017 -35.35437927246094 -5.658457946777344
C 4.975956024557129 6.349173908434636 -2.0689920897212946 -54.58336181640625 -138.10433349609374 171.65982666015626
H 4.205108261805377 5.887052396498726 -2.698293080420876 14.693695068359375 38.99616088867188 -13.857887268066406
H 4.775719095832541 7.354503120604244 -1.8001488616071937 -77.28010253906251 75.6489013671875 11.184596252441407
H 5.886030035904653 6.499353262204817 -2.5428716343095 137.4223388671875 -55.29111938476563 -85.701904296875
C 3.7898542828773563 5.859581409520718 0.12265706830339193 131.21595458984376 47.426446533203126 116.7498779296875
O 3.5157785323739437 7.049778226170642 0.39918310143499536 -40.80480041503907 -115.73841552734376 -84.23263549804688
N 3.2473643608785068 4.860776123529007 0.8369966326989696 32.201690673828125 41.656655883789064 -116.91976318359376
H 3.990525570700591 4.306470807687109 1.103812335819518 86.80650024414064 -171.40030517578126 29.836279296875002
C 2.0725529794364803 4.752499827446019 1.6715330699021214 -57.95045776367188 53.19303588867188 -132.89951171875
H 1.8370701850003612 3.6600181040534214 1.7930424372288856 25.21198425292969 98.49705810546875 56.653350830078125
H 2.3371878528370074 5.372998408706977 2.5370022918914943 -59.49122924804688 -54.356274414062504 37.95745849609375
H 1.223005760347263 5.2052071898449634 1.1003883254213154 53.39703979492188 -17.32348175048828 61.55021362304688
22
63.556243896484375
H 6.323384195761998 1.1129904311750622 0.018929980371189207 103.37239990234376 16.23420867919922 64.44574584960938
C 5.9579838996881405 1.757453638828248 -0.744876464806939 31.655505371093753 9.163433837890626 81.06461791992189
H 5.050748760329284 1.207859211551688 -0.7580616017180011 -119.861181640625 49.24225463867188 -66.83901977539062
H 6.565912872794501 1.5920726511783523 -1.6421932976447582 -14.316999816894532 52.179351806640625 8.933099365234375
C 5.859221023213166 3.222225435611909 -0.2048239871750451 18.23815460205078 -39.67340698242188 -113.935595703125
O 6.212486566250824 3.503479700290151 0.9483655858975444 -50.23426208496094 -11.658960723876953 -66.54932250976563
N 5.400997104985335 4.1221774586135504 -1.1129206213512444 25.221438598632815 -205.50517578125002 190.17363281250002
H 5.1333505472393695 3.683759757919642 -1.9874324763248772 -15.596339416503907 96.90974731445313 -10.142668914794923
C 5.107679931338804 5.503255544728872 -0.7369569950775257 -183.34971923828127 278.300048828125 -140.4712646484375
H 5.932359320098072 5.948797803180636 -0.1675606670271283 7.412736511230469 -37.766412353515626 -8.721239471435547
C 4.975278109014063 6.348762340766019 -2.0724035052824243 -40.6866943359375 -136.76066894531252 189.5876220703125
H 4.209046671988286 5.889233540701364 -2.6976609091722166 2.777067565917969 29.14621276855469 -25.09755859375
H 4.77078918468317 7.356023244359516 -1.8141695074881485 -75.68577270507812 74.34225463867188 16.365829467773438
H 5.885645435455738 6.4967888233701885 -2.5448763674194823 138.6362060546875 -54.502197265625 -87.1556884765625
C 3.7897166049854474 5.856606828329679 0.11894448030555631 125.49542236328125 74.65196533203125 128.72830810546876
O 3.5155297145336792 7.052478515115509 0.398728373423936 -33.751470947265624 -142.9096923828125 -93.48426513671876
N 3.248314569458743 4.861317584929326 0.8394592250620665 13.687525939941407 57.185217285156256 -129.08642578125
H 3.9841898159036537 4.3089379764191005 1.1037451350312826 106.92781982421876 -186.88930664062502 37.75218505859375
C 2.0720908870622514 4.754136056798047 1.671128150396 -56.0106201171875 45.484780883789064 -150.3670654296875
H 1.8419077885766542 3.66202252395569 1.7869134416099413 22.416989135742188 93.33107299804688 62.36152954101563
H 2.3324417544562714 5.37643423711763 2.5289636719784694 -56.0712890625 -46.84361877441407 53.589080810546875
H 1.223513491274518 5.200490304901794 1.0973318837474393 49.72309265136719 -13.661117553710938 58.84844970703125
22
65.23785400390625
H 6.33202409354117 1.1170519960310235 0.027574767433611584 90.63291625976564 22.586349487304688 56.846343994140625
C 5.95744451215349 1.759045156311846 -0.7402046131509392 64.24373168945313 12.544747924804689 87.09437866210938
H 5.054010234981811 1.2242493623939983 -0.7621117694989593 -142.16021728515625 30.164505004882812 -65.95463256835937
H 6.574244248565976 1.585578921890792 -1.6295243915371356 -15.915675354003907 56.2430419921875 5.3885337829589846
C 5.857248214896122 3.223491231992618 -0.20634363008843415 33.35212707519531 -38.24125671386719 -82.49959106445313
O 6.2115887402635215 3.5020597083368346 0.9537317915569342 -59.6294189453125 -11.815626525878907 -94.95944213867188
N 5.401735837667409 4.121674082955898 -1.1167236652155008 30.233029174804688 -205.8940185546875 204.88271484375002
H 5.1283310442274574 3.6820165437763572 -1.9852147018670498 -18.150205993652346 93.55474243164063 -21.098187255859376
C 5.1102449026174614 5.499524209375204 -0.7372538714934103 -199.71566162109377 296.9017333984375 -148.95889892578126
H 5.928029601583828 5.94774968528541 -0.16142210095350243 12.859474182128906 -39.22918701171875 -10.97135696411133
C 4.974506433319624 6.348206909320972 -2.0755826461894844 -17.948893737792968 -126.54279785156251 202.8841064453125
H 4.213184479685367 5.891402301648862 -2.696707314349724 -9.869409179687501 18.747132873535158 -36.588922119140626
H 4.764600225086554 7.359476548917635 -1.827010105894564 -71.85791625976563 66.471875 19.375279235839844
H 5.888840456918719 6.492951627294032 -2.548691586422472 129.63533935546874 -54.34708862304688 -83.20531616210938
C 3.7895909618877144 5.85382904585145 0.11534983663631156 120.89991455078126 100.007568359375 139.5791748046875
O 3.5153711659303233 7.055009335184547 0.39813870086028874 -27.374832153320312 -168.2423828125 -102.07098999023438
N 3.249376928323766 4.861932132201207 0.8417971306309115 -0.4598099708557129 68.89356689453125 -138.399755859375
H 3.9787396627778424 4.309886474667661 1.1044559932438376 122.48659667968751 -198.29700927734376 43.41415100097657
C 2.0716811230514725 4.755795146186717 1.6705073137123738 -49.75584106445313 40.42852783203125 -163.3211669921875
H 1.8473224538835815 3.666111881798985 1.7821324289317255 18.368550109863282 82.8417236328125 67.39454345703125
H 2.325913600422788 5.378678847948679 2.52199699373498 -51.77857055664063 -38.50627746582032 68.38937377929688
H 1.2251900381660459 5.1954331951602715 1.0960139024578182 41.90477600097657 -8.269893646240234 52.77966918945313
22
65.17184448242188
H 6.342400788756191 1.1218290963494926 0.037357905546415604 76.19404296875 29.098867797851565 47.172949218750006
C 5.957087739164572 1.7605703735093614 -0.7352327980169225 90.73369750976563 13.413418579101563 95.84539184570313
H 5.054443427341778 1.2412996666832823 -0.7673778676344961 -157.79860839843752 13.940235900878907 -64.73511962890625
H 6.581535553378814 1.580339176320328 -1.6166966366814868 -16.46373291015625 59.367462158203125 0.5449191093444824
C 5.855487067143521 3.224665037821901 -0.2080391234033331 48.30761413574219 -36.98382568359375 -50.44312133789063
O 6.21060331672318 3.5006419240216076 0.9588644051739605 -68.71698608398438 -11.812525939941407 -122.9169189453125
N 5.40248759320132 4.121080834935342 -1.1202846735760177 34.41449890136719 -203.844677734375 217.71367187500002
H 5.123193238989746 3.681575939850537 -1.98329198257144 -20.465277099609377 89.06191406250001 -31.607669067382815
C 5.112627871681557 5.496051863075747 -0.7377896319224349 -217.1630615234375 312.56804199218755 -155.50197753906252
H 5.922859679004485 5.946414632080055 -0.15544813654803957 19.68624267578125 -39.80928039550781 -12.508729553222658
C 4.973613549527583 6.347431781896633 -2.0783896315694355 11.963121795654297 -108.42496337890626 210.49943847656252
H 4.217181747168297 5.893219464413093 -2.6957723580917783 -22.15192565917969 8.543449401855469 -47.203588867187506
H 4.7571645831149425 7.364787111671399 -1.8384208868706453 -65.63972778320313 52.02447509765625 20.247212219238282
H 5.895373285468493 6.487227964938604 -2.5542549758146182 110.91236572265626 -54.4618408203125 -74.069384765625
C 3.78943660111172 5.85131325926329 0.11190689383474624 117.6447021484375 122.55935058593751 149.3374267578125
O 3.5153958152120723 7.057356726475219 0.39743647804650883 -21.84771728515625 -191.2421630859375 -109.86092529296876
N 3.250548337679934 4.862624257541233 0.8441141051649403 -8.714289093017578 75.4722412109375 -144.312646484375
H 3.974425064913495 4.308490175882641 1.1059279896866576 131.74825439453124 -204.10518798828127 46.05535888671875
C 2.0712332043725503 4.757386306524879 1.669690972556974 -39.24013977050782 38.422827148437506 -171.0023193359375
H 1.853158748735557 3.6718752557069183 1.7785864543140395 13.319052124023438 67.85860595703126 71.74979248046876
H 2.31788757628137 5.3800180566967555 2.5163501732860665 -47.10961608886719 -30.23420104980469 81.40991821289063
H 1.2277669626115748 5.1900376267006 1.0963863445015063 30.387496948242188 -1.4122091293334962 43.58629150390625
22
63.609893798828125
H 6.354471883074993 1.1272271008502361 0.047969825760958776 59.988946533203126 35.593475341796875 35.675454711914064
C 5.956905790758688 1.76205748453732 -0.7300329023224345 109.4164306640625 10.95888900756836 106.29464111328126
H 5.0514000196248885 1.2588575478380597 -0.7744536223713538 -164.77272949218752 1.4434651374816896 -62.8795166015625
H 6.587991579459334 1.5766301846681718 -1.6039397224562568 -16.217854309082032 61.575732421875 -5.1824493408203125
C 5.853847362675481 3.2256932660900413 -0.20989274201090316 63.03446655273438 -35.563232421875 -18.13225555419922
O 6.209523231940354 3.4992230000257862 0.96371113976151 -77.47965698242189 -11.671135711669923 -150.2610595703125
N 5.403161592821255 4.120388434064838 -1.1236740326371915 37.98292846679688 -199.83226318359377 229.16767578125
H 5.117709712375774 3.682306069112775 -1.9815643394352471 -22.616819763183596 83.46597290039062 -41.92710876464844
C 5.114851231235451 5.492758032342481 -0.738602670108932 -235.2901123046875 326.1126953125 -160.04073486328127
H 5.917250425765616 5.944850299655402 -0.15012781107436882 27.498196411132813 -39.70254211425782 -13.182843017578126
C 4.97276289731081 6.346504707758038 -2.080804902147244 45.23030700683594 -86.44637451171876 211.201171875
H 4.220454210914975 5.894315697024751 -2.695093140519893 -32.20725708007813 -0.42896237373352053 -55.743524169921876
H 4.7487104735344365 7.371231973088632 -1.8492508611260419 -57.70369873046875 33.451681518554686 20.182727050781253
H 5.90452808582154 6.4802039653537635 -2.5610603338548636 84.78289794921875 -54.6505615234375 -60.992773437500006
C 3.7892267134758884 5.849042671673573 0.10863379752840122 115.79255371093751 142.17078857421876 157.75501708984376
O 3.5154786095004456 7.0594219558458695 0.3966325579992287 -17.071250915527344 -211.6154296875 -116.86356201171876
N 3.2517144947512486 4.863380062394997 0.8462915042106789 -10.237352752685547 76.31193237304687 -146.84141845703127
H 3.9715005750551153 4.304927057376731 1.1081446710741283 134.11787109375 -203.88126220703126 45.62497253417969
C 2.0707288094151406 4.75893168646129 1.668538918095945 -25.109478759765626 41.70505065917969 -172.40421142578126
H 1.8594582693313042 3.6795382997534167 1.7763706309798086 7.196087646484376 47.863153076171876 75.42957763671875
H 2.308584478814215 5.380956103221818 2.5122662541047394 -42.46535339355469 -23.108906555175782 91.2292236328125
H 1.23088077611602 5.18463196495527 1.0981462166952363 16.130856323242188 6.2478378295898445 31.89101257324219
22
54.10894775390625
H 6.247467708277271 1.2791949555010205 0.40895176411520495 29.266531372070315 -7.365367889404297 -11.365869903564453
C 6.04291953683234 1.771550609117605 -0.5424540406486993 -33.01799621582031 76.76908569335937 62.4243408203125
H 5.081701742730691 1.3094405327315384 -0.8148502379595578 25.886453247070314 51.440521240234375 -30.677947998046875
H 6.851624249732088 1.5008211955099848 -1.2372195293077677 -22.411949157714844 55.409393310546875 5.3651977539062505
C 5.909000511855677 3.299207543969922 -0.1694679738558253 -62.70341796875 -266.35141601562503 169.74663085937502
O 6.039613332288257 3.5512873443776716 1.0553147990240686 29.330606079101564 67.51303100585938 -188.53041992187502
N 5.31862722237906 4.091695321345387 -1.0602212818774512 19.063264465332033 -269.8328369140625 -2.3261075973510743
H 4.887721408658596 3.569182073260746 -1.8472146349041347 52.52445678710938 120.71541748046876 45.30666198730469
C 5.038766974817261 5.453823766101568 -0.8064591473843746 -243.791259765625 306.0107666015625 -51.66587524414063
H 5.77454188681174 5.92752227981014 -0.1449156058874475 70.7493408203125 -50.388928222656254 -63.37868041992188
C 5.026470952231917 6.18755292256644 -2.204234826477477 -31.996395874023438 -57.01585693359375 157.92725830078126
H 4.203255883355404 5.870143833358618 -2.894430102936938 53.992852783203126 14.421430969238282 67.49569091796876
H 4.997769933345578 7.255223206647615 -1.9868178900463838 -16.149896240234376 9.454258728027344 -32.24596252441406
H 5.987855088767535 5.951256317663053 -2.596892927851429 50.947155761718754 9.978256988525391 -82.65189819335939
C 3.7886639111564935 5.847766660010349 0.08909961137349603 290.0164306640625 -64.00451049804688 19.783457946777347
O 3.548138227175171 7.042776434670859 0.23529192866335838 -112.18572998046875 -17.18958892822266 -21.730357360839847
N 3.373644625421901 4.902760057936392 0.9437015358405758 -24.32720184326172 -175.13332519531252 -97.58017578125
H 3.7130191353403696 3.9286839908619764 0.8963072366216879 79.69048461914063 121.80430908203125 -37.63493347167969
C 2.11823668903375 4.869157537266106 1.5571438457828708 -315.61540527343755 91.29871826171876 101.962744140625
H 1.9033248162657046 3.834458043124705 1.9699482565870134 20.11851043701172 117.08995361328125 -36.936230468750004
H 2.021013617518603 5.657157807720862 2.348088809358363 43.2194091796875 -73.34360961914062 -36.959606933593754
H 1.3081409091330376 5.177235148147496 0.8218901319696743 97.39376831054688 -61.2797119140625 63.672094726562506
22
60.9517822265625
H 6.254841427271693 1.2968587826134441 0.42346236495585177 22.03683776855469 -15.190780639648438 -31.414587402343752
C 6.043681307347214 1.767621654402295 -0.543781764330119 28.222161865234376 108.1718505859375 91.58915405273439
H 5.101393358371914 1.3114882524194929 -0.8243954141531008 -17.350979614257813 30.428454589843753 -35.70987548828125
H 6.858129963067934 1.4961305891450172 -1.2392366632202942 -30.363461303710938 59.2311279296875 16.42932891845703
C 5.909601544644152 3.2980583577744094 -0.16481489535592792 -78.58373413085938 -255.4681396484375 134.24130859375
O 6.038117601517021 3.55483939424235 1.0592670648941223 30.874481201171875 63.717907714843754 -187.6656005859375
N 5.314436529454553 4.090685456749297 -1.0619655509354504 36.65644836425781 -293.43125000000003 19.125474548339845
H 4.88514236245874 3.562746518930436 -1.8483747620752822 52.71954345703125 127.02171630859375 48.312234497070314
C 5.039298124636208 5.452417704893037 -0.8078451486197622 -248.5035400390625 325.473046875 -41.50819702148438
H 5.771790382092874 5.935755449972039 -0.14020452289221735 65.32471313476563 -62.593719482421875 -73.81321411132812
C 5.028757586641658 6.186747846529704 -2.2072766464364437 -49.81972351074219 -73.15205078125 177.79909667968752
H 4.208348978375637 5.871216900356834 -2.891605163131467 40.06117858886719 9.516704559326172 57.7677001953125
H 4.993880446898395 7.24872114043929 -1.990643255926785 -9.212148284912109 25.40102691650391 -30.838116455078126
H 5.976329685675855 5.933235374002809 -2.6000057925280604 75.17932739257813 12.741747283935547 -91.32014160156251
C 3.788200935541355 5.847371415211706 0.09159017367905481 302.1924072265625 -63.0547119140625 4.145635223388672
O 3.548176228614026 7.044347200562382 0.23212619520364294 -113.48614501953125 -23.341888427734375 -18.450994873046877
N 3.3746748749586097 4.901649152269963 0.9453449168899009 -38.77869262695313 -150.45672607421875 -89.4918701171875
H 3.7013324125361495 3.9292240133731515 0.9027922577198239 94.43973388671876 103.25118408203126 -44.178042602539065
C 2.120095939927205 4.8724394268002005 1.554618893503846 -338.63681640625003 72.45479736328126 109.71488037109376
H 1.9088234333646659 3.8339572564756668 1.980128600620207 20.809077453613284 135.297314453125 -48.98069763183594
H 2.0131338058834913 5.658842711611549 2.3441472105658563 48.98358764648438 -68.40284423828125 -35.63135681152344
H 1.3059253735458505 5.181885793317534 0.8174477907246845 107.23572998046876 -67.61477050781251 69.87786865234375
22
67.60671997070312
H 6.2630292163774115 1.3139803681637898 0.43702274186612544 14.068840026855469 -23.302586364746094 -51.3769775390625
C 6.044444914911913 1.7639215854773915 -0.5450365635758843 86.67330932617188 138.88555908203125 123.0397705078125
H 5.1209521880522715 1.3138766674757072 -0.8349711315753534 -59.20411987304688 9.903014373779298 -40.86246948242188
H 6.864192660783854 1.4934369448499327 -1.2400967550761866 -35.70653381347656 61.81355590820313 24.68807373046875
C 5.910139920636718 3.2964382355322597 -0.16003872490808652 -95.67583618164063 -242.37978515625002 96.9818603515625
O 6.036701052472868 3.558445670604098 1.0630116874550624 32.469390869140625 59.709631347656256 -185.90267333984377
N 5.310247469104006 4.089287583729991 -1.064042565382094 57.89003295898438 -308.53532714843755 49.50181274414063
H 4.88337964973849 3.5588949434593746 -1.848575757706624 49.32137756347657 127.14492187500001 44.12748718261719
C 5.039665553211509 5.451466972864292 -0.8091353652132607 -252.3739013671875 340.19970703125 -34.78288269042969
H 5.769012588380134 5.944499935960809 -0.13764650270885992 61.722692871093756 -73.79774169921875 -81.58067626953125
C 5.030963410493159 6.185853375594426 -2.210154432806984 -58.443066406250004 -87.07406005859376 196.39958496093752
H 4.214137868793765 5.87256561800121 -2.8873283811298185 22.969566345214844 3.537107467651367 45.57624206542969
H 4.989742175362342 7.242826142319691 -1.9947162548157449 -2.231948471069336 39.60968933105469 -29.674346923828125
H 5.966521991697831 5.915129403106883 -2.6050301872965713 92.51703491210938 16.47834167480469 -96.71874389648438
C 3.7879757795369833 5.846820455592213 0.09381033136102276 312.73215332031253 -60.11381225585938 -10.016703033447266
O 3.5481223889629603 7.0459778916284 0.22882223610056984 -114.44471435546876 -31.007186889648438 -15.299714660644533
N 3.375860946575311 4.900255053046358 0.9466743785556841 -58.536407470703125 -115.70279541015626 -79.77424316406251
H 3.6892048447753356 3.9323048654791126 0.9098435694897855 112.30463867187501 74.93718872070313 -51.42310180664063
C 2.121375222684669 4.875683219763756 1.5523331204443496 -348.829833984375 55.524072265625 114.12408447265625
H 1.9152416306508684 3.8362646431478686 1.9890255959452197 19.117071533203127 145.004736328125 -57.359716796875006
H 2.006025598105234 5.6592071977729965 2.3390454698972563 53.4566650390625 -59.656402587890625 -30.352340698242188
H 1.3058459745468267 5.184849040996057 0.8145435884128266 110.20357666015626 -71.17781982421876 70.68567504882813
22
73.55084228515625
H 6.271430573613208 1.3302427412283822 0.44891822598674164 6.192109298706055 -32.26263122558594 -68.74405517578126
C 6.045294900080861 1.760456699679297 -0.5459643777077566 138.0615234375 167.72762451171877 152.51441650390626
H 5.138952947280197 1.316137669233822 -0.8461956278167687 -95.88551635742188 -8.340798950195312 -45.27413024902344
H 6.8698179570567355 1.4925116256499829 -1.2399311662365822 -38.949319458007814 63.27686157226563 30.630572509765628
C 5.9106658538563215 3.294434622257274 -0.15520079953711258 -113.57087402343751 -227.78349609375002 59.4100341796875
O 6.035269102819054 3.5621272322236255 1.0665854344651344 34.15518798828125 55.499261474609376 -183.6067626953125
N 5.305960895553245 4.087417938930206 -1.0662521261290558 82.41002197265625 -314.05576171875003 88.00308227539062
H 4.88238439461638 3.5577856958040233 -1.8477063409056849 42.30103454589844 120.72496337890625 32.62143249511719
C 5.039835899816238 5.4509770441041 -0.8102747188383934 -256.9300048828125 348.59248046875 -32.20220642089844
H 5.765702816726877 5.952989441316903 -0.13742602893499445 61.44238891601563 -82.71987304687501 -85.45185546875001
C 5.0330398604802165 6.184804775312908 -2.2127094356926027 -56.55791015625 -96.94682006835939 211.5010986328125
H 4.220204011931649 5.874284596301166 -2.882001390318753 3.859891891479492 -3.1444791793823246 32.04182434082031
H 4.985907919528441 7.238436945798629 -1.9991110664723732 4.523455810546875 49.56147766113281 -28.993588256835938
H 5.959172553223552 5.897327391236068 -2.61253680951649 100.78347778320312 21.633790588378908 -97.64744262695314
C 3.7879578459641428 5.8462389179406244 0.0958691087909076 321.8719482421875 -56.34261474609375 -22.775653076171878
O 3.5480371596000286 7.047614849953696 0.22547638162376377 -115.23177490234376 -39.26163940429688 -12.180477905273438
N 3.377151699285015 4.898682045945713 0.9478669979022226 -82.46666259765625 -72.86956176757813 -69.10501708984376
H 3.6765471482211427 3.93737315443837 0.9174711665544713 132.50118408203124 38.93623657226563 -59.14276123046875
C 2.122076367418387 4.8788897149133685 1.550258104240768 -345.668603515625 42.54869079589844 115.89321289062501
H 1.9228450154347112 3.8416147809651657 1.9963910324075536 14.693592834472657 145.445751953125 -61.51318359375
H 2.000014105291588 5.658631945629216 2.332926667899644 56.542816162109375 -47.95384826660157 -21.668261718750003
H 1.3080604566422427 5.186879189212641 0.8135236773046911 105.92202148437501 -72.2656005859375 65.68972167968751
22
78.44976806640625
H 6.279875565554845 1.345018348686076 0.459069150976817 -1.4039884567260743 -41.318240356445315 -83.67747192382814
C 6.046308672985644 1.7573710280015031 -0.5466060470612635 178.04656982421875 192.22255859375002 179.727783203125
H 5.154553545739343 1.3174347879587998 -0.8582973883597299 -124.41519775390626 -22.53433532714844 -47.853308105468756
H 6.874449992788162 1.4935039697359076 -1.2387248991713524 -38.8940673828125 63.4101806640625 33.490725708007815
C 5.9112139394941 3.2920648770424137 -0.15031276309058977 -131.9922607421875 -211.918212890625 22.166902160644533
O 6.0338249148938905 3.565850697601496 1.0699824137682477 35.945629882812504 51.003237915039065 -180.7867431640625
N 5.301631405481672 4.084996857400142 -1.06842870538657 108.24239501953126 -310.773583984375 131.139111328125
H 4.88189031188729 3.559080803657824 -1.846522760812758 33.202337646484374 109.3123046875 16.538963317871094
C 5.039794330362465 5.450958360639255 -0.811204213239114 -261.7427001953125 350.259423828125 -33.6351318359375
H 5.762198638437249 5.961190207882981 -0.1399190591869603 64.27825927734375 -89.20438232421876 -85.12765502929688
C 5.0349736760833235 6.18366541625499 -2.2147244606642555 -46.43408813476563 -103.56561279296875 221.54128417968752
H 4.225775353863501 5.875947639936817 -2.8756153336977115 -15.46174774169922 -9.698633575439453 18.491506958007815
H 4.982325306427809 7.235736856103379 -2.0035372624398655 11.030873107910157 54.89024047851563 -28.91646728515625
H 5.954124431187726 5.879855977792063 -2.622432741447827 100.30756835937501 28.47992858886719 -94.08792724609376
C 3.7881657835759306 5.845669557933472 0.09783371388733218 329.3751953125 -51.42828369140625 -33.79903869628907
O 3.547866822088641 7.049340909995808 0.22215780799213974 -115.73802490234375 -48.33488159179688 -9.124536895751953
N 3.3786182911194325 4.896958906364888 0.9490379038178443 -109.13392333984376 -24.363687133789064 -58.212805175781256
H 3.6638362228972814 3.9438911503129885 0.924969445038719 153.79166259765626 -2.4692724227905276 -66.751416015625
C 2.122268468787343 4.881890687599002 1.5484783359658532 -330.96184082031255 33.598696899414065 114.066943359375
H 1.9309957407358205 3.849858939930431 2.002280800522052 8.149044036865234 136.84355468750002 -61.380566406250004
H 1.994796026714554 5.657000788712895 2.3257460924052404 58.341455078125 -33.197357177734375 -9.51493377685547
H 1.312261186449307 5.187877769910344 0.8141694319080078 95.466845703125 -71.21365356445312 55.70479736328125
22
82.23056030273438
H 6.288721321977304 1.358206619056431 0.4671483243406194 -8.593324279785156 -50.44518737792969 -95.06517333984375
C 6.04760197909609 1.7547517707330507 -0.5468522055007299 205.40847167968752 211.34775390625 202.34776611328127
H 5.167225449705891 1.3178319451116915 -0.8711380191949636 -143.3322509765625 -32.225537109375004 -47.97664794921875
H 6.878479565754825 1.4964949513797796 -1.236307248858391 -36.07873229980469 62.30017700195313 33.41725463867188
C 5.911771383920663 3.2892374379037026 -0.14554569522310976 -150.4350341796875 -194.14814453125 -13.379344177246095
O 6.032458624169243 3.5695675157236573 1.0731086779362689 37.75337219238281 46.039746093750004 -177.91483154296876
N 5.297382217791249 4.08204921741211 -1.0705772349814815 134.56728515625 -299.860107421875 177.3482421875
H 4.881590714153996 3.5625328737656026 -1.8451872404216618 22.72525329589844 93.82357788085938 -3.0277473449707033
C 5.039676110486835 5.451336792982039 -0.8119229203812611 -267.926708984375 345.115234375 -40.0428466796875
H 5.7581459250784945 5.969139761316561 -0.145314004420848 71.11516723632813 -92.83911743164063 -79.99618530273438
C 5.036852261345302 6.182298057176787 -2.216366605572683 -29.15633239746094 -107.6012451171875 226.97145996093752
H 4.230995263171653 5.877115761577285 -2.8685962411160566 -34.55673522949219 -15.896601867675782 5.258788299560547
H 4.979235673144607 7.234375940352882 -2.007943144734849 17.031918334960938 56.09953002929688 -29.498486328125
H 5.951436095792467 5.862932416180255 -2.6342963428802952 92.09048461914062 36.93788146972656 -86.41914672851563
C 3.7886609903541864 5.845069396172876 0.09959374585224569 335.216943359375 -45.20495300292969 -43.14145202636719
O 3.547699250222756 7.051040735130121 0.2188009489847796 -115.99129638671876 -57.8662353515625 -6.181793975830079
N 3.380326324511591 4.895230155503905 0.950108573556257 -137.67213134765626 26.938467407226565 -47.291802978515626
H 3.6517245799401588 3.951452067181171 0.9317003785367918 174.9128173828125 -46.91407165527344 -73.7568359375
C 2.1218521183148047 4.884769134018478 1.5469585399636607 -304.630029296875 29.598852539062502 110.49416503906251
H 1.9396829462735639 3.8607299582552845 2.006756458757163 -0.2468451738357544 120.11807861328126 -57.187719726562506
H 1.990654470209 5.654952122045723 2.31846512010284 58.80372924804688 -17.359950256347656 3.820478057861328
H 1.3184146611586556 5.1875957783101825 0.8160285538976197 78.99397583007813 -67.95814819335938 41.22184448242188
22
85.10699462890625
H 6.297694300566894 1.3695754862618073 0.47314495291146835 -15.121357727050782 -59.3468505859375 -102.28658447265626
C 6.049164697763997 1.7526866401698158 -0.5465354640083939 219.0867431640625 224.22707519531252 218.5244873046875
H 5.176539794645465 1.317226125751807 -0.8846093858323755 -151.5489501953125 -36.91025390625 -45.04143981933594
H 6.882090207918544 1.5013409417156234 -1.2325066129935252 -30.96420593261719 60.139093017578126 30.730322265625002
C 5.912228668633382 3.2860814147948196 -0.14100342140039893 -168.2596435546875 -174.8470458984375 -45.446023559570314
O 6.03116050325387 3.5733604878101537 1.0760569866836862 39.42837829589844 40.45561218261719 -175.92459716796876
N 5.293180599673452 4.078655870833674 -1.0726297940404748 159.75994873046875 -282.5697021484375 223.61550292968752
H 4.881125248548841 3.5679264748541146 -1.84438643420874 12.189532470703126 75.86234130859376 -23.676252746582033
C 5.0395779583562845 5.452185374132627 -0.8123422433236136 -275.83642578125 333.04423828125005 -51.064062500000006
H 5.753488942794178 5.976648499419129 -0.15301870677990614 81.88968505859376 -93.45735473632813 -70.50029296875
C 5.038666039172725 6.180747398062762 -2.2176953628312566 -5.780281829833985 -109.77747802734376 227.3812255859375
H 4.235247950311923 5.877945053178946 -2.8610042282776 -52.395135498046876 -21.501826477050784 -7.003329467773438
H 4.976816154730289 7.234250910860882 -2.0123979190832264 22.473313903808595 53.602081298828125 -30.60218200683594
H 5.951084975142074 5.846608242698962 -2.6480994119963226 76.36723022460937 47.05638427734375 -74.6554931640625
C 3.789376015119721 5.8444841457283285 0.10121102278665833 339.55278320312505 -37.32746887207031 -50.97646789550782
O 3.547519051747212 7.052764757523255 0.21543606192642378 -116.0386962890625 -67.80782470703126 -3.3747024536132812
N 3.382155369590465 4.8936723568898435 0.951179890356495 -166.28385009765626 77.003271484375 -36.83486633300782
H 3.640796085001848 3.9593409170428515 0.9374951635171437 194.44046630859376 -90.80842895507813 -79.81234741210938
C 2.120789742839579 4.887549891666985 1.5457469041189318 -269.62421875 30.69149169921875 104.35000000000001
H 1.9483899317160338 3.8739545692998694 2.0101423714334707 -9.899372100830078 96.42142944335939 -49.384436035156256
H 1.9876279347587313 5.652771045051854 2.3111775987316925 57.973114013671875 -0.8454694747924805 17.95283203125
H 1.325747657779983 5.186457007401892 0.8185810714306414 58.590972900390625 -63.303320312500006 24.028726196289064
22
87.07321166992188
H 6.306416074997604 1.3790001455127352 0.47681154863827113 -20.59131317138672 -68.11868286132812 -104.74871826171875
C 6.0509524379507065 1.7511069760796816 -0.5457873764737695 217.90334472656252 230.8837890625 226.76542968750002
H 5.1821368829702354 1.3156582015956095 -0.899128762412629 -148.41064453125 -36.265447998046874 -38.34298095703125
H 6.884976897106898 1.5079419588692453 -1.2278650428661808 -23.553498840332033 57.02486572265625 25.759942626953126
C 5.912518125300936 3.282632653313431 -0.1367401214071285 -185.13468017578126 -154.6178955078125 -74.0917236328125
O 6.0298125136806355 3.5772023917797697 1.0787634019649603 40.97050170898438 34.262945556640624 -174.72095947265626
N 5.28904817736771 4.07476705178516 -1.07464916775829 182.95740966796876 -259.35581054687503 268.6502685546875
H 4.880271174704698 3.5748740096550966 -1.8443374168827653 2.20125789642334 56.304663085937506 -44.358715820312504
C 5.039325193690166 5.453485274244722 -0.8125530467705546 -284.7073486328125 313.82958984375 -66.15982055664062
H 5.748313023659632 5.983742755926203 -0.16315723323716996 96.1200927734375 -91.16170654296876 -56.95176391601563
C 5.04038852375521 6.178986721107835 -2.218660182646628 20.386181640625 -110.389892578125 221.567724609375
H 4.238333685033596 5.87782389347848 -2.8534241359946373 -67.54772338867188 -25.891467285156253 -17.122695922851562
H 4.974837192411145 7.2351904578736415 -2.0169672012489017 27.1739013671875 47.79146423339844 -32.07964782714844
H 5.95257498183987 5.83159574800109 -2.6636702097872162 55.016534423828126 58.23980712890625 -59.197644042968754
C 3.7901454720694776 5.843895709815222 0.10254555594211534 342.553857421875 -28.069018554687503 -57.252539062500006
O 3.547233391662592 7.054425688793553 0.2119470753094191 -116.0375732421875 -77.77887573242188 -0.6559901237487793
N 3.3841035458450937 4.892248233005546 0.9521363132253408 -193.95159912109375 122.62110595703126 -27.11104736328125
H 3.6319076049872927 3.966734999135355 0.9421120831047802 211.13027343750002 -130.7569091796875 -84.64844970703126
C 2.1190182852942643 4.890200532388745 1.5447075317805825 -225.99736328125002 36.3525634765625 97.69073486328125
H 1.9573249416647387 3.889121867968332 2.01284085525526 -20.574176025390628 67.10252685546875 -38.55760498046875
H 1.9857057401535703 5.650868090242338 2.3041763223545155 55.98893432617188 15.236062622070314 31.569610595703125
H 1.3342261228939887 5.18414169827127 0.821667674489438 34.10363464355469 -57.24364013671875 3.996583938598633
22
88.248046875
H 6.315066128368945 1.3862459218266034 0.4779672511846905 -24.756271362304688 -76.7257568359375 -101.54319458007814
C 6.053133083271063 1.749928656153247 -0.5444495185444757 202.58195800781252 231.69265136718752 225.01005859375002
H 5.183922663992389 1.3133595135529434 -0.9143047329532755 -133.81312255859376 -30.55343933105469 -27.67322998046875
H 6.887906906667944 1.516463596849299 -1.2222906111798895 -15.066331481933595 53.03361206054688 19.118617248535156
C 5.91269846651905 3.2788641025110685 -0.13276155695613234 -200.48199462890625 -133.83439941406252 -97.5185302734375
O 6.028401900971501 3.5810139571864186 1.0813906356884668 42.33595275878906 27.29461669921875 -175.0000732421875
N 5.285084021217172 4.07032805103973 -1.0763747397004866 202.58470458984377 -231.81828613281252 309.2352294921875
H 4.87870145107407 3.5829082069260467 -1.8452579280367851 -6.09309196472168 36.580328369140624 -62.94270629882813
C 5.038927825870429 5.45501657331647 -0.8125279974602856 -292.781982421875 289.4685546875 -83.201025390625
H 5.743150587369527 5.990507796815907 -0.17498237621394933 112.06495361328126 -87.007421875 -41.06371765136719
C 5.042232031188093 6.176973018775831 -2.21925002689947 45.25900573730469 -109.92987060546875 208.962109375
H 4.239493042274 5.876808464989107 -2.8460471970282075 -78.0026123046875 -28.54896240234375 -23.88758544921875
H 4.9736535009186165 7.237061220911216 -2.022098924103201 31.170361328125 39.070254516601565 -33.48882141113281
H 5.955451903117969 5.817966872158968 -2.6805448458090027 30.031170654296876 69.7133056640625 -40.995947265625006
C 3.7910767075167073 5.843258837763605 0.10380086920162665 344.12839355468753 -17.16368408203125 -62.31923828125
O 3.5469897518757 7.056001131867786 0.20844292680831045 -115.95809326171876 -87.79751586914062 1.9659296035766602
N 3.3861331506303354 4.890965866428548 0.9530503831714876 -218.82822265625 160.50926513671877 -18.60601348876953
H 3.6258269702180184 3.9729527206767745 0.9454836123206507 224.0119140625 -163.71611328125002 -88.03008422851563
C 2.1168459592393734 4.892555676336452 1.5439403273392995 -177.44041748046877 47.02616577148438 90.61199340820313
H 1.9665075494486042 3.905449660820046 2.0147621919115677 -31.743823242187503 33.637353515625 -24.97509765625
H 1.9848090661179034 5.649839793862061 2.2975525244587005 53.2011962890625 29.5996337890625 43.71063232421875
H 1.343285478010294 5.180652460167377 0.824999634812368 7.596330261230469 -50.530310058593756 -17.369305419921876
22
88.64675903320312
H 6.323233593652201 1.391259104546427 0.4764475743822516 -27.32289733886719 -85.03350830078125 -92.32360229492188
C 6.055666793582852 1.749345818822248 -0.5425972454562766 175.77095947265627 226.824560546875 212.5864013671875
H 5.1824878960936225 1.3109553692487372 -0.9297713064687024 -109.88206787109375 -20.877001953125003 -13.669627380371095
H 6.891219075394762 1.5267637503092668 -1.215951345856991 -6.459757995605469 48.52920227050782 11.519866943359375
C 5.912681660554266 3.274790553464868 -0.12922127973463574 -213.9302734375 -111.81505126953125 -114.95644531250001
O 6.026960100986968 3.5848362942265255 1.0837636534684012 43.524731445312504 19.404327392578125 -176.73834228515625
N 5.281273287590892 4.065531612657539 -1.0777110573575661 216.90224609375002 -201.9822509765625 341.84758300781255
H 4.876127019346008 3.5917795762593894 -1.847840754433775 -11.304383087158204 18.423318481445314 -76.6722900390625
C 5.038262391113637 5.456911648390435 -0.8123536331931708 -297.5197265625 261.1415283203125 -99.78890991210938
H 5.738501061748123 5.9973042895941635 -0.187434244534016 127.44852294921876 -82.30984497070312 -25.079023742675783
C 5.044211357361011 6.174734542726252 -2.2195730093093804 65.96912231445313 -108.98179931640625 188.74941406250002
H 4.238239468423427 5.874791025329934 -2.839564012756772 -82.01141357421875 -28.89053649902344 -26.08642578125
H 4.973364341086735 7.239580196158895 -2.0277919928411716 34.385659790039064 28.221295166015626 -34.687799072265626
H 5.959431883059016 5.8059802594386 -2.698410583922845 2.709151077270508 80.92669067382813 -20.567001342773438
C 3.7921356856420205 5.8426697872268765 0.10486827181373533 343.8674560546875 -4.213677597045899 -66.04534912109375
O 3.5467160427639506 7.057638729286424 0.20485345862131576 -115.69683837890625 -98.12397460937501 4.4316860198974615
N 3.3881720871096954 4.889919186441754 0.9537950309781176 -240.0709228515625 188.4710205078125 -11.412138366699219
H 3.622550139411013 3.9775029300253335 0.9474423259210929 232.729736328125 -187.66903076171877 -89.99800415039063
C 2.1144110479793823 4.894724167422682 1.5434002276627026 -126.83082275390626 61.830682373046876 83.78308715820313
H 1.9753715384213533 3.922301223170101 2.0160914164126513 -42.644079589843756 -1.8112804412841799 -9.67148895263672
H 1.9851458278559406 5.649887826182107 2.2917361241749803 49.785681152343756 41.54185791015625 53.490167236328126
H 1.3525580066750718 5.176373767800775 0.8280939605530274 -19.420101928710938 -43.606509399414065 -38.711767578125006
